0.100017	7
0.10004	9
0.100063	11
0.100086	13
0.100109	14
0.100132	16
0.100154	18
0.100177	20
0.1002	22
0.100223	24
0.100246	26
0.100269	27
0.100292	29
0.100314	31
0.100337	33
0.10036	35
0.100383	37
0.100406	39
0.100429	41
0.100451	42
0.100474	44
0.100497	46
0.10052	48
0.100543	50
0.100566	52
0.100588	54
0.100611	55
0.100634	57
0.100657	59
0.10068	61
0.100703	63
0.100725	65
0.100748	67
0.100771	68
0.100794	70
0.100817	72
0.10084	74
0.100862	76
0.100885	78
0.100908	80
0.100931	82
0.100954	83
0.100976	85
0.100999	87
0.101022	89
0.101045	91
0.101068	93
0.10109	95
0.101113	97
0.101136	98
0.101159	100
0.101182	102
0.101205	104
0.101227	106
0.10125	108
0.101273	110
0.101296	112
0.101319	113
0.101341	115
0.101364	117
0.101387	119
0.10141	121
0.101432	123
0.101455	124
0.101478	126
0.101501	128
0.101524	130
0.101546	132
0.101569	134
0.101592	136
0.101615	138
0.101638	140
0.10166	142
0.101683	143
0.101706	145
0.101729	147
0.101751	149
0.101774	151
0.101797	153
0.10182	155
0.101843	157
0.101865	159
0.101888	160
0.101911	162
0.101934	164
0.101956	166
0.101979	168
0.102002	170
0.102025	172
0.102047	174
0.10207	175
0.102093	177
0.102116	179
0.102138	181
0.102161	183
0.102184	185
0.102207	187
0.102229	188
0.102252	190
0.102275	192
0.102298	194
0.102321	196
0.102343	198
0.102366	200
0.102389	201
0.102411	203
0.102434	205
0.102457	207
0.10248	209
0.102502	211
0.102525	213
0.102548	214
0.102571	216
0.102593	218
0.102616	220
0.102639	222
0.102662	224
0.102684	226
0.102707	228
0.10273	229
0.102753	231
0.102775	233
0.102798	235
0.102821	237
0.102844	239
0.102866	241
0.102889	242
0.102912	244
0.102934	246
0.102957	248
0.10298	250
0.103003	252
0.103025	254
0.103048	255
0.103071	257
0.103093	259
0.103116	261
0.103139	263
0.103162	265
0.103184	267
0.103207	268
0.10323	270
0.103252	272
0.103275	274
0.103298	276
0.103321	278
0.103343	280
0.103366	281
0.103389	283
0.103411	285
0.103434	287
0.103457	289
0.10348	291
0.103502	293
0.103525	294
0.103548	296
0.10357	298
0.103593	300
0.103616	302
0.103638	304
0.103661	306
0.103684	308
0.103707	309
0.103729	311
0.103752	313
0.103775	315
0.103797	317
0.10382	319
0.103843	321
0.103865	322
0.103888	324
0.103911	326
0.103933	328
0.103956	330
0.103979	332
0.104001	334
0.104024	335
0.104047	337
0.10407	339
0.104092	341
0.104115	343
0.104138	345
0.10416	346
0.104183	348
0.104206	350
0.104228	352
0.104251	354
0.104274	356
0.104296	358
0.104319	359
0.104342	361
0.104364	363
0.104387	365
0.10441	367
0.104432	369
0.104455	371
0.104478	373
0.1045	374
0.104523	376
0.104546	378
0.104568	380
0.104591	382
0.104614	384
0.104636	386
0.104659	388
0.104682	390
0.104704	392
0.104727	394
0.10475	396
0.104772	397
0.104795	399
0.104818	402
0.10484	404
0.104863	406
0.104886	408
0.104908	410
0.104931	412
0.104954	414
0.104976	416
0.104999	421
0.105022	423
0.105044	425
0.105067	427
0.105089	429
0.105112	430
0.105135	432
0.105157	434
0.10518	436
0.105203	439
0.105225	441
0.105248	443
0.105271	445
0.105293	447
0.105316	449
0.105339	451
0.105361	453
0.105384	455
0.105407	456
0.105429	458
0.105452	460
0.105474	462
0.105497	464
0.10552	466
0.105542	468
0.105565	470
0.105588	472
0.10561	473
0.105633	475
0.105656	477
0.105678	479
0.105701	481
0.105724	483
0.105746	485
0.105769	487
0.105791	489
0.105814	491
0.105837	493
0.105859	495
0.105882	497
0.105905	499
0.105927	501
0.10595	503
0.105972	505
0.105995	507
0.106018	508
0.10604	510
0.106063	512
0.106086	514
0.106108	516
0.106131	519
0.106154	521
0.106176	523
0.106199	525
0.106221	527
0.106244	529
0.106267	531
0.106289	533
0.106312	535
0.106335	537
0.106357	539
0.10638	541
0.106402	543
0.106425	545
0.106448	547
0.10647	549
0.106493	551
0.106516	553
0.106538	555
0.106561	557
0.106583	559
0.106606	561
0.106629	563
0.106651	565
0.106674	567
0.106696	569
0.106719	571
0.106742	573
0.106764	575
0.106787	577
0.10681	579
0.106832	581
0.106855	582
0.106877	584
0.1069	586
0.106923	588
0.106945	590
0.106968	592
0.106991	594
0.107013	596
0.107036	598
0.107058	599
0.107081	601
0.107104	603
0.107126	605
0.107149	607
0.107171	609
0.107194	611
0.107217	613
0.107239	614
0.107262	616
0.107285	618
0.107307	620
0.10733	622
0.107352	624
0.107375	626
0.107398	628
0.10742	630
0.107443	632
0.107465	634
0.107488	636
0.107511	638
0.107533	640
0.107556	642
0.107579	644
0.107601	646
0.107624	648
0.107646	650
0.107669	652
0.107692	654
0.107714	656
0.107737	658
0.107759	659
0.107782	661
0.107805	663
0.107827	665
0.10785	667
0.107872	670
0.107895	672
0.107918	674
0.10794	676
0.107963	679
0.107986	682
0.108008	684
0.108031	686
0.108053	688
0.108076	690
0.108099	692
0.108121	694
0.108144	696
0.108166	698
0.108189	700
0.108212	702
0.108234	704
0.108257	706
0.108279	708
0.108302	710
0.108325	712
0.108347	714
0.10837	716
0.108393	718
0.108415	720
0.108438	722
0.10846	723
0.108483	726
0.108506	728
0.108528	730
0.108551	732
0.108573	735
0.108596	737
0.108619	739
0.108641	741
0.108664	743
0.108687	745
0.108709	747
0.108732	749
0.108754	751
0.108777	753
0.1088	755
0.108822	757
0.108845	759
0.108867	761
0.10889	763
0.108913	765
0.108935	767
0.108958	769
0.10898	771
0.109003	773
0.109026	775
0.109048	777
0.109071	779
0.109094	781
0.109116	783
0.109139	785
0.109161	787
0.109184	789
0.109207	791
0.109229	793
0.109252	795
0.109275	797
0.109297	800
0.10932	802
0.109342	804
0.109365	806
0.109388	808
0.10941	810
0.109433	812
0.109455	814
0.109478	817
0.109501	819
0.109523	821
0.109546	823
0.109569	825
0.109591	827
0.109614	829
0.109636	831
0.109659	833
0.109682	834
0.109704	836
0.109727	838
0.10975	840
0.109772	842
0.109795	845
0.109817	847
0.10984	848
0.109863	850
0.109885	852
0.109908	854
0.109931	856
0.109953	858
0.109976	860
0.109998	864
0.110021	866
0.110044	868
0.110066	870
0.110089	872
0.110112	874
0.110134	876
0.110157	878
0.11018	880
0.110202	882
0.110225	884
0.110247	886
0.11027	888
0.110293	890
0.110315	892
0.110338	894
0.110361	896
0.110383	898
0.110406	900
0.110428	902
0.110451	904
0.110474	906
0.110496	908
0.110519	910
0.110542	912
0.110564	914
0.110587	916
0.11061	918
0.110632	920
0.110655	922
0.110678	924
0.1107	926
0.110723	928
0.110745	930
0.110768	932
0.110791	934
0.110813	936
0.110836	938
0.110859	940
0.110881	942
0.110904	944
0.110927	946
0.110949	948
0.110972	950
0.110995	952
0.111017	954
0.11104	956
0.111063	958
0.111085	960
0.111108	962
0.11113	964
0.111153	966
0.111176	968
0.111198	970
0.111221	972
0.111244	974
0.111266	976
0.111289	978
0.111312	980
0.111334	981
0.111357	983
0.11138	985
0.111402	987
0.111425	989
0.111448	991
0.11147	993
0.111493	995
0.111516	997
0.111538	998
0.111561	1000
0.111584	1002
0.111606	1004
0.111629	1006
0.111652	1008
0.111674	1010
0.111697	1012
0.11172	1014
0.111742	1016
0.111765	1018
0.111788	1020
0.11181	1022
0.111833	1023
0.111856	1025
0.111878	1027
0.111901	1029
0.111924	1031
0.111946	1033
0.111969	1035
0.111992	1037
0.112014	1039
0.112037	1041
0.11206	1043
0.112082	1045
0.112105	1046
0.112128	1048
0.11215	1050
0.112173	1052
0.112196	1054
0.112219	1056
0.112241	1058
0.112264	1060
0.112287	1062
0.112309	1064
0.112332	1066
0.112355	1068
0.112377	1070
0.1124	1071
0.112423	1073
0.112445	1075
0.112468	1077
0.112491	1079
0.112513	1081
0.112536	1083
0.112559	1085
0.112582	1087
0.112604	1089
0.112627	1090
0.11265	1092
0.112672	1094
0.112695	1096
0.112718	1098
0.11274	1100
0.112763	1102
0.112786	1104
0.112809	1105
0.112831	1107
0.112854	1109
0.112877	1111
0.112899	1113
0.112922	1115
0.112945	1117
0.112967	1118
0.11299	1120
0.113013	1122
0.113036	1124
0.113058	1126
0.113081	1128
0.113104	1130
0.113126	1132
0.113149	1133
0.113172	1135
0.113195	1137
0.113217	1139
0.11324	1141
0.113263	1143
0.113285	1145
0.113308	1147
0.113331	1149
0.113354	1150
0.113376	1152
0.113399	1154
0.113422	1156
0.113445	1158
0.113467	1160
0.11349	1162
0.113513	1164
0.113535	1165
0.113558	1167
0.113581	1169
0.113604	1171
0.113626	1173
0.113649	1175
0.113672	1177
0.113695	1179
0.113717	1180
0.11374	1182
0.113763	1184
0.113786	1186
0.113808	1188
0.113831	1190
0.113854	1192
0.113876	1194
0.113899	1195
0.113922	1197
0.113945	1199
0.113967	1201
0.11399	1203
0.114013	1205
0.114036	1207
0.114058	1209
0.114081	1211
0.114104	1212
0.114126	1214
0.114149	1216
0.114172	1218
0.114195	1220
0.114217	1222
0.11424	1224
0.114263	1225
0.114286	1227
0.114308	1229
0.114331	1231
0.114354	1233
0.114376	1235
0.114399	1237
0.114422	1238
0.114444	1240
0.114467	1242
0.11449	1244
0.114513	1246
0.114535	1248
0.114558	1249
0.114581	1251
0.114603	1253
0.114626	1255
0.114649	1257
0.114671	1259
0.114694	1261
0.114717	1262
0.11474	1264
0.114762	1266
0.114785	1268
0.114808	1270
0.11483	1272
0.114853	1274
0.114876	1276
0.114898	1277
0.114921	1279
0.114944	1281
0.114966	1283
0.114989	1287
0.115012	1289
0.115034	1291
0.115057	1292
0.11508	1294
0.115102	1296
0.115125	1298
0.115148	1300
0.11517	1302
0.115193	1304
0.115216	1305
0.115238	1307
0.115261	1309
0.115284	1311
0.115306	1313
0.115329	1314
0.115352	1316
0.115374	1318
0.115397	1320
0.11542	1322
0.115442	1323
0.115465	1325
0.115488	1327
0.11551	1329
0.115533	1331
0.115556	1333
0.115578	1335
0.115601	1336
0.115624	1338
0.115646	1340
0.115669	1342
0.115691	1344
0.115714	1346
0.115737	1348
0.115759	1349
0.115782	1351
0.115805	1353
0.115827	1355
0.11585	1357
0.115873	1358
0.115895	1360
0.115918	1362
0.11594	1364
0.115963	1366
0.115986	1368
0.116008	1369
0.116031	1371
0.116054	1373
0.116076	1375
0.116099	1377
0.116121	1379
0.116144	1381
0.116167	1382
0.116189	1384
0.116212	1386
0.116235	1388
0.116257	1390
0.11628	1392
0.116302	1394
0.116325	1395
0.116348	1397
0.11637	1399
0.116393	1401
0.116415	1403
0.116438	1405
0.116461	1407
0.116483	1409
0.116506	1411
0.116528	1413
0.116551	1415
0.116574	1416
0.116596	1418
0.116619	1420
0.116641	1422
0.116664	1424
0.116687	1426
0.116709	1428
0.116732	1429
0.116754	1431
0.116777	1433
0.1168	1435
0.116822	1437
0.116845	1439
0.116867	1441
0.11689	1442
0.116912	1444
0.116935	1446
0.116958	1448
0.11698	1450
0.117003	1452
0.117025	1454
0.117048	1455
0.11707	1457
0.117093	1459
0.117116	1461
0.117138	1463
0.117161	1465
0.117183	1466
0.117206	1468
0.117228	1470
0.117251	1472
0.117274	1474
0.117296	1476
0.117319	1478
0.117341	1479
0.117364	1481
0.117386	1483
0.117409	1485
0.117432	1487
0.117454	1489
0.117477	1491
0.117499	1492
0.117522	1494
0.117544	1496
0.117567	1498
0.117589	1500
0.117612	1502
0.117635	1504
0.117657	1505
0.11768	1507
0.117702	1509
0.117725	1511
0.117747	1514
0.11777	1516
0.117792	1518
0.117815	1520
0.117837	1522
0.11786	1524
0.117883	1526
0.117905	1527
0.117928	1529
0.11795	1531
0.117973	1533
0.117995	1535
0.118018	1537
0.11804	1539
0.118063	1541
0.118085	1543
0.118108	1544
0.11813	1546
0.118153	1548
0.118175	1550
0.118198	1552
0.118221	1554
0.118243	1555
0.118266	1557
0.118288	1559
0.118311	1561
0.118333	1563
0.118356	1565
0.118378	1567
0.118401	1569
0.118423	1571
0.118446	1573
0.118468	1575
0.118491	1577
0.118513	1579
0.118536	1580
0.118558	1582
0.118581	1584
0.118603	1586
0.118626	1588
0.118648	1590
0.118671	1592
0.118693	1594
0.118716	1596
0.118738	1598
0.118761	1600
0.118783	1602
0.118806	1604
0.118829	1606
0.118851	1608
0.118874	1610
0.118896	1612
0.118919	1614
0.118941	1616
0.118964	1618
0.118986	1620
0.119009	1622
0.119031	1624
0.119054	1626
0.119076	1628
0.119099	1630
0.119121	1632
0.119144	1634
0.119166	1636
0.119189	1638
0.119211	1640
0.119234	1642
0.119256	1644
0.119279	1646
0.119301	1649
0.119324	1651
0.119346	1653
0.119369	1655
0.119391	1657
0.119414	1659
0.119436	1660
0.119459	1663
0.119481	1665
0.119504	1667
0.119526	1669
0.119548	1671
0.119571	1673
0.119593	1675
0.119616	1677
0.119638	1679
0.119661	1682
0.119683	1684
0.119706	1686
0.119728	1688
0.119751	1690
0.119773	1693
0.119796	1695
0.119818	1697
0.119841	1699
0.119863	1701
0.119886	1703
0.119908	1705
0.119931	1707
0.119953	1709
0.119976	1711
0.119998	1715
0.120021	1717
0.120043	1719
0.120066	1721
0.120088	1724
0.120111	1726
0.120133	1728
0.120156	1729
0.120178	1731
0.120201	1733
0.120223	1735
0.120245	1737
0.120268	1739
0.12029	1741
0.120313	1743
0.120335	1745
0.120358	1747
0.12038	1749
0.120403	1751
0.120425	1753
0.120448	1755
0.12047	1757
0.120493	1759
0.120515	1761
0.120538	1763
0.12056	1765
0.120583	1766
0.120605	1768
0.120628	1770
0.12065	1772
0.120673	1774
0.120695	1776
0.120717	1778
0.12074	1780
0.120762	1782
0.120785	1785
0.120807	1786
0.12083	1788
0.120852	1790
0.120875	1792
0.120897	1794
0.12092	1796
0.120942	1798
0.120965	1800
0.120987	1802
0.12101	1804
0.121032	1806
0.121055	1808
0.121077	1810
0.1211	1812
0.121122	1814
0.121144	1816
0.121167	1818
0.121189	1820
0.121212	1822
0.121234	1824
0.121257	1826
0.121279	1828
0.121302	1830
0.121324	1832
0.121347	1834
0.121369	1836
0.121392	1838
0.121414	1840
0.121437	1842
0.121459	1844
0.121482	1846
0.121504	1848
0.121526	1850
0.121549	1852
0.121571	1854
0.121594	1856
0.121616	1858
0.121639	1860
0.121661	1862
0.121684	1864
0.121706	1866
0.121729	1868
0.121751	1871
0.121774	1873
0.121796	1875
0.121819	1877
0.121841	1879
0.121864	1881
0.121886	1883
0.121908	1885
0.121931	1887
0.121953	1889
0.121976	1891
0.121998	1893
0.122021	1895
0.122043	1897
0.122066	1899
0.122088	1901
0.122111	1903
0.122133	1905
0.122156	1907
0.122178	1909
0.122201	1911
0.122223	1913
0.122246	1915
0.122268	1917
0.122291	1919
0.122313	1921
0.122335	1923
0.122358	1925
0.12238	1927
0.122403	1929
0.122425	1931
0.122448	1933
0.12247	1935
0.122493	1937
0.122515	1939
0.122538	1941
0.12256	1942
0.122583	1944
0.122605	1946
0.122628	1948
0.12265	1950
0.122673	1952
0.122695	1954
0.122718	1956
0.12274	1958
0.122763	1960
0.122785	1962
0.122808	1964
0.12283	1966
0.122853	1968
0.122875	1969
0.122897	1971
0.12292	1973
0.122942	1975
0.122965	1977
0.122987	1979
0.12301	1981
0.123032	1983
0.123055	1985
0.123077	1987
0.1231	1988
0.123122	1990
0.123145	1992
0.123167	1994
0.12319	1996
0.123212	1998
0.123235	2000
0.123257	2002
0.12328	2004
0.123302	2006
0.123325	2008
0.123347	2010
0.12337	2011
0.123392	2013
0.123415	2015
0.123437	2017
0.12346	2019
0.123482	2021
0.123505	2023
0.123527	2025
0.12355	2027
0.123572	2029
0.123595	2031
0.123617	2033
0.12364	2035
0.123662	2036
0.123685	2038
0.123707	2040
0.12373	2042
0.123752	2044
0.123775	2046
0.123797	2048
0.12382	2050
0.123842	2052
0.123865	2054
0.123887	2056
0.12391	2058
0.123932	2059
0.123955	2061
0.123977	2063
0.124	2065
0.124022	2067
0.124045	2069
0.124067	2071
0.12409	2073
0.124112	2075
0.124135	2077
0.124157	2079
0.12418	2081
0.124202	2082
0.124225	2084
0.124247	2086
0.12427	2088
0.124292	2090
0.124315	2092
0.124338	2094
0.12436	2096
0.124383	2098
0.124405	2099
0.124428	2101
0.12445	2103
0.124473	2105
0.124495	2107
0.124518	2109
0.12454	2111
0.124563	2113
0.124585	2115
0.124608	2117
0.12463	2119
0.124653	2121
0.124675	2123
0.124698	2125
0.12472	2127
0.124743	2128
0.124766	2130
0.124788	2132
0.124811	2134
0.124833	2136
0.124856	2138
0.124878	2140
0.124901	2142
0.124923	2144
0.124946	2146
0.124968	2148
0.124991	2152
0.125013	2154
0.125036	2156
0.125059	2157
0.125081	2159
0.125104	2161
0.125126	2163
0.125149	2165
0.125171	2167
0.125194	2169
0.125216	2171
0.125239	2173
0.125261	2175
0.125284	2177
0.125307	2178
0.125329	2180
0.125352	2182
0.125374	2184
0.125397	2186
0.125419	2188
0.125442	2190
0.125464	2192
0.125487	2194
0.12551	2196
0.125532	2198
0.125555	2199
0.125577	2201
0.1256	2203
0.125622	2205
0.125645	2207
0.125668	2209
0.12569	2211
0.125713	2213
0.125735	2215
0.125758	2217
0.12578	2219
0.125803	2220
0.125826	2222
0.125848	2224
0.125871	2226
0.125893	2228
0.125916	2230
0.125938	2232
0.125961	2234
0.125984	2236
0.126006	2238
0.126029	2240
0.126051	2242
0.126074	2244
0.126097	2245
0.126119	2247
0.126142	2249
0.126164	2251
0.126187	2253
0.126209	2255
0.126232	2257
0.126255	2259
0.126277	2261
0.1263	2263
0.126322	2265
0.126345	2267
0.126368	2269
0.12639	2271
0.126413	2273
0.126435	2275
0.126458	2277
0.126481	2278
0.126503	2280
0.126526	2282
0.126548	2284
0.126571	2286
0.126594	2288
0.126616	2290
0.126639	2292
0.126662	2294
0.126684	2296
0.126707	2298
0.126729	2300
0.126752	2302
0.126775	2304
0.126797	2305
0.12682	2307
0.126842	2309
0.126865	2311
0.126888	2313
0.12691	2315
0.126933	2317
0.126956	2319
0.126978	2321
0.127001	2324
0.127023	2326
0.127046	2328
0.127069	2330
0.127091	2332
0.127114	2334
0.127137	2336
0.127159	2338
0.127182	2339
0.127205	2341
0.127227	2344
0.12725	2346
0.127272	2348
0.127295	2350
0.127318	2352
0.12734	2354
0.127363	2356
0.127386	2358
0.127408	2360
0.127431	2362
0.127453	2364
0.127476	2366
0.127499	2368
0.127521	2370
0.127544	2372
0.127567	2374
0.127589	2376
0.127612	2378
0.127634	2380
0.127657	2382
0.12768	2384
0.127702	2386
0.127725	2388
0.127748	2390
0.12777	2392
0.127793	2394
0.127815	2396
0.127838	2398
0.127861	2400
0.127883	2402
0.127906	2404
0.127928	2406
0.127951	2408
0.127974	2410
0.127996	2412
0.128019	2414
0.128041	2416
0.128064	2418
0.128087	2420
0.128109	2422
0.128132	2424
0.128154	2426
0.128177	2428
0.128199	2430
0.128222	2432
0.128245	2434
0.128267	2436
0.12829	2438
0.128312	2440
0.128335	2442
0.128358	2444
0.12838	2446
0.128403	2448
0.128425	2450
0.128448	2452
0.12847	2454
0.128493	2456
0.128516	2458
0.128538	2460
0.128561	2462
0.128583	2464
0.128606	2466
0.128628	2468
0.128651	2470
0.128673	2472
0.128696	2474
0.128719	2476
0.128741	2478
0.128764	2480
0.128786	2482
0.128809	2484
0.128831	2486
0.128854	2488
0.128876	2490
0.128899	2492
0.128921	2494
0.128944	2496
0.128967	2498
0.128989	2500
0.129012	2503
0.129034	2505
0.129057	2507
0.129079	2509
0.129102	2511
0.129124	2513
0.129147	2515
0.129169	2517
0.129192	2519
0.129214	2521
0.129237	2523
0.129259	2525
0.129282	2527
0.129305	2529
0.129327	2531
0.12935	2533
0.129372	2535
0.129395	2537
0.129417	2539
0.12944	2541
0.129462	2543
0.129485	2545
0.129507	2547
0.12953	2549
0.129552	2551
0.129575	2552
0.129597	2554
0.12962	2556
0.129642	2558
0.129665	2560
0.129687	2562
0.12971	2564
0.129732	2566
0.129755	2568
0.129777	2570
0.1298	2572
0.129822	2574
0.129845	2576
0.129867	2578
0.12989	2580
0.129912	2582
0.129935	2584
0.129957	2586
0.12998	2588
0.130002	2592
0.130025	2594
0.130047	2596
0.13007	2598
0.130092	2600
0.130114	2602
0.130137	2604
0.130159	2606
0.130182	2608
0.130204	2610
0.130227	2612
0.130249	2614
0.130272	2616
0.130294	2618
0.130317	2619
0.130339	2621
0.130362	2623
0.130384	2625
0.130407	2627
0.130429	2629
0.130452	2631
0.130474	2633
0.130496	2635
0.130519	2637
0.130541	2639
0.130564	2641
0.130586	2643
0.130609	2645
0.130631	2647
0.130654	2648
0.130676	2650
0.130699	2652
0.130721	2654
0.130743	2656
0.130766	2658
0.130788	2660
0.130811	2662
0.130833	2664
0.130856	2665
0.130878	2667
0.130901	2669
0.130923	2671
0.130945	2673
0.130968	2675
0.13099	2677
0.131013	2679
0.131035	2681
0.131058	2683
0.13108	2685
0.131103	2687
0.131125	2689
0.131147	2691
0.13117	2693
0.131192	2695
0.131215	2697
0.131237	2698
0.13126	2700
0.131282	2702
0.131304	2704
0.131327	2706
0.131349	2708
0.131372	2710
0.131394	2712
0.131417	2714
0.131439	2716
0.131461	2718
0.131484	2720
0.131506	2722
0.131529	2724
0.131551	2726
0.131573	2728
0.131596	2730
0.131618	2732
0.131641	2733
0.131663	2735
0.131686	2737
0.131708	2739
0.13173	2741
0.131753	2743
0.131775	2745
0.131798	2747
0.13182	2749
0.131842	2751
0.131865	2753
0.131887	2755
0.13191	2757
0.131932	2759
0.131954	2761
0.131977	2763
0.131999	2765
0.132022	2767
0.132044	2769
0.132067	2771
0.132089	2773
0.132111	2775
0.132134	2777
0.132156	2779
0.132179	2781
0.132201	2783
0.132223	2785
0.132246	2787
0.132268	2788
0.132291	2790
0.132313	2792
0.132335	2794
0.132358	2796
0.13238	2798
0.132402	2800
0.132425	2802
0.132447	2804
0.13247	2806
0.132492	2808
0.132514	2810
0.132537	2812
0.132559	2814
0.132582	2815
0.132604	2817
0.132626	2819
0.132649	2821
0.132671	2823
0.132694	2825
0.132716	2827
0.132738	2829
0.132761	2831
0.132783	2833
0.132805	2835
0.132828	2837
0.13285	2839
0.132873	2841
0.132895	2843
0.132917	2845
0.13294	2847
0.132962	2849
0.132985	2851
0.133007	2853
0.133029	2855
0.133052	2857
0.133074	2859
0.133096	2861
0.133119	2863
0.133141	2865
0.133164	2867
0.133186	2869
0.133208	2871
0.133231	2873
0.133253	2875
0.133275	2877
0.133298	2879
0.13332	2882
0.133343	2884
0.133365	2886
0.133387	2888
0.13341	2890
0.133432	2892
0.133454	2894
0.133477	2896
0.133499	2898
0.133521	2900
0.133544	2902
0.133566	2904
0.133589	2906
0.133611	2908
0.133633	2910
0.133656	2912
0.133678	2914
0.1337	2916
0.133723	2919
0.133745	2921
0.133767	2923
0.13379	2925
0.133812	2927
0.133835	2929
0.133857	2931
0.133879	2933
0.133902	2935
0.133924	2937
0.133946	2939
0.133969	2941
0.133991	2943
0.134013	2945
0.134036	2946
0.134058	2949
0.134081	2951
0.134103	2953
0.134125	2955
0.134148	2957
0.13417	2959
0.134192	2961
0.134215	2963
0.134237	2965
0.134259	2967
0.134282	2969
0.134304	2971
0.134326	2973
0.134349	2975
0.134371	2977
0.134393	2979
0.134416	2981
0.134438	2983
0.134461	2985
0.134483	2988
0.134505	2990
0.134528	2992
0.13455	2994
0.134572	2996
0.134595	2998
0.134617	3000
0.134639	3002
0.134662	3004
0.134684	3006
0.134706	3008
0.134729	3010
0.134751	3012
0.134773	3014
0.134796	3016
0.134818	3018
0.134841	3020
0.134863	3022
0.134885	3024
0.134908	3027
0.13493	3029
0.134952	3031
0.134975	3033
0.134997	3037
0.135019	3039
0.135042	3041
0.135064	3043
0.135086	3045
0.135109	3047
0.135131	3049
0.135153	3051
0.135176	3053
0.135198	3055
0.13522	3057
0.135243	3059
0.135265	3061
0.135288	3063
0.13531	3066
0.135332	3068
0.135355	3070
0.135377	3072
0.135399	3074
0.135422	3076
0.135444	3078
0.135466	3080
0.135489	3082
0.135511	3084
0.135533	3086
0.135556	3088
0.135578	3090
0.1356	3092
0.135623	3094
0.135645	3096
0.135667	3098
0.13569	3100
0.135712	3102
0.135735	3104
0.135757	3106
0.135779	3108
0.135802	3110
0.135824	3112
0.135846	3114
0.135869	3117
0.135891	3119
0.135913	3121
0.135936	3123
0.135958	3125
0.13598	3127
0.136003	3129
0.136025	3131
0.136048	3133
0.13607	3135
0.136092	3137
0.136115	3139
0.136137	3141
0.136159	3143
0.136182	3145
0.136204	3147
0.136226	3149
0.136249	3151
0.136271	3153
0.136293	3155
0.136316	3158
0.136338	3160
0.136361	3162
0.136383	3164
0.136405	3166
0.136428	3168
0.13645	3170
0.136472	3172
0.136495	3174
0.136517	3176
0.136539	3178
0.136562	3180
0.136584	3182
0.136607	3184
0.136629	3186
0.136651	3188
0.136674	3190
0.136696	3192
0.136718	3194
0.136741	3197
0.136763	3199
0.136785	3201
0.136808	3203
0.13683	3205
0.136853	3207
0.136875	3209
0.136897	3211
0.13692	3213
0.136942	3215
0.136964	3217
0.136987	3219
0.137009	3221
0.137032	3223
0.137054	3225
0.137076	3227
0.137099	3229
0.137121	3231
0.137143	3234
0.137166	3236
0.137188	3238
0.137211	3240
0.137233	3242
0.137255	3244
0.137278	3246
0.1373	3248
0.137322	3250
0.137345	3252
0.137367	3254
0.13739	3256
0.137412	3258
0.137434	3260
0.137457	3262
0.137479	3264
0.137502	3266
0.137524	3268
0.137546	3270
0.137569	3272
0.137591	3274
0.137613	3276
0.137636	3278
0.137658	3280
0.137681	3282
0.137703	3284
0.137725	3287
0.137748	3289
0.13777	3291
0.137793	3293
0.137815	3295
0.137837	3297
0.13786	3299
0.137882	3301
0.137905	3303
0.137927	3305
0.137949	3307
0.137972	3309
0.137994	3311
0.138017	3313
0.138039	3315
0.138061	3317
0.138084	3319
0.138106	3321
0.138129	3323
0.138151	3325
0.138173	3327
0.138196	3330
0.138218	3332
0.138241	3334
0.138263	3336
0.138286	3338
0.138308	3340
0.13833	3342
0.138353	3344
0.138375	3346
0.138398	3348
0.13842	3350
0.138442	3352
0.138465	3354
0.138487	3356
0.13851	3358
0.138532	3361
0.138555	3363
0.138577	3365
0.138599	3367
0.138622	3369
0.138644	3371
0.138667	3373
0.138689	3375
0.138712	3377
0.138734	3379
0.138756	3381
0.138779	3383
0.138801	3385
0.138824	3387
0.138846	3389
0.138869	3391
0.138891	3393
0.138913	3395
0.138936	3397
0.138958	3399
0.138981	3401
0.139003	3403
0.139026	3406
0.139048	3408
0.139071	3410
0.139093	3412
0.139115	3414
0.139138	3416
0.13916	3418
0.139183	3420
0.139205	3422
0.139228	3424
0.13925	3426
0.139273	3428
0.139295	3431
0.139318	3433
0.13934	3435
0.139362	3437
0.139385	3439
0.139407	3441
0.13943	3443
0.139452	3445
0.139475	3447
0.139497	3449
0.13952	3451
0.139542	3453
0.139565	3455
0.139587	3457
0.13961	3460
0.139632	3462
0.139655	3464
0.139677	3466
0.139699	3468
0.139722	3470
0.139744	3472
0.139767	3474
0.139789	3476
0.139812	3478
0.139834	3480
0.139857	3482
0.139879	3484
0.139902	3486
0.139924	3488
0.139947	3490
0.139969	3492
0.139992	3496
0.140014	3498
0.140037	3501
0.140059	3503
0.140082	3505
0.140104	3507
0.140127	3509
0.140149	3511
0.140172	3513
0.140194	3515
0.140217	3517
0.140239	3519
0.140262	3521
0.140284	3523
0.140307	3526
0.140329	3528
0.140352	3530
0.140374	3532
0.140397	3534
0.140419	3536
0.140442	3538
0.140464	3540
0.140487	3542
0.140509	3544
0.140532	3546
0.140554	3548
0.140577	3550
0.140599	3552
0.140621	3554
0.140644	3556
0.140666	3558
0.140689	3560
0.140711	3563
0.140734	3565
0.140756	3567
0.140779	3569
0.140801	3571
0.140824	3573
0.140846	3575
0.140869	3577
0.140891	3579
0.140914	3581
0.140936	3583
0.140958	3585
0.140981	3587
0.141003	3589
0.141026	3591
0.141048	3593
0.141071	3595
0.141093	3597
0.141116	3600
0.141138	3602
0.14116	3604
0.141183	3606
0.141205	3608
0.141228	3610
0.14125	3612
0.141273	3614
0.141295	3616
0.141317	3618
0.14134	3620
0.141362	3622
0.141385	3624
0.141407	3627
0.14143	3629
0.141452	3631
0.141474	3633
0.141497	3635
0.141519	3637
0.141542	3639
0.141564	3641
0.141586	3643
0.141609	3645
0.141631	3647
0.141654	3649
0.141676	3651
0.141698	3654
0.141721	3656
0.141743	3658
0.141766	3660
0.141788	3662
0.14181	3664
0.141833	3666
0.141855	3668
0.141878	3670
0.1419	3672
0.141922	3674
0.141945	3676
0.141967	3678
0.141989	3681
0.142012	3683
0.142034	3685
0.142057	3687
0.142079	3689
0.142101	3691
0.142124	3693
0.142146	3695
0.142168	3697
0.142191	3699
0.142213	3701
0.142236	3703
0.142258	3705
0.14228	3707
0.142303	3709
0.142325	3711
0.142347	3712
0.14237	3714
0.142392	3716
0.142414	3718
0.142437	3720
0.142459	3722
0.142481	3724
0.142504	3726
0.142526	3728
0.142548	3730
0.142571	3732
0.142593	3733
0.142615	3735
0.142638	3737
0.14266	3739
0.142682	3741
0.142705	3743
0.142727	3745
0.142749	3747
0.142772	3748
0.142794	3750
0.142816	3752
0.142839	3754
0.142861	3756
0.142883	3758
0.142906	3760
0.142928	3762
0.14295	3764
0.142973	3765
0.142995	3767
0.143017	3769
0.14304	3771
0.143062	3773
0.143084	3775
0.143106	3777
0.143129	3779
0.143151	3781
0.143173	3783
0.143196	3785
0.143218	3787
0.14324	3789
0.143263	3791
0.143285	3793
0.143307	3795
0.143329	3797
0.143352	3799
0.143374	3801
0.143396	3802
0.143419	3804
0.143441	3806
0.143463	3808
0.143485	3810
0.143508	3812
0.14353	3814
0.143552	3816
0.143575	3818
0.143597	3820
0.143619	3821
0.143641	3823
0.143664	3825
0.143686	3827
0.143708	3829
0.14373	3831
0.143753	3833
0.143775	3835
0.143797	3837
0.14382	3839
0.143842	3841
0.143864	3843
0.143886	3845
0.143909	3847
0.143931	3848
0.143953	3850
0.143975	3852
0.143998	3854
0.14402	3856
0.144042	3858
0.144064	3860
0.144087	3862
0.144109	3864
0.144131	3865
0.144153	3867
0.144176	3869
0.144198	3871
0.14422	3873
0.144242	3875
0.144265	3877
0.144287	3879
0.144309	3880
0.144331	3882
0.144354	3884
0.144376	3886
0.144398	3888
0.14442	3890
0.144443	3892
0.144465	3893
0.144487	3895
0.144509	3897
0.144531	3899
0.144554	3901
0.144576	3903
0.144598	3905
0.14462	3906
0.144643	3908
0.144665	3910
0.144687	3912
0.144709	3914
0.144731	3916
0.144754	3918
0.144776	3919
0.144798	3921
0.14482	3923
0.144843	3925
0.144865	3927
0.144887	3929
0.144909	3931
0.144931	3933
0.144954	3935
0.144976	3936
0.144998	3941
0.14502	3943
0.145042	3944
0.145065	3946
0.145087	3948
0.145109	3950
0.145131	3952
0.145154	3954
0.145176	3956
0.145198	3958
0.14522	3960
0.145242	3962
0.145265	3964
0.145287	3966
0.145309	3967
0.145331	3969
0.145353	3971
0.145376	3973
0.145398	3975
0.14542	3977
0.145442	3979
0.145464	3981
0.145487	3983
0.145509	3985
0.145531	3987
0.145553	3989
0.145575	3991
0.145597	3993
0.14562	3995
0.145642	3997
0.145664	3999
0.145686	4001
0.145708	4003
0.145731	4005
0.145753	4007
0.145775	4009
0.145797	4011
0.145819	4012
0.145842	4014
0.145864	4016
0.145886	4018
0.145908	4020
0.14593	4022
0.145952	4024
0.145975	4026
0.145997	4028
0.146019	4030
0.146041	4032
0.146063	4034
0.146086	4036
0.146108	4038
0.14613	4040
0.146152	4042
0.146174	4044
0.146196	4046
0.146219	4048
0.146241	4050
0.146263	4052
0.146285	4054
0.146307	4056
0.146329	4058
0.146352	4060
0.146374	4062
0.146396	4064
0.146418	4066
0.14644	4068
0.146462	4070
0.146485	4072
0.146507	4074
0.146529	4076
0.146551	4078
0.146573	4080
0.146596	4082
0.146618	4084
0.14664	4085
0.146662	4087
0.146684	4089
0.146706	4091
0.146729	4093
0.146751	4095
0.146773	4097
0.146795	4099
0.146817	4101
0.146839	4103
0.146862	4105
0.146884	4107
0.146906	4109
0.146928	4110
0.14695	4112
0.146972	4114
0.146995	4116
0.147017	4118
0.147039	4120
0.147061	4122
0.147083	4124
0.147105	4126
0.147128	4128
0.14715	4130
0.147172	4132
0.147194	4134
0.147216	4136
0.147238	4138
0.147261	4140
0.147283	4142
0.147305	4144
0.147327	4146
0.147349	4149
0.147371	4151
0.147393	4153
0.147416	4155
0.147438	4157
0.14746	4159
0.147482	4161
0.147504	4163
0.147526	4165
0.147549	4167
0.147571	4169
0.147593	4171
0.147615	4173
0.147637	4175
0.147659	4176
0.147682	4178
0.147704	4180
0.147726	4182
0.147748	4184
0.14777	4186
0.147792	4188
0.147815	4190
0.147837	4192
0.147859	4194
0.147881	4196
0.147903	4198
0.147925	4200
0.147948	4202
0.14797	4204
0.147992	4206
0.148014	4208
0.148036	4210
0.148058	4212
0.148081	4214
0.148103	4216
0.148125	4218
0.148147	4221
0.148169	4223
0.148191	4225
0.148214	4227
0.148236	4229
0.148258	4231
0.14828	4233
0.148302	4235
0.148324	4237
0.148347	4239
0.148369	4241
0.148391	4243
0.148413	4245
0.148435	4247
0.148458	4249
0.14848	4251
0.148502	4253
0.148524	4255
0.148546	4257
0.148568	4259
0.148591	4261
0.148613	4263
0.148635	4265
0.148657	4267
0.148679	4269
0.148701	4272
0.148724	4274
0.148746	4276
0.148768	4278
0.14879	4280
0.148812	4282
0.148835	4284
0.148857	4286
0.148879	4288
0.148901	4290
0.148923	4292
0.148945	4294
0.148968	4296
0.14899	4298
0.149012	4300
0.149034	4302
0.149056	4304
0.149079	4306
0.149101	4308
0.149123	4310
0.149145	4312
0.149167	4314
0.149189	4316
0.149212	4318
0.149234	4320
0.149256	4322
0.149278	4324
0.1493	4326
0.149323	4328
0.149345	4330
0.149367	4332
0.149389	4335
0.149411	4337
0.149434	4339
0.149456	4341
0.149478	4343
0.1495	4345
0.149522	4347
0.149545	4349
0.149567	4351
0.149589	4353
0.149611	4355
0.149633	4357
0.149656	4359
0.149678	4361
0.1497	4363
0.149722	4365
0.149744	4367
0.149767	4369
0.149789	4371
0.149811	4373
0.149833	4375
0.149856	4377
0.149878	4379
0.1499	4381
0.149922	4383
0.149944	4385
0.149967	4388
0.149989	4392
0.150011	4394
