0.100017	-1.29659e-13
0.10004	-1.33221e-13
0.100063	-1.35091e-13
0.100086	-1.36223e-13
0.100109	-1.37468e-13
0.100132	-1.38188e-13
0.100154	-1.40097e-13
0.100177	-1.41174e-13
0.1002	-1.42825e-13
0.100223	-1.43808e-13
0.100246	-1.45582e-13
0.100269	-1.47494e-13
0.100292	-1.49209e-13
0.100314	-1.51626e-13
0.100337	-1.47886e-13
0.10036	-1.53641e-13
0.100383	-1.55458e-13
0.100406	-1.55493e-13
0.100429	-1.5861e-13
0.100451	-1.60262e-13
0.100474	-1.62721e-13
0.100497	-1.64449e-13
0.10052	-1.66723e-13
0.100543	-1.6855e-13
0.100566	-1.70213e-13
0.100588	-1.72362e-13
0.100611	-1.7461e-13
0.100634	-1.76529e-13
0.100657	-1.78003e-13
0.10068	-1.80812e-13
0.100703	-1.82596e-13
0.100725	-1.84433e-13
0.100748	-1.86598e-13
0.100771	-1.89049e-13
0.100794	-1.91092e-13
0.100817	-1.9333e-13
0.10084	-1.94403e-13
0.100862	-1.97353e-13
0.100885	-1.9969e-13
0.100908	-2.01751e-13
0.100931	-2.04237e-13
0.100954	-2.06617e-13
0.100976	-2.07601e-13
0.100999	-2.11303e-13
0.101022	-2.13155e-13
0.101045	-2.15264e-13
0.101068	-2.17754e-13
0.10109	-2.20107e-13
0.101113	-2.22845e-13
0.101136	-2.2362e-13
0.101159	-2.262e-13
0.101182	-2.27553e-13
0.101205	-2.32868e-13
0.101227	-2.32637e-13
0.10125	-2.35336e-13
0.101273	-2.38047e-13
0.101296	-2.40199e-13
0.101319	-2.41669e-13
0.101341	-2.43483e-13
0.101364	-2.45795e-13
0.101387	-2.47058e-13
0.10141	-2.49887e-13
0.101432	-2.51361e-13
0.101455	-2.53408e-13
0.101478	-2.54479e-13
0.101501	-2.56092e-13
0.101524	-2.57792e-13
0.101546	-2.59506e-13
0.101569	-2.61812e-13
0.101592	-2.63298e-13
0.101615	-2.63964e-13
0.101638	-2.65919e-13
0.10166	-2.67775e-13
0.101683	-2.69091e-13
0.101706	-2.69391e-13
0.101729	-2.70084e-13
0.101751	-2.71801e-13
0.101774	-2.73239e-13
0.101797	-2.75381e-13
0.10182	-2.75718e-13
0.101843	-2.76234e-13
0.101865	-2.78211e-13
0.101888	-2.78008e-13
0.101911	-2.78161e-13
0.101934	-2.79164e-13
0.101956	-2.80811e-13
0.101979	-2.80582e-13
0.102002	-2.82122e-13
0.102025	-2.82234e-13
0.102047	-2.8314e-13
0.10207	-2.8333e-13
0.102093	-2.8419e-13
0.102116	-2.84334e-13
0.102138	-2.86534e-13
0.102161	-2.85415e-13
0.102184	-2.86835e-13
0.102207	-2.85202e-13
0.102229	-2.8649e-13
0.102252	-2.85168e-13
0.102275	-2.86515e-13
0.102298	-2.86221e-13
0.102321	-2.8703e-13
0.102343	-2.85816e-13
0.102366	-2.87431e-13
0.102389	-2.85979e-13
0.102411	-2.86724e-13
0.102434	-2.86397e-13
0.102457	-2.86768e-13
0.10248	-2.8618e-13
0.102502	-2.86659e-13
0.102525	-2.85777e-13
0.102548	-2.87535e-13
0.102571	-2.86045e-13
0.102593	-2.8695e-13
0.102616	-2.84295e-13
0.102639	-2.86445e-13
0.102662	-2.85504e-13
0.102684	-2.85196e-13
0.102707	-2.84234e-13
0.10273	-2.84068e-13
0.102753	-2.8299e-13
0.102775	-2.8392e-13
0.102798	-2.8258e-13
0.102821	-2.83194e-13
0.102844	-2.82016e-13
0.102866	-2.81057e-13
0.102889	-3.05488e-13
0.102912	-3.0568e-13
0.102934	-2.73212e-13
0.102957	-3.03001e-13
0.10298	-2.98489e-13
0.103003	-2.98852e-13
0.103025	-2.96166e-13
0.103048	-2.98644e-13
0.103071	-2.9962e-13
0.103093	-2.89893e-13
0.103116	-2.96053e-13
0.103139	-2.89417e-13
0.103162	-2.93575e-13
0.103184	-2.95164e-13
0.103207	-2.92139e-13
0.10323	-2.92383e-13
0.103252	-2.90813e-13
0.103275	-4.23484e-13
0.103298	-2.87713e-13
0.103321	-4.20798e-13
0.103343	-2.84586e-13
0.103366	-4.17848e-13
0.103389	-4.16187e-13
0.103411	-4.1644e-13
0.103434	-4.13495e-13
0.103457	-4.12971e-13
0.10348	-2.77241e-13
0.103502	-4.08524e-13
0.103525	-2.73214e-13
0.103548	-3.98731e-13
0.10357	-3.98872e-13
0.103593	-3.97278e-13
0.103616	-3.95304e-13
0.103638	-3.91125e-13
0.103661	-3.88712e-13
0.103684	-3.85197e-13
0.103707	-3.81405e-13
0.103729	-3.78844e-13
0.103752	-3.74327e-13
0.103775	-3.7231e-13
0.103797	-3.69048e-13
0.10382	-3.63862e-13
0.103843	-3.60013e-13
0.103865	-3.58252e-13
0.103888	-3.52399e-13
0.103911	-3.51081e-13
0.103933	-2.40581e-13
0.103956	-3.35573e-13
0.103979	-3.37504e-13
0.104001	-3.33996e-13
0.104024	-3.28763e-13
0.104047	-3.25049e-13
0.10407	-3.17817e-13
0.104092	-3.14137e-13
0.104115	-3.0847e-13
0.104138	-3.02932e-13
0.10416	-2.97119e-13
0.104183	-2.93246e-13
0.104206	-2.8393e-13
0.104228	-2.83976e-13
0.104251	-2.77073e-13
0.104274	-2.71415e-13
0.104296	-2.68836e-13
0.104319	-2.62088e-13
0.104342	-2.56253e-13
0.104364	-2.55348e-13
0.104387	-2.52206e-13
0.10441	-1.9885e-13
0.104432	-1.95427e-13
0.104455	-1.9117e-13
0.104478	-1.89409e-13
0.1045	-1.8658e-13
0.104523	-1.82937e-13
0.104546	-1.82192e-13
0.104568	-1.81694e-13
0.104591	-1.81703e-13
0.104614	-1.82154e-13
0.104636	-1.83232e-13
0.104659	-1.86009e-13
0.104682	-1.87974e-13
0.104704	-1.90585e-13
0.104727	-1.93932e-13
0.10475	-2.00618e-13
0.104772	-1.91436e-13
0.104795	-2.03126e-13
0.104818	-2.06524e-13
0.10484	-2.07991e-13
0.104863	-2.12747e-13
0.104886	-2.1664e-13
0.104908	-2.19254e-13
0.104931	-2.18801e-13
0.104954	-2.25658e-13
0.104976	-2.28208e-13
0.104999	-2.29821e-13
0.105022	-2.34368e-13
0.105044	-2.36144e-13
0.105067	-2.39073e-13
0.105089	-2.40912e-13
0.105112	-2.43434e-13
0.105135	-2.45095e-13
0.105157	-2.4715e-13
0.10518	-2.48885e-13
0.105203	-2.50307e-13
0.105225	-2.51647e-13
0.105248	-2.53126e-13
0.105271	-2.53219e-13
0.105293	-2.55341e-13
0.105316	-2.54438e-13
0.105339	-2.56089e-13
0.105361	-2.56473e-13
0.105384	-2.57037e-13
0.105407	-2.56649e-13
0.105429	-2.57387e-13
0.105452	-2.566e-13
0.105474	-2.57193e-13
0.105497	-2.55917e-13
0.10552	-2.55596e-13
0.105542	-2.54952e-13
0.105565	-2.79098e-13
0.105588	-2.79534e-13
0.10561	-2.80278e-13
0.105633	-2.80527e-13
0.105656	-2.80838e-13
0.105678	-2.81188e-13
0.105701	-2.81617e-13
0.105724	-2.80262e-13
0.105746	-2.79562e-13
0.105769	-2.79891e-13
0.105791	-2.79678e-13
0.105814	-2.78856e-13
0.105837	-2.78273e-13
0.105859	-2.77278e-13
0.105882	-2.76706e-13
0.105905	-2.75011e-13
0.105927	-2.73889e-13
0.10595	-2.72604e-13
0.105972	-2.9194e-13
0.105995	-2.92996e-13
0.106018	-2.91645e-13
0.10604	-2.88765e-13
0.106063	-2.90475e-13
0.106086	-2.8583e-13
0.106108	-2.84521e-13
0.106131	-2.82271e-13
0.106154	-2.78556e-13
0.106176	-2.79982e-13
0.106199	-2.77886e-13
0.106221	-2.73926e-13
0.106244	-2.7108e-13
0.106267	-2.69415e-13
0.106289	-2.63441e-13
0.106312	-2.61019e-13
0.106335	-2.56673e-13
0.106357	-2.53582e-13
0.10638	-2.48827e-13
0.106402	-2.95988e-13
0.106425	-2.41412e-13
0.106448	-2.98807e-13
0.10647	-2.98337e-13
0.106493	-2.85495e-13
0.106516	-2.92031e-13
0.106538	-2.84116e-13
0.106561	-2.7994e-13
0.106583	-2.72925e-13
0.106606	-2.70625e-13
0.106629	-2.64389e-13
0.106651	-2.60702e-13
0.106674	-2.57787e-13
0.106696	-2.50257e-13
0.106719	-2.46439e-13
0.106742	-2.4272e-13
0.106764	-2.35909e-13
0.106787	-2.31162e-13
0.10681	-2.24942e-13
0.106832	-2.1911e-13
0.106855	-2.1176e-13
0.106877	-2.0579e-13
0.1069	-1.97971e-13
0.106923	-1.89913e-13
0.106945	-1.816e-13
0.106968	-1.77207e-13
0.106991	-1.54174e-13
0.107013	-2.56977e-13
0.107036	-1.59762e-13
0.107058	-1.47817e-13
0.107081	-1.36149e-13
0.107104	-2.36866e-13
0.107126	-2.29e-13
0.107149	-2.23054e-13
0.107171	-2.12894e-13
0.107194	-2.05212e-13
0.107217	-1.95453e-13
0.107239	-1.86765e-13
0.107262	-1.75816e-13
0.107285	-1.67006e-13
0.107307	-1.58222e-13
0.10733	-1.50454e-13
0.107352	-1.4482e-13
0.107375	-1.40264e-13
0.107398	-1.37725e-13
0.10742	-1.37278e-13
0.107443	-1.40598e-13
0.107465	-1.41351e-13
0.107488	-1.52138e-13
0.107511	-1.48669e-13
0.107533	-1.64845e-13
0.107556	-1.55202e-13
0.107579	-1.80377e-13
0.107601	-1.63625e-13
0.107624	-1.8733e-13
0.107646	-1.74305e-13
0.107669	-1.8927e-13
0.107692	-1.82993e-13
0.107714	-1.94824e-13
0.107737	-1.91525e-13
0.107759	-2.0063e-13
0.107782	-1.96444e-13
0.107805	-2.01585e-13
0.107827	-1.99488e-13
0.10785	-2.07637e-13
0.107872	-2.00864e-13
0.107895	-2.1238e-13
0.107918	-2.00683e-13
0.10794	-2.16027e-13
0.107963	-2.07725e-13
0.107986	-2.18756e-13
0.108008	-2.07822e-13
0.108031	-2.19817e-13
0.108053	-2.06986e-13
0.108076	-2.19791e-13
0.108099	-2.04516e-13
0.108121	-2.16199e-13
0.108144	-2.02432e-13
0.108166	-1.63651e-13
0.108189	-1.97777e-13
0.108212	-1.62815e-13
0.108234	-1.9385e-13
0.108257	-1.59297e-13
0.108279	-2.06265e-13
0.108302	-1.52761e-13
0.108325	-2.00352e-13
0.108347	-1.48914e-13
0.10837	-1.97218e-13
0.108393	-1.396e-13
0.108415	-1.93234e-13
0.108438	-1.33808e-13
0.10846	-1.87744e-13
0.108483	-1.22593e-13
0.108506	-1.22932e-13
0.108528	-1.09614e-13
0.108551	-1.12154e-13
0.108573	-9.83895e-14
0.108596	-9.90424e-14
0.108619	-8.68115e-14
0.108641	-8.75345e-14
0.108664	-7.98284e-14
0.108687	-7.92573e-14
0.108709	-7.84613e-14
0.108732	-7.62611e-14
0.108754	-8.15976e-14
0.108777	-7.83701e-14
0.1088	-8.63306e-14
0.108822	-9.22175e-14
0.108845	-9.22304e-14
0.108867	-9.33188e-14
0.10889	-9.51799e-14
0.108913	-9.45212e-14
0.108935	-9.6728e-14
0.108958	-9.68064e-14
0.10898	-9.74168e-14
0.109003	-1.00195e-13
0.109026	-9.714e-14
0.109048	-1.03721e-13
0.109071	-9.6434e-14
0.109094	-1.07326e-13
0.109116	-9.60883e-14
0.109139	-1.11472e-13
0.109161	-9.69614e-14
0.109184	-1.16671e-13
0.109207	-9.92272e-14
0.109229	-1.20487e-13
0.109252	-1.03531e-13
0.109275	-1.25332e-13
0.109297	-1.08894e-13
0.10932	-1.29976e-13
0.109342	-1.12518e-13
0.109365	-1.34756e-13
0.109388	-1.16591e-13
0.10941	-1.3951e-13
0.109433	-1.20805e-13
0.109455	-1.44296e-13
0.109478	-1.534e-13
0.109501	-1.49465e-13
0.109523	-1.55804e-13
0.109546	-1.52992e-13
0.109569	-1.56212e-13
0.109591	-1.54494e-13
0.109614	-1.53412e-13
0.109636	-1.53445e-13
0.109659	-1.46677e-13
0.109682	-1.48251e-13
0.109704	-1.35984e-13
0.109727	-1.38623e-13
0.10975	-1.18924e-13
0.109772	-1.24924e-13
0.109795	-9.91234e-14
0.109817	-1.06029e-13
0.10984	-7.65423e-14
0.109863	-8.47108e-14
0.109885	-4.92319e-14
0.109908	-4.51768e-14
0.109931	-2.50651e-14
0.109953	-1.56456e-14
0.109976	2.18887e-14
0.109998	5.41186e-15
0.110021	3.54925e-14
0.110044	3.41382e-14
0.110066	6.21852e-14
0.110089	5.89945e-14
0.110112	7.80939e-14
0.110134	7.68776e-14
0.110157	9.79692e-14
0.11018	9.5934e-14
0.110202	1.088e-13
0.110225	1.11351e-13
0.110247	1.19557e-13
0.11027	1.18813e-13
0.110293	1.24495e-13
0.110315	1.24999e-13
0.110338	1.27166e-13
0.110361	1.27611e-13
0.110383	1.27274e-13
0.110406	1.26381e-13
0.110428	1.24342e-13
0.110451	1.22882e-13
0.110474	1.20259e-13
0.110496	1.17831e-13
0.110519	1.15362e-13
0.110542	1.12619e-13
0.110564	1.10666e-13
0.110587	1.05227e-13
0.11061	1.02744e-13
0.110632	9.97028e-14
0.110655	9.74001e-14
0.110678	9.42568e-14
0.1107	9.15527e-14
0.110723	8.90048e-14
0.110745	8.59653e-14
0.110768	8.3928e-14
0.110791	8.09059e-14
0.110813	7.89678e-14
0.110836	7.67299e-14
0.110859	1.59118e-13
0.110881	7.23488e-14
0.110904	7.09322e-14
0.110927	6.88108e-14
0.110949	1.85706e-13
0.110972	1.42182e-13
0.110995	1.76688e-13
0.111017	1.71828e-13
0.11104	1.35789e-13
0.111063	1.63331e-13
0.111085	1.30617e-13
0.111108	1.55659e-13
0.11113	1.25222e-13
0.111153	1.22823e-13
0.111176	1.21665e-13
0.111198	1.20003e-13
0.111221	1.18848e-13
0.111244	1.17667e-13
0.111266	1.16764e-13
0.111289	1.15833e-13
0.111312	1.15326e-13
0.111334	1.14572e-13
0.111357	1.30489e-13
0.11138	1.27948e-13
0.111402	1.26181e-13
0.111425	1.23826e-13
0.111448	1.22509e-13
0.11147	1.20772e-13
0.111493	1.19541e-13
0.111516	1.17522e-13
0.111538	1.16477e-13
0.111561	1.15386e-13
0.111584	1.14545e-13
0.111606	1.13038e-13
0.111629	1.12514e-13
0.111652	1.1203e-13
0.111674	1.10289e-13
0.111697	1.1007e-13
0.11172	1.08685e-13
0.111742	1.08854e-13
0.111765	1.08404e-13
0.111788	1.06864e-13
0.11181	1.0594e-13
0.111833	1.0478e-13
0.111856	1.0405e-13
0.111878	1.02658e-13
0.111901	1.01466e-13
0.111924	9.99583e-14
0.111946	9.87138e-14
0.111969	9.75305e-14
0.111992	9.49812e-14
0.112014	9.44182e-14
0.112037	9.29113e-14
0.11206	9.15348e-14
0.112082	9.0137e-14
0.112105	8.90424e-14
0.112128	8.8561e-14
0.11215	8.8095e-14
0.112173	8.82116e-14
0.112196	8.86165e-14
0.112219	9.18674e-14
0.112241	9.37156e-14
0.112264	9.62122e-14
0.112287	9.90621e-14
0.112309	1.0229e-13
0.112332	1.05677e-13
0.112355	1.08441e-13
0.112377	1.57066e-13
0.1124	1.24976e-13
0.112423	1.268e-13
0.112445	1.67435e-13
0.112468	1.70761e-13
0.112491	1.72939e-13
0.112513	1.74952e-13
0.112536	1.77049e-13
0.112559	1.79659e-13
0.112582	2.47803e-13
0.112604	2.50778e-13
0.112627	2.53057e-13
0.11265	2.55107e-13
0.112672	2.59024e-13
0.112695	2.60974e-13
0.112718	2.62587e-13
0.11274	2.63693e-13
0.112763	2.65213e-13
0.112786	2.64933e-13
0.112809	2.65362e-13
0.112831	2.65939e-13
0.112854	2.67068e-13
0.112877	2.63287e-13
0.112899	2.66409e-13
0.112922	2.6623e-13
0.112945	2.66076e-13
0.112967	2.65204e-13
0.11299	2.64961e-13
0.113013	2.63868e-13
0.113036	2.63216e-13
0.113058	2.61667e-13
0.113081	2.60702e-13
0.113104	2.5922e-13
0.113126	2.57861e-13
0.113149	2.55918e-13
0.113172	2.54578e-13
0.113195	2.52323e-13
0.113217	2.50939e-13
0.11324	2.48215e-13
0.113263	2.46436e-13
0.113285	2.44093e-13
0.113308	2.41914e-13
0.113331	2.39277e-13
0.113354	2.37869e-13
0.113376	2.35589e-13
0.113399	2.33337e-13
0.113422	2.30983e-13
0.113445	2.28551e-13
0.113467	2.26324e-13
0.11349	2.35179e-13
0.113513	2.3468e-13
0.113535	2.20436e-13
0.113558	2.18704e-13
0.113581	2.16862e-13
0.113604	2.27867e-13
0.113626	2.25156e-13
0.113649	2.23648e-13
0.113672	2.09983e-13
0.113695	2.20944e-13
0.113717	2.19687e-13
0.11374	2.18539e-13
0.113763	2.15363e-13
0.113786	2.18458e-13
0.113808	2.1626e-13
0.113831	2.17882e-13
0.113854	2.17701e-13
0.113876	2.15403e-13
0.113899	2.17405e-13
0.113922	2.18096e-13
0.113945	2.17614e-13
0.113967	2.19295e-13
0.11399	2.20895e-13
0.114013	2.21575e-13
0.114036	2.20643e-13
0.114058	2.21947e-13
0.114081	2.20959e-13
0.114104	2.22755e-13
0.114126	2.21235e-13
0.114149	2.20414e-13
0.114172	2.27504e-13
0.114195	2.24441e-13
0.114217	2.23193e-13
0.11424	2.23435e-13
0.114263	2.23303e-13
0.114286	2.22894e-13
0.114308	2.20957e-13
0.114331	2.22374e-13
0.114354	2.21863e-13
0.114376	2.20155e-13
0.114399	2.18525e-13
0.114422	2.1934e-13
0.114444	2.15841e-13
0.114467	2.16603e-13
0.11449	2.13099e-13
0.114513	2.12098e-13
0.114535	2.09765e-13
0.114558	2.08511e-13
0.114581	2.04363e-13
0.114603	2.02963e-13
0.114626	1.99069e-13
0.114649	1.94961e-13
0.114671	1.96933e-13
0.114694	1.92087e-13
0.114717	1.85979e-13
0.11474	1.83109e-13
0.114762	1.78802e-13
0.114785	1.7501e-13
0.114808	1.70322e-13
0.11483	2.28407e-13
0.114853	2.21956e-13
0.114876	2.17348e-13
0.114898	2.08944e-13
0.114921	2.05066e-13
0.114944	1.98545e-13
0.114966	1.93412e-13
0.114989	1.87125e-13
0.115012	1.83206e-13
0.115034	1.77035e-13
0.115057	1.73728e-13
0.11508	1.70172e-13
0.115102	1.65428e-13
0.115125	1.61722e-13
0.115148	1.61343e-13
0.11517	1.58448e-13
0.115193	1.56955e-13
0.115216	1.56829e-13
0.115238	1.56614e-13
0.115261	1.55782e-13
0.115284	1.59728e-13
0.115306	1.55619e-13
0.115329	1.58417e-13
0.115352	1.60408e-13
0.115374	1.60113e-13
0.115397	1.63259e-13
0.11542	1.62599e-13
0.115442	1.54242e-13
0.115465	1.54904e-13
0.115488	1.56844e-13
0.11551	1.57364e-13
0.115533	1.59631e-13
0.115556	1.5874e-13
0.115578	1.60255e-13
0.115601	1.61564e-13
0.115624	1.6262e-13
0.115646	1.63778e-13
0.115669	1.66956e-13
0.115691	1.68394e-13
0.115714	1.73085e-13
0.115737	1.78318e-13
0.115759	1.83999e-13
0.115782	1.89033e-13
0.115805	1.9589e-13
0.115827	2.03628e-13
0.11585	2.09771e-13
0.115873	2.1457e-13
0.115895	2.21344e-13
0.115918	2.2793e-13
0.11594	2.29792e-13
0.115963	2.30181e-13
0.115986	2.31745e-13
0.116008	2.28048e-13
0.116031	2.22323e-13
0.116054	2.08944e-13
0.116076	2.00047e-13
0.116099	1.9352e-13
0.116121	7.10828e-14
0.116144	6.25963e-14
0.116167	3.74372e-14
0.116189	2.49783e-14
0.116212	1.11552e-14
0.116235	-9.05012e-15
0.116257	-2.53284e-14
0.11628	-4.05913e-14
0.116302	-6.20199e-14
0.116325	-7.44998e-14
0.116348	-8.88516e-14
0.11637	-1.00905e-13
0.116393	-1.06523e-13
0.116415	-1.12121e-13
0.116438	-1.21054e-13
0.116461	-1.2469e-13
0.116483	-1.26531e-13
0.116506	-1.27405e-13
0.116528	-1.28559e-13
0.116551	-1.29482e-13
0.116574	-1.29871e-13
0.116596	-1.30356e-13
0.116619	-1.32898e-13
0.116641	-1.33187e-13
0.116664	-1.33182e-13
0.116687	-1.33855e-13
0.116709	-1.34601e-13
0.116732	-1.35484e-13
0.116754	-1.36772e-13
0.116777	-1.3816e-13
0.1168	-1.39759e-13
0.116822	-1.41683e-13
0.116845	-1.44425e-13
0.116867	-1.46032e-13
0.11689	-1.52163e-13
0.116912	-1.53953e-13
0.116935	-1.60385e-13
0.116958	-1.64754e-13
0.11698	-1.70617e-13
0.117003	-1.74072e-13
0.117025	-1.82265e-13
0.117048	-1.88515e-13
0.11707	-1.88061e-13
0.117093	-1.93125e-13
0.117116	-2.01808e-13
0.117138	-2.09993e-13
0.117161	-2.22475e-13
0.117183	-2.27556e-13
0.117206	-2.3829e-13
0.117228	-2.45224e-13
0.117251	-2.55104e-13
0.117274	-2.6255e-13
0.117296	-2.72303e-13
0.117319	-2.76707e-13
0.117341	-2.87021e-13
0.117364	-2.93539e-13
0.117386	-3.00659e-13
0.117409	-3.06419e-13
0.117432	-3.13081e-13
0.117454	-3.17875e-13
0.117477	-3.24513e-13
0.117499	-3.28686e-13
0.117522	-3.3407e-13
0.117544	-3.30651e-13
0.117567	-3.35666e-13
0.117589	-3.39353e-13
0.117612	-3.43844e-13
0.117635	-3.47601e-13
0.117657	-3.52033e-13
0.11768	-3.55587e-13
0.117702	-3.57948e-13
0.117725	-3.6206e-13
0.117747	-3.6513e-13
0.11777	-3.68373e-13
0.117792	-3.72441e-13
0.117815	-3.74969e-13
0.117837	-3.78754e-13
0.11786	-3.81354e-13
0.117883	-3.84548e-13
0.117905	-3.87719e-13
0.117928	-3.90652e-13
0.11795	-3.93169e-13
0.117973	-3.96607e-13
0.117995	-3.98981e-13
0.118018	-4.01841e-13
0.11804	-4.04499e-13
0.118063	-4.07162e-13
0.118085	-4.09716e-13
0.118108	-4.12432e-13
0.11813	-4.14654e-13
0.118153	-4.1734e-13
0.118175	-4.20575e-13
0.118198	-4.2195e-13
0.118221	-4.25455e-13
0.118243	-4.27331e-13
0.118266	-4.29423e-13
0.118288	-4.32292e-13
0.118311	-4.34058e-13
0.118333	-4.36334e-13
0.118356	-4.38955e-13
0.118378	-4.37153e-13
0.118401	-4.43196e-13
0.118423	-4.41855e-13
0.118446	-4.44384e-13
0.118468	-4.46254e-13
0.118491	-4.48674e-13
0.118513	-4.50348e-13
0.118536	-4.5274e-13
0.118558	-4.55003e-13
0.118581	-4.56753e-13
0.118603	-4.58704e-13
0.118626	-4.61654e-13
0.118648	-4.62727e-13
0.118671	-3.35061e-13
0.118693	-3.36148e-13
0.118716	-3.38272e-13
0.118738	-3.3963e-13
0.118761	-3.41326e-13
0.118783	-3.42679e-13
0.118806	-3.44605e-13
0.118829	-3.45589e-13
0.118851	-3.47636e-13
0.118874	-3.48968e-13
0.118896	-3.49965e-13
0.118919	-3.51399e-13
0.118941	-3.53078e-13
0.118964	-3.53958e-13
0.118986	-3.56294e-13
0.119009	-3.5666e-13
0.119031	-3.58153e-13
0.119054	-3.59618e-13
0.119076	-3.606e-13
0.119099	-3.62136e-13
0.119121	-3.6339e-13
0.119144	-3.6462e-13
0.119166	-3.65938e-13
0.119189	-3.67302e-13
0.119211	-3.67954e-13
0.119234	-3.69628e-13
0.119256	-3.70928e-13
0.119279	-3.71887e-13
0.119301	-3.72993e-13
0.119324	-3.74209e-13
0.119346	-3.7512e-13
0.119369	-3.76563e-13
0.119391	-3.77484e-13
0.119414	-3.78351e-13
0.119436	-3.79633e-13
0.119459	-3.80591e-13
0.119481	-3.81926e-13
0.119504	-3.82676e-13
0.119526	-3.83414e-13
0.119548	-3.84934e-13
0.119571	-3.85374e-13
0.119593	-3.86245e-13
0.119616	-3.87218e-13
0.119638	-3.88138e-13
0.119661	-3.88981e-13
0.119683	-3.89799e-13
0.119706	-3.90776e-13
0.119728	-3.91273e-13
0.119751	-3.92387e-13
0.119773	-3.92933e-13
0.119796	-3.93697e-13
0.119818	-3.9454e-13
0.119841	-3.95007e-13
0.119863	-3.95994e-13
0.119886	-3.9679e-13
0.119908	-3.97068e-13
0.119931	-3.98126e-13
0.119953	-3.98731e-13
0.119976	-3.98957e-13
0.119998	-4.00005e-13
0.120021	-4.0022e-13
0.120043	-4.01445e-13
0.120066	-4.01489e-13
0.120088	-4.02002e-13
0.120111	-4.02091e-13
0.120133	-4.03783e-13
0.120156	-4.03038e-13
0.120178	-4.04824e-13
0.120201	-4.05146e-13
0.120223	-4.05537e-13
0.120245	-4.0486e-13
0.120268	-4.05294e-13
0.12029	-4.06668e-13
0.120313	-4.07077e-13
0.120335	-4.07495e-13
0.120358	-4.0758e-13
0.12038	-4.08183e-13
0.120403	-4.06789e-13
0.120425	-4.07002e-13
0.120448	-4.07282e-13
0.12047	-4.08554e-13
0.120493	-4.09826e-13
0.120515	-4.08818e-13
0.120538	-4.10151e-13
0.12056	-4.10692e-13
0.120583	-4.08444e-13
0.120605	-4.0871e-13
0.120628	-4.1098e-13
0.12065	-4.09184e-13
0.120673	-4.10125e-13
0.120695	-4.08892e-13
0.120717	-4.09961e-13
0.12074	-4.08996e-13
0.120762	-4.08352e-13
0.120785	-4.08211e-13
0.120807	-4.09546e-13
0.12083	-4.08037e-13
0.120852	-4.09111e-13
0.120875	-4.07496e-13
0.120897	-4.08776e-13
0.12092	-4.06913e-13
0.120942	-4.08046e-13
0.120965	-4.06417e-13
0.120987	-4.07188e-13
0.12101	-4.05697e-13
0.121032	-4.04676e-13
0.121055	-4.04408e-13
0.121077	-4.03527e-13
0.1211	-4.03533e-13
0.121122	-4.02191e-13
0.121144	-4.02733e-13
0.121167	-4.01208e-13
0.121189	-4.00836e-13
0.121212	-3.9962e-13
0.121234	-3.99701e-13
0.121257	-3.99557e-13
0.121279	-3.98649e-13
0.121302	-3.96702e-13
0.121324	-3.9709e-13
0.121347	-3.95564e-13
0.121369	-3.95087e-13
0.121392	-3.93185e-13
0.121414	-3.935e-13
0.121437	-3.91024e-13
0.121459	-3.91309e-13
0.121482	-3.89124e-13
0.121504	-3.89702e-13
0.121526	-3.87111e-13
0.121549	-3.87094e-13
0.121571	-3.84854e-13
0.121594	-3.84509e-13
0.121616	-3.82317e-13
0.121639	-3.82784e-13
0.121661	-3.79274e-13
0.121684	-3.79219e-13
0.121706	-3.77254e-13
0.121729	-3.76504e-13
0.121751	-3.73969e-13
0.121774	-3.73826e-13
0.121796	-3.71018e-13
0.121819	-3.70222e-13
0.121841	-3.67965e-13
0.121864	-3.68119e-13
0.121886	-3.65063e-13
0.121908	-3.65219e-13
0.121931	-3.62414e-13
0.121953	-3.61514e-13
0.121976	-3.58765e-13
0.121998	-3.57751e-13
0.122021	-3.55064e-13
0.122043	-3.55158e-13
0.122066	-3.5151e-13
0.122088	-3.50611e-13
0.122111	-3.48025e-13
0.122133	-3.46496e-13
0.122156	-3.43859e-13
0.122178	-3.41986e-13
0.122201	-3.39607e-13
0.122223	-3.38687e-13
0.122246	-3.35487e-13
0.122268	-3.34831e-13
0.122291	-3.32219e-13
0.122313	-3.30348e-13
0.122335	-3.27718e-13
0.122358	-3.26195e-13
0.12238	-3.2303e-13
0.122403	-3.22566e-13
0.122425	-3.19728e-13
0.122448	-3.17835e-13
0.12247	-3.14997e-13
0.122493	-3.1343e-13
0.122515	-3.11216e-13
0.122538	-3.09805e-13
0.12256	-3.06297e-13
0.122583	-3.0556e-13
0.122605	-3.02462e-13
0.122628	-3.01182e-13
0.12265	-2.98382e-13
0.122673	-2.97609e-13
0.122695	-2.94515e-13
0.122718	-2.93721e-13
0.12274	-2.90025e-13
0.122763	-2.88822e-13
0.122785	-2.86312e-13
0.122808	-4.62151e-13
0.12283	-4.58216e-13
0.122853	-4.55942e-13
0.122875	-4.51606e-13
0.122897	-4.48975e-13
0.12292	-4.45175e-13
0.122942	-4.41378e-13
0.122965	-4.37575e-13
0.122987	-4.35126e-13
0.12301	-4.30785e-13
0.123032	-4.28268e-13
0.123055	-4.24671e-13
0.123077	-4.21238e-13
0.1231	-4.1708e-13
0.123122	-4.14139e-13
0.123145	-4.10584e-13
0.123167	-4.07689e-13
0.12319	-4.03463e-13
0.123212	-4.00445e-13
0.123235	-3.9685e-13
0.123257	-3.93872e-13
0.12328	-3.89932e-13
0.123302	-3.87036e-13
0.123325	-3.83042e-13
0.123347	-3.80291e-13
0.12337	-3.76833e-13
0.123392	-3.73679e-13
0.123415	-3.70136e-13
0.123437	-3.6766e-13
0.12346	-3.6393e-13
0.123482	-3.60777e-13
0.123505	-3.57735e-13
0.123527	-3.54825e-13
0.12355	-3.51664e-13
0.123572	-3.48996e-13
0.123595	-3.46404e-13
0.123617	-3.43984e-13
0.12364	-3.41266e-13
0.123662	-3.38764e-13
0.123685	-3.36484e-13
0.123707	-3.34595e-13
0.12373	-3.32279e-13
0.123752	-3.30068e-13
0.123775	-3.28393e-13
0.123797	-3.26535e-13
0.12382	-3.25052e-13
0.123842	-3.23338e-13
0.123865	-3.22223e-13
0.123887	-3.20525e-13
0.12391	-3.19518e-13
0.123932	-3.1831e-13
0.123955	-3.17558e-13
0.123977	-3.15995e-13
0.124	-3.15425e-13
0.124022	-3.14335e-13
0.124045	-3.13686e-13
0.124067	-3.12564e-13
0.12409	-3.12294e-13
0.124112	-3.16318e-13
0.124135	-3.10798e-13
0.124157	-3.14962e-13
0.12418	-3.14703e-13
0.124202	-3.13794e-13
0.124225	-3.13605e-13
0.124247	-3.12352e-13
0.12427	-3.12359e-13
0.124292	-3.11008e-13
0.124315	-3.10737e-13
0.124338	-3.09454e-13
0.12436	-3.09303e-13
0.124383	-3.07733e-13
0.124405	-3.07536e-13
0.124428	-2.1669e-13
0.12445	-2.16486e-13
0.124473	-2.1581e-13
0.124495	-2.15367e-13
0.124518	-2.14284e-13
0.12454	-2.13446e-13
0.124563	-2.12473e-13
0.124585	-2.11711e-13
0.124608	-2.10284e-13
0.12463	-2.09312e-13
0.124653	-2.07598e-13
0.124675	-2.06394e-13
0.124698	-2.04596e-13
0.12472	-2.03305e-13
0.124743	-2.02229e-13
0.124766	-1.99821e-13
0.124788	-1.98838e-13
0.124811	-1.97398e-13
0.124833	-1.94513e-13
0.124856	-1.93124e-13
0.124878	-1.90553e-13
0.124901	-1.8858e-13
0.124923	-1.8631e-13
0.124946	-1.83824e-13
0.124968	-1.81526e-13
0.124991	-1.79269e-13
0.125013	-1.76324e-13
0.125036	-1.74199e-13
0.125059	-1.71292e-13
0.125081	-1.68582e-13
0.125104	-1.65244e-13
0.125126	-1.62806e-13
0.125149	-1.59109e-13
0.125171	-1.57465e-13
0.125194	-1.53334e-13
0.125216	-1.51089e-13
0.125239	-1.46842e-13
0.125261	-1.44613e-13
0.125284	-1.40793e-13
0.125307	-1.38843e-13
0.125329	-1.34823e-13
0.125352	-1.34782e-13
0.125374	-1.31834e-13
0.125397	-1.30034e-13
0.125419	-1.25251e-13
0.125442	-1.25398e-13
0.125464	-1.23541e-13
0.125487	-1.22747e-13
0.12551	-1.21049e-13
0.125532	-1.20045e-13
0.125555	-1.18894e-13
0.125577	-1.18317e-13
0.1256	-1.17814e-13
0.125622	-1.176e-13
0.125645	-1.17513e-13
0.125668	-1.17557e-13
0.12569	-1.17787e-13
0.125713	-1.18237e-13
0.125735	-1.1876e-13
0.125758	-1.19302e-13
0.12578	-1.20111e-13
0.125803	-1.20632e-13
0.125826	-1.21565e-13
0.125848	-1.22297e-13
0.125871	-1.23267e-13
0.125893	-1.19505e-13
0.125916	-1.20246e-13
0.125938	-1.20762e-13
0.125961	-1.21934e-13
0.125984	-1.2236e-13
0.126006	-1.23473e-13
0.126029	-1.22701e-13
0.126051	-1.25152e-13
0.126074	-1.2564e-13
0.126097	-1.2677e-13
0.126119	-1.26081e-13
0.126142	-1.28554e-13
0.126164	-1.27723e-13
0.126187	-1.30107e-13
0.126209	-1.29635e-13
0.126232	-1.32011e-13
0.126255	-1.3122e-13
0.126277	-1.33767e-13
0.1263	-1.33269e-13
0.126322	-1.35464e-13
0.126345	-1.34845e-13
0.126368	-1.37235e-13
0.12639	-1.36765e-13
0.126413	-1.38998e-13
0.126435	-1.38322e-13
0.126458	-1.39962e-13
0.126481	-1.40319e-13
0.126503	-1.42653e-13
0.126526	-1.42105e-13
0.126548	-1.43802e-13
0.126571	-1.43863e-13
0.126594	-1.45405e-13
0.126616	-1.45118e-13
0.126639	-1.48004e-13
0.126662	-1.48044e-13
0.126684	-1.49562e-13
0.126707	-1.49499e-13
0.126729	-1.51507e-13
0.126752	-1.51645e-13
0.126775	-1.53216e-13
0.126797	-1.74348e-13
0.12682	-1.76104e-13
0.126842	-1.76449e-13
0.126865	-1.7806e-13
0.126888	-1.78347e-13
0.12691	-1.79808e-13
0.126933	-1.79895e-13
0.126956	-1.81412e-13
0.126978	-1.81531e-13
0.127001	-1.82968e-13
0.127023	-1.83221e-13
0.127046	-1.8471e-13
0.127069	-1.83712e-13
0.127091	-1.85452e-13
0.127114	-1.84957e-13
0.127137	-1.86551e-13
0.127159	-1.86345e-13
0.127182	-1.89538e-13
0.127205	-1.89254e-13
0.127227	-1.9014e-13
0.12725	-1.89451e-13
0.127272	-1.90198e-13
0.127295	-1.8983e-13
0.127318	-1.90389e-13
0.12734	-1.89653e-13
0.127363	-1.89924e-13
0.127386	-1.89466e-13
0.127408	-1.89765e-13
0.127431	-1.88958e-13
0.127453	-1.89059e-13
0.127476	-1.88195e-13
0.127499	-1.88083e-13
0.127521	-1.87204e-13
0.127544	-1.88414e-13
0.127567	-1.87391e-13
0.127589	-1.86654e-13
0.127612	-1.8561e-13
0.127634	-1.84919e-13
0.127657	-1.83552e-13
0.12768	-1.82604e-13
0.127702	-1.80533e-13
0.127725	-1.79746e-13
0.127748	-1.77895e-13
0.12777	-1.76117e-13
0.127793	-1.75117e-13
0.127815	-1.7432e-13
0.127838	-1.72573e-13
0.127861	-1.71528e-13
0.127883	-1.69867e-13
0.127906	-1.68934e-13
0.127928	-1.67321e-13
0.127951	-1.66188e-13
0.127974	-1.6465e-13
0.127996	-1.63571e-13
0.128019	-1.62017e-13
0.128041	-1.60997e-13
0.128064	-1.5999e-13
0.128087	-1.58378e-13
0.128109	-1.57623e-13
0.128132	-1.56085e-13
0.128154	-1.5519e-13
0.128177	-1.52738e-13
0.128199	-1.51907e-13
0.128222	-1.50363e-13
0.128245	-1.49758e-13
0.128267	-1.48218e-13
0.12829	-1.4747e-13
0.128312	-1.46029e-13
0.128335	-1.45368e-13
0.128358	-1.43955e-13
0.12838	-1.43297e-13
0.128403	-1.4192e-13
0.128425	-1.41406e-13
0.128448	-1.40139e-13
0.12847	-1.39564e-13
0.128493	-1.38257e-13
0.128516	-1.37824e-13
0.128538	-1.36748e-13
0.128561	-1.36159e-13
0.128583	-1.34958e-13
0.128606	-1.34598e-13
0.128628	-1.33299e-13
0.128651	-1.32813e-13
0.128673	-1.31781e-13
0.128696	-1.31044e-13
0.128719	-1.3023e-13
0.128741	-1.29894e-13
0.128764	-1.28702e-13
0.128786	-1.28192e-13
0.128809	-1.27045e-13
0.128831	-1.26361e-13
0.128854	-1.25527e-13
0.128876	-1.25023e-13
0.128899	-1.2385e-13
0.128921	-1.2319e-13
0.128944	-1.22139e-13
0.128967	-1.21383e-13
0.128989	-1.20275e-13
0.129012	-1.1943e-13
0.129034	-1.18405e-13
0.129057	-1.17426e-13
0.129079	-1.16369e-13
0.129102	-1.15335e-13
0.129124	-1.14292e-13
0.129147	-1.13106e-13
0.129169	-1.12049e-13
0.129192	-1.10896e-13
0.129214	-1.09757e-13
0.129237	-1.0496e-13
0.129259	-1.04318e-13
0.129282	-1.04066e-13
0.129305	-1.03585e-13
0.129327	-1.03325e-13
0.12935	-1.0265e-13
0.129372	-1.02338e-13
0.129395	-1.01684e-13
0.129417	-1.91398e-13
0.12944	-1.90079e-13
0.129462	-1.9095e-13
0.129485	-1.90037e-13
0.129507	-1.90189e-13
0.12953	-1.89355e-13
0.129552	-1.89449e-13
0.129575	-1.89522e-13
0.129597	-1.89096e-13
0.12962	-1.88284e-13
0.129642	-1.87417e-13
0.129665	-1.86669e-13
0.129687	-1.85265e-13
0.12971	-1.84711e-13
0.129732	-1.83189e-13
0.129755	-1.82342e-13
0.129777	-1.81096e-13
0.1298	-1.79806e-13
0.129822	-1.78442e-13
0.129845	-1.7709e-13
0.129867	-1.75669e-13
0.12989	-1.74244e-13
0.129912	-1.72655e-13
0.129935	-1.71362e-13
0.129957	-1.69858e-13
0.12998	-1.68248e-13
0.130002	-1.66839e-13
0.130025	-1.65275e-13
0.130047	-1.63538e-13
0.13007	-1.61985e-13
0.130092	-1.60239e-13
0.130114	-1.58481e-13
0.130137	-1.5658e-13
0.130159	-1.54657e-13
0.130182	-1.52448e-13
0.130204	-1.50034e-13
0.130227	-1.47717e-13
0.130249	-1.44819e-13
0.130272	-1.42154e-13
0.130294	-1.4033e-13
0.130317	-1.3825e-13
0.130339	-1.3552e-13
0.130362	-1.33299e-13
0.130384	-1.30377e-13
0.130407	-1.27831e-13
0.130429	-1.24381e-13
0.130452	-1.21602e-13
0.130474	-1.18237e-13
0.130496	-1.15225e-13
0.130519	-1.11745e-13
0.130541	-1.08988e-13
0.130564	-1.06491e-13
0.130586	-1.04767e-13
0.130609	-1.04305e-13
0.130631	-1.04457e-13
0.130654	-1.06738e-13
0.130676	-2.30394e-13
0.130699	-2.30206e-13
0.130721	-2.299e-13
0.130743	-2.30641e-13
0.130766	-2.31773e-13
0.130788	-2.33646e-13
0.130811	-2.35615e-13
0.130833	-2.37959e-13
0.130856	-2.40561e-13
0.130878	-2.43948e-13
0.130901	-2.48335e-13
0.130923	-2.52551e-13
0.130945	-2.56673e-13
0.130968	-2.61467e-13
0.13099	-2.66184e-13
0.131013	-2.69462e-13
0.131035	-2.73955e-13
0.131058	-2.78986e-13
0.13108	-2.83116e-13
0.131103	-2.8692e-13
0.131125	-2.91119e-13
0.131147	-2.94771e-13
0.13117	-2.98607e-13
0.131192	-3.04117e-13
0.131215	-3.07204e-13
0.131237	-3.1249e-13
0.13126	-3.15443e-13
0.131282	-3.19774e-13
0.131304	-3.23591e-13
0.131327	-3.27427e-13
0.131349	-3.322e-13
0.131372	-3.04598e-13
0.131394	-3.09754e-13
0.131417	-3.13059e-13
0.131439	-3.14643e-13
0.131461	-3.18212e-13
0.131484	-3.20254e-13
0.131506	-3.22645e-13
0.131529	-3.23976e-13
0.131551	-3.28885e-13
0.131573	-3.29636e-13
0.131596	-3.31864e-13
0.131618	-3.34208e-13
0.131641	-3.34942e-13
0.131663	-3.36613e-13
0.131686	-3.37565e-13
0.131708	-3.40271e-13
0.13173	-3.41565e-13
0.131753	-3.39925e-13
0.131775	-3.4288e-13
0.131798	-3.44476e-13
0.13182	-3.45377e-13
0.131842	-3.43263e-13
0.131865	-3.47196e-13
0.131887	-3.46076e-13
0.13191	-3.48569e-13
0.131932	-3.47089e-13
0.131954	-3.4764e-13
0.131977	-3.4725e-13
0.131999	-3.48263e-13
0.132022	-3.48617e-13
0.132044	-3.46943e-13
0.132067	-3.77118e-13
0.132089	-3.49628e-13
0.132111	-3.77916e-13
0.132134	-3.76595e-13
0.132156	-3.76248e-13
0.132179	-3.76147e-13
0.132201	-3.76795e-13
0.132223	-3.77104e-13
0.132246	-3.78537e-13
0.132268	-3.78089e-13
0.132291	-3.79678e-13
0.132313	-3.79565e-13
0.132335	-3.81156e-13
0.132358	-3.80686e-13
0.13238	-3.81895e-13
0.132402	-3.83526e-13
0.132425	-3.84336e-13
0.132447	-3.84891e-13
0.13247	-3.87871e-13
0.132492	-3.87602e-13
0.132514	-3.87734e-13
0.132537	-3.90939e-13
0.132559	-3.91986e-13
0.132582	-3.93789e-13
0.132604	-3.94385e-13
0.132626	-3.97331e-13
0.132649	-3.98814e-13
0.132671	-4.01557e-13
0.132694	-4.00527e-13
0.132716	-4.04929e-13
0.132738	-4.04683e-13
0.132761	-4.08957e-13
0.132783	-4.09439e-13
0.132805	-4.12215e-13
0.132828	-4.12638e-13
0.13285	-4.16266e-13
0.132873	-4.15777e-13
0.132895	-4.19587e-13
0.132917	-4.18758e-13
0.13294	-4.20375e-13
0.132962	-4.20713e-13
0.132985	-4.23214e-13
0.133007	-4.23837e-13
0.133029	-4.23967e-13
0.133052	-4.25063e-13
0.133074	-4.25674e-13
0.133096	-4.2716e-13
0.133119	-4.26691e-13
0.133141	-4.27122e-13
0.133164	-4.27487e-13
0.133186	-4.28077e-13
0.133208	-4.27664e-13
0.133231	-3.04896e-13
0.133253	-3.05168e-13
0.133275	-3.06003e-13
0.133298	-3.05766e-13
0.13332	-3.06807e-13
0.133343	-3.06098e-13
0.133365	-3.06286e-13
0.133387	-3.06873e-13
0.13341	-3.06629e-13
0.133432	-3.07771e-13
0.133454	-3.07562e-13
0.133477	-3.06036e-13
0.133499	-3.06201e-13
0.133521	-3.05577e-13
0.133544	-3.04867e-13
0.133566	-3.05399e-13
0.133589	-3.04759e-13
0.133611	-3.04231e-13
0.133633	-3.02914e-13
0.133656	-2.72141e-13
0.133678	-2.99889e-13
0.1337	-2.69083e-13
0.133723	-2.668e-13
0.133745	-2.99054e-13
0.133767	-2.63219e-13
0.13379	-2.63537e-13
0.133812	-2.61509e-13
0.133835	-2.6063e-13
0.133857	-2.58324e-13
0.133879	-2.89844e-13
0.133902	-2.5473e-13
0.133924	-2.53402e-13
0.133946	-2.51134e-13
0.133969	-2.50235e-13
0.133991	-2.4861e-13
0.134013	-2.47285e-13
0.134036	-2.45864e-13
0.134058	-2.46062e-13
0.134081	-2.42006e-13
0.134103	-2.41815e-13
0.134125	-2.38846e-13
0.134148	-2.39477e-13
0.13417	-2.36634e-13
0.134192	-2.36773e-13
0.134215	-2.33297e-13
0.134237	-2.33066e-13
0.134259	-2.30471e-13
0.134282	-2.30421e-13
0.134304	-2.27177e-13
0.134326	-2.28194e-13
0.134349	-2.24875e-13
0.134371	-2.25433e-13
0.134393	-2.22853e-13
0.134416	-2.23703e-13
0.134438	-2.21371e-13
0.134461	-2.21848e-13
0.134483	-2.20457e-13
0.134505	-2.20695e-13
0.134528	-2.19652e-13
0.13455	-2.21e-13
0.134572	-2.19895e-13
0.134595	-2.20455e-13
0.134617	-2.20717e-13
0.134639	-2.21261e-13
0.134662	-2.21698e-13
0.134684	-2.22528e-13
0.134706	-2.23207e-13
0.134729	-2.24212e-13
0.134751	-2.2546e-13
0.134773	-2.2939e-13
0.134796	-2.27731e-13
0.134818	-2.29868e-13
0.134841	-2.30933e-13
0.134863	-2.31206e-13
0.134885	-2.31958e-13
0.134908	-2.35411e-13
0.13493	-2.33942e-13
0.134952	-2.38817e-13
0.134975	-2.36598e-13
0.134997	-2.42363e-13
0.135019	-2.3991e-13
0.135042	-2.45581e-13
0.135064	-2.43215e-13
0.135086	-2.49384e-13
0.135109	-2.462e-13
0.135131	-2.52908e-13
0.135153	-2.50715e-13
0.135176	-2.5622e-13
0.135198	-2.54197e-13
0.13522	-2.59231e-13
0.135243	-2.58723e-13
0.135265	-2.62081e-13
0.135288	-2.62826e-13
0.13531	-2.6492e-13
0.135332	-2.66453e-13
0.135355	-2.67326e-13
0.135377	-2.71094e-13
0.135399	-2.70199e-13
0.135422	-2.74404e-13
0.135444	-2.73017e-13
0.135466	-2.77568e-13
0.135489	-2.75323e-13
0.135511	-2.82062e-13
0.135533	-2.77368e-13
0.135556	-2.85199e-13
0.135578	-2.79049e-13
0.1356	-2.88513e-13
0.135623	-2.81047e-13
0.135645	-2.91506e-13
0.135667	-2.83232e-13
0.13569	-2.94655e-13
0.135712	-2.84507e-13
0.135735	-2.97468e-13
0.135757	-2.8601e-13
0.135779	-3.00262e-13
0.135802	-2.87427e-13
0.135824	-3.03131e-13
0.135846	-2.88892e-13
0.135869	-3.05642e-13
0.135891	-2.89177e-13
0.135913	-3.06981e-13
0.135936	-2.92164e-13
0.135958	-3.09848e-13
0.13598	-2.93437e-13
0.136003	-3.11718e-13
0.136025	-2.93226e-13
0.136048	-3.12657e-13
0.13607	-2.93942e-13
0.136092	-3.14637e-13
0.136115	-2.92962e-13
0.136137	-3.15265e-13
0.136159	-2.92216e-13
0.136182	-3.16105e-13
0.136204	-2.91497e-13
0.136226	-3.17591e-13
0.136249	-2.90552e-13
0.136271	-3.17663e-13
0.136293	-2.88172e-13
0.136316	-3.17214e-13
0.136338	-2.87371e-13
0.136361	-3.16909e-13
0.136383	-2.80705e-13
0.136405	-3.15637e-13
0.136428	-2.77e-13
0.13645	-2.76855e-13
0.136472	-2.72673e-13
0.136495	-2.72712e-13
0.136517	-2.70169e-13
0.136539	-2.68902e-13
0.136562	-2.65838e-13
0.136584	-2.64834e-13
0.136607	-2.62493e-13
0.136629	-2.60165e-13
0.136651	-2.57605e-13
0.136674	-2.53906e-13
0.136696	-2.53764e-13
0.136718	-2.48126e-13
0.136741	-2.50412e-13
0.136763	-2.40477e-13
0.136785	-3.00632e-13
0.136808	-2.31663e-13
0.13683	-3.02456e-13
0.136853	-2.85746e-13
0.136875	-3.04031e-13
0.136897	-2.72101e-13
0.13692	-2.96172e-13
0.136942	-2.6438e-13
0.136964	-2.90341e-13
0.136987	-2.59038e-13
0.137009	-2.79359e-13
0.137032	-2.50145e-13
0.137054	-2.70084e-13
0.137076	-2.4235e-13
0.137099	-2.60927e-13
0.137121	-2.29197e-13
0.137143	-2.52014e-13
0.137166	-2.26267e-13
0.137188	-2.40308e-13
0.137211	-2.18531e-13
0.137233	-2.2964e-13
0.137255	-2.10115e-13
0.137278	-2.19952e-13
0.1373	-2.03136e-13
0.137322	-2.11112e-13
0.137345	-1.96649e-13
0.137367	-2.03906e-13
0.13739	-1.90739e-13
0.137412	-1.984e-13
0.137434	-1.88982e-13
0.137457	-1.956e-13
0.137479	-1.87802e-13
0.137502	-1.93815e-13
0.137524	-1.88105e-13
0.137546	-1.93762e-13
0.137569	-1.92422e-13
0.137591	-1.9615e-13
0.137613	-1.96041e-13
0.137636	-2.00928e-13
0.137658	-2.00526e-13
0.137681	-2.04331e-13
0.137703	-2.03943e-13
0.137725	-2.0789e-13
0.137748	-2.08282e-13
0.13777	-2.11937e-13
0.137793	-2.12662e-13
0.137815	-2.16312e-13
0.137837	-2.17345e-13
0.13786	-2.20363e-13
0.137882	-2.22218e-13
0.137905	-2.24184e-13
0.137927	-2.27687e-13
0.137949	-2.30031e-13
0.137972	-2.31314e-13
0.137994	-2.34752e-13
0.138017	-2.36075e-13
0.138039	-2.39808e-13
0.138061	-2.40349e-13
0.138084	-2.44583e-13
0.138106	-2.45219e-13
0.138129	-2.49825e-13
0.138151	-2.50038e-13
0.138173	-2.55925e-13
0.138196	-2.56924e-13
0.138218	-2.61747e-13
0.138241	-2.63193e-13
0.138263	-2.68626e-13
0.138286	-2.69853e-13
0.138308	-2.74994e-13
0.13833	-2.7893e-13
0.138353	-2.84994e-13
0.138375	-2.85701e-13
0.138398	-1.03049e-13
0.13842	-1.04204e-13
0.138442	-1.05529e-13
0.138465	-1.06777e-13
0.138487	-1.08447e-13
0.13851	-1.10449e-13
0.138532	-1.11593e-13
0.138555	-1.13783e-13
0.138577	-1.16556e-13
0.138599	-1.1892e-13
0.138622	-1.20079e-13
0.138644	-1.22694e-13
0.138667	-1.24504e-13
0.138689	-1.26972e-13
0.138712	-1.28722e-13
0.138734	-1.31578e-13
0.138756	-1.33251e-13
0.138779	-1.36068e-13
0.138801	-1.38359e-13
0.138824	-1.40758e-13
0.138846	-1.43543e-13
0.138869	-1.46279e-13
0.138891	-1.48937e-13
0.138913	-1.52086e-13
0.138936	-1.54563e-13
0.138958	-1.57641e-13
0.138981	-1.60581e-13
0.139003	-1.63826e-13
0.139026	-1.66517e-13
0.139048	-1.70337e-13
0.139071	-1.7332e-13
0.139093	-1.76812e-13
0.139115	-1.79247e-13
0.139138	-1.81991e-13
0.13916	-1.84982e-13
0.139183	-1.87088e-13
0.139205	-1.90172e-13
0.139228	-1.91708e-13
0.13925	-1.95057e-13
0.139273	-1.95577e-13
0.139295	-1.98252e-13
0.139318	-1.98509e-13
0.13934	-2.00659e-13
0.139362	-2.0008e-13
0.139385	-2.01594e-13
0.139407	-2.00111e-13
0.13943	-2.01221e-13
0.139452	-1.98812e-13
0.139475	-1.99539e-13
0.139497	-1.96075e-13
0.13952	-1.96441e-13
0.139542	-1.91405e-13
0.139565	-1.91444e-13
0.139587	-1.85441e-13
0.13961	-1.85342e-13
0.139632	-1.78636e-13
0.139655	-1.78552e-13
0.139677	-1.68971e-13
0.139699	-1.66986e-13
0.139722	-1.59511e-13
0.139744	-1.58282e-13
0.139767	-1.47933e-13
0.139789	-1.46035e-13
0.139812	-1.34521e-13
0.139834	-1.32247e-13
0.139857	-1.2242e-13
0.139879	-1.20531e-13
0.139902	-1.08855e-13
0.139924	-1.06842e-13
0.139947	-9.39534e-14
0.139969	-9.10777e-14
0.139992	-7.96527e-14
0.140014	-7.62284e-14
0.140037	-6.31389e-14
0.140059	-6.28384e-14
0.140082	-4.80955e-14
0.140104	-4.75004e-14
0.140127	-3.40616e-14
0.140149	-3.27469e-14
0.140172	-1.90324e-14
0.140194	-1.58906e-14
0.140217	-3.87719e-15
0.140239	-2.8942e-15
0.140262	1.06915e-14
0.140284	1.24122e-14
0.140307	2.55059e-14
0.140329	2.46705e-14
0.140352	3.88992e-14
0.140374	3.91847e-14
0.140397	5.0547e-14
0.140419	5.19198e-14
0.140442	6.31394e-14
0.140464	6.36386e-14
0.140487	7.36626e-14
0.140509	7.5112e-14
0.140532	8.43736e-14
0.140554	8.61957e-14
0.140577	9.53708e-14
0.140599	9.59331e-14
0.140621	1.04061e-13
0.140644	1.03763e-13
0.140666	1.12975e-13
0.140689	1.11661e-13
0.140711	1.20925e-13
0.140734	1.1907e-13
0.140756	1.28495e-13
0.140779	1.26193e-13
0.140801	1.34425e-13
0.140824	1.31942e-13
0.140846	1.39238e-13
0.140869	1.36517e-13
0.140891	1.44011e-13
0.140914	1.4264e-13
0.140936	1.48594e-13
0.140958	1.47307e-13
0.140981	1.51656e-13
0.141003	1.50178e-13
0.141026	1.5596e-13
0.141048	1.52099e-13
0.141071	1.57434e-13
0.141093	1.56097e-13
0.141116	1.60337e-13
0.141138	1.58545e-13
0.14116	1.62143e-13
0.141183	1.5996e-13
0.141205	1.62978e-13
0.141228	1.61439e-13
0.14125	1.64037e-13
0.141273	1.62916e-13
0.141295	1.64239e-13
0.141317	1.64137e-13
0.14134	1.64734e-13
0.141362	1.6486e-13
0.141385	1.65231e-13
0.141407	1.65252e-13
0.14143	1.64879e-13
0.141452	1.64691e-13
0.141474	1.64376e-13
0.141497	1.63763e-13
0.141519	1.63453e-13
0.141542	1.63615e-13
0.141564	1.63085e-13
0.141586	1.6274e-13
0.141609	1.61948e-13
0.141631	1.62128e-13
0.141654	1.60975e-13
0.141676	1.61117e-13
0.141698	1.60188e-13
0.141721	1.59497e-13
0.141743	1.58783e-13
0.141766	1.58679e-13
0.141788	1.57081e-13
0.14181	1.57768e-13
0.141833	1.55262e-13
0.141855	1.55795e-13
0.141878	1.53765e-13
0.1419	1.54174e-13
0.141922	1.51252e-13
0.141945	1.52121e-13
0.141967	1.49937e-13
0.141989	1.50652e-13
0.142012	1.474e-13
0.142034	1.47815e-13
0.142057	1.44702e-13
0.142079	2.48186e-13
0.142101	2.3855e-13
0.142124	2.43646e-13
0.142146	2.33101e-13
0.142168	2.37172e-13
0.142191	2.28228e-13
0.142213	2.30895e-13
0.142236	2.22043e-13
0.142258	2.21873e-13
0.14228	2.15131e-13
0.142303	2.15208e-13
0.142325	2.07788e-13
0.142347	2.07199e-13
0.14237	2.01193e-13
0.142392	1.99806e-13
0.142414	1.92471e-13
0.142437	1.9053e-13
0.142459	1.83201e-13
0.142481	1.77233e-13
0.142504	1.66247e-13
0.142526	1.63952e-13
0.142548	1.53979e-13
0.142571	1.549e-13
0.142593	1.45461e-13
0.142615	1.41822e-13
0.142638	1.35878e-13
0.14266	1.2895e-13
0.142682	1.21338e-13
0.142705	1.14838e-13
0.142727	1.06484e-13
0.142749	1.02909e-13
0.142772	9.31233e-14
0.142794	8.6803e-14
0.142816	7.92088e-14
0.142839	7.50334e-14
0.142861	6.39756e-14
0.142883	5.85173e-14
0.142906	5.16604e-14
0.142928	3.93273e-14
0.14295	3.11315e-14
0.142973	2.45158e-14
0.142995	1.96132e-14
0.143017	9.68653e-15
0.14304	2.59178e-15
0.143062	-2.46936e-15
0.143084	-1.45996e-14
0.143106	-2.11129e-14
0.143129	-3.13443e-14
0.143151	-3.78636e-14
0.143173	-4.87432e-14
0.143196	-5.35263e-14
0.143218	-6.48003e-14
0.14324	-6.79098e-14
0.143263	-8.12058e-14
0.143285	-8.31075e-14
0.143307	-9.58234e-14
0.143329	-9.79698e-14
0.143352	-1.09573e-13
0.143374	-1.10866e-13
0.143396	-1.24669e-13
0.143419	-1.22806e-13
0.143441	-1.33317e-13
0.143463	-1.32642e-13
0.143485	-1.4333e-13
0.143508	-1.43003e-13
0.14353	-1.52971e-13
0.143552	-1.51488e-13
0.143575	-1.57443e-13
0.143597	-1.56764e-13
0.143619	-1.61108e-13
0.143641	-1.58779e-13
0.143664	-1.62305e-13
0.143686	-1.60288e-13
0.143708	-1.62039e-13
0.14373	-1.59548e-13
0.143753	-1.60187e-13
0.143775	-1.57626e-13
0.143797	-1.57472e-13
0.14382	-1.54758e-13
0.143842	-1.54168e-13
0.143864	-1.5205e-13
0.143886	-1.51138e-13
0.143909	-1.49929e-13
0.143931	-1.49352e-13
0.143953	-1.48369e-13
0.143975	-1.48527e-13
0.143998	-1.487e-13
0.14402	-1.48983e-13
0.144042	-2.66711e-13
0.144064	-2.61933e-13
0.144087	-2.55538e-13
0.144109	-2.49819e-13
0.144131	-2.45421e-13
0.144153	-2.41643e-13
0.144176	-2.35997e-13
0.144198	-2.3362e-13
0.14422	-2.30618e-13
0.144242	-2.30115e-13
0.144265	-2.30397e-13
0.144287	-2.30936e-13
0.144309	-2.3508e-13
0.144331	-2.37707e-13
0.144354	-2.45197e-13
0.144376	-2.49077e-13
0.144398	-2.59423e-13
0.14442	-2.61961e-13
0.144443	-2.75334e-13
0.144465	-2.79922e-13
0.144487	-2.8711e-13
0.144509	-2.93054e-13
0.144531	-3.00787e-13
0.144554	-3.04985e-13
0.144576	-3.10154e-13
0.144598	-3.14451e-13
0.14462	-3.177e-13
0.144643	-3.23417e-13
0.144665	-3.25008e-13
0.144687	-3.31281e-13
0.144709	-3.30059e-13
0.144731	-3.38256e-13
0.144754	-3.34476e-13
0.144776	-3.41613e-13
0.144798	-3.38672e-13
0.14482	-3.46733e-13
0.144843	-3.42907e-13
0.144865	-3.51371e-13
0.144887	-3.43973e-13
0.144909	-3.52664e-13
0.144931	-3.46427e-13
0.144954	-3.51861e-13
0.144976	-3.44623e-13
0.144998	-3.50768e-13
0.14502	-3.41624e-13
0.145042	-3.47022e-13
0.145065	-3.36855e-13
0.145087	-3.4222e-13
0.145109	-3.34835e-13
0.145131	-3.37913e-13
0.145154	-3.29222e-13
0.145176	-3.31287e-13
0.145198	-3.23778e-13
0.14522	-3.24081e-13
0.145242	-3.16883e-13
0.145265	-3.17298e-13
0.145287	-3.07832e-13
0.145309	-3.08082e-13
0.145331	-3.01395e-13
0.145353	-2.97553e-13
0.145376	-2.93754e-13
0.145398	-2.88376e-13
0.14542	-2.85302e-13
0.145442	-2.76706e-13
0.145464	-2.77553e-13
0.145487	-2.64432e-13
0.145509	-2.70978e-13
0.145531	-2.53459e-13
0.145553	-2.61108e-13
0.145575	-2.40977e-13
0.145597	-2.63995e-13
0.14562	-2.38095e-13
0.145642	-2.68423e-13
0.145664	-2.39467e-13
0.145686	-2.75354e-13
0.145708	-2.46561e-13
0.145731	-2.82696e-13
0.145753	-2.59417e-13
0.145775	-2.93754e-13
0.145797	-2.73091e-13
0.145819	-3.07086e-13
0.145842	-2.87426e-13
0.145864	-3.20629e-13
0.145886	-3.04044e-13
0.145908	-3.36606e-13
0.14593	-3.18598e-13
0.145952	-3.50429e-13
0.145975	-3.35057e-13
0.145997	-3.66618e-13
0.146019	-3.50248e-13
0.146041	-3.78519e-13
0.146063	-3.64589e-13
0.146086	-3.94351e-13
0.146108	-3.80138e-13
0.14613	-4.07089e-13
0.146152	-3.94611e-13
0.146174	-4.19564e-13
0.146196	-4.10621e-13
0.146219	-4.3279e-13
0.146241	-4.2506e-13
0.146263	-4.46573e-13
0.146285	-4.39404e-13
0.146307	-4.56523e-13
0.146329	-4.53094e-13
0.146352	-4.6734e-13
0.146374	-4.67301e-13
0.146396	-4.77419e-13
0.146418	-4.77442e-13
0.14644	-4.88854e-13
0.146462	-4.887e-13
0.146485	-4.98939e-13
0.146507	-5.01526e-13
0.146529	-5.08889e-13
0.146551	-5.11058e-13
0.146573	-5.17701e-13
0.146596	-5.21504e-13
0.146618	-5.25509e-13
0.14664	-5.30585e-13
0.146662	-5.33997e-13
0.146684	-5.38976e-13
0.146706	-5.41519e-13
0.146729	-5.45763e-13
0.146751	-5.47155e-13
0.146773	-5.52607e-13
0.146795	-5.54552e-13
0.146817	-5.61533e-13
0.146839	-5.32258e-13
0.146862	-5.40517e-13
0.146884	-5.33653e-13
0.146906	-5.45041e-13
0.146928	-5.36716e-13
0.14695	-5.53267e-13
0.146972	-5.37942e-13
0.146995	-5.55121e-13
0.147017	-5.41048e-13
0.147039	-3.32346e-13
0.147061	-3.33275e-13
0.147083	-3.41123e-13
0.147105	-3.35702e-13
0.147128	-3.4197e-13
0.14715	-3.37214e-13
0.147172	-3.43429e-13
0.147194	-3.37794e-13
0.147216	-3.43794e-13
0.147238	-3.40975e-13
0.147261	-3.4566e-13
0.147283	-3.42507e-13
0.147305	-3.46762e-13
0.147327	-3.44226e-13
0.147349	-3.48013e-13
0.147371	-3.39374e-13
0.147393	-3.54e-13
0.147416	-3.47193e-13
0.147438	-3.51134e-13
0.14746	-3.48716e-13
0.147482	-3.51786e-13
0.147504	-3.50809e-13
0.147526	-3.52667e-13
0.147549	-3.50687e-13
0.147571	-3.52474e-13
0.147593	-3.51541e-13
0.147615	-3.53536e-13
0.147637	-3.52299e-13
0.147659	-3.54696e-13
0.147682	-3.52849e-13
0.147704	-3.56153e-13
0.147726	-3.53497e-13
0.147748	-3.55378e-13
0.14777	-3.53964e-13
0.147792	-3.56326e-13
0.147815	-3.54967e-13
0.147837	-3.55822e-13
0.147859	-3.54491e-13
0.147881	-3.56019e-13
0.147903	-3.55208e-13
0.147925	-3.55584e-13
0.147948	-3.55304e-13
0.14797	-3.54448e-13
0.147992	-3.55094e-13
0.148014	-3.55439e-13
0.148036	-3.54695e-13
0.148058	-3.53564e-13
0.148081	-3.54295e-13
0.148103	-3.52904e-13
0.148125	-3.52354e-13
0.148147	-3.52321e-13
0.148169	-3.52195e-13
0.148191	-3.50873e-13
0.148214	-3.51665e-13
0.148236	-3.50419e-13
0.148258	-3.50149e-13
0.14828	-3.63348e-13
0.148302	-3.63251e-13
0.148324	-3.62117e-13
0.148347	-3.61358e-13
0.148369	-3.6063e-13
0.148391	-3.59987e-13
0.148413	-3.58164e-13
0.148435	-3.58361e-13
0.148458	-3.57388e-13
0.14848	-3.564e-13
0.148502	-3.55594e-13
0.148524	-3.54702e-13
0.148546	-3.53178e-13
0.148568	-3.52916e-13
0.148591	-3.52032e-13
0.148613	-3.51283e-13
0.148635	-3.49633e-13
0.148657	-3.49157e-13
0.148679	-3.47329e-13
0.148701	-3.46888e-13
0.148724	-3.45544e-13
0.148746	-3.45099e-13
0.148768	-3.43728e-13
0.14879	-3.4337e-13
0.148812	-3.41658e-13
0.148835	-3.40788e-13
0.148857	-3.39387e-13
0.148879	-3.38584e-13
0.148901	-3.37451e-13
0.148923	-3.3549e-13
0.148945	-3.34336e-13
0.148968	-3.33783e-13
0.14899	-3.32433e-13
0.149012	-3.31796e-13
0.149034	-3.30803e-13
0.149056	-3.29813e-13
0.149079	-3.28903e-13
0.149101	-3.28206e-13
0.149123	-3.27196e-13
0.149145	-3.26632e-13
0.149167	-3.25676e-13
0.149189	-3.25076e-13
0.149212	-3.23871e-13
0.149234	-3.24051e-13
0.149256	-3.22799e-13
0.149278	-3.22245e-13
0.1493	-3.21491e-13
0.149323	-3.20676e-13
0.149345	-3.19806e-13
0.149367	-3.19421e-13
0.149389	-3.18679e-13
0.149411	-3.18086e-13
0.149434	-3.17093e-13
0.149456	-3.16637e-13
0.149478	-3.15601e-13
0.1495	-3.15181e-13
0.149522	-3.14051e-13
0.149545	-3.13708e-13
0.149567	-3.12272e-13
0.149589	-3.11889e-13
0.149611	-3.1071e-13
0.149633	-3.10068e-13
0.149656	-3.0885e-13
0.149678	-3.07405e-13
0.1497	-3.06014e-13
0.149722	-3.05193e-13
0.149744	-3.0371e-13
0.149767	-3.02439e-13
0.149789	-3.00896e-13
0.149811	-2.99785e-13
0.149833	-2.98226e-13
0.149856	-2.96299e-13
0.149878	-2.94685e-13
0.1499	-2.92839e-13
0.149922	-2.90745e-13
0.149944	-2.89041e-13
0.149967	-2.86681e-13
0.149989	-2.85348e-13
0.150011	-2.8183e-13
