0.100017	5.69622e-11
0.10004	5.7151e-11
0.100063	3.76812e-11
0.100086	3.70412e-11
0.100109	3.7174e-11
0.100132	3.74212e-11
0.100154	3.724e-11
0.100177	3.72028e-11
0.1002	3.72153e-11
0.100223	3.72749e-11
0.100246	3.75291e-11
0.100269	3.73267e-11
0.100292	3.75746e-11
0.100314	3.76956e-11
0.100337	4.13033e-11
0.10036	3.77924e-11
0.100383	3.82822e-11
0.100406	4.13383e-11
0.100429	3.83277e-11
0.100451	3.82945e-11
0.100474	3.87403e-11
0.100497	3.84581e-11
0.10052	3.85439e-11
0.100543	3.82742e-11
0.100566	3.89874e-11
0.100588	3.88129e-11
0.100611	3.90037e-11
0.100634	3.91867e-11
0.100657	3.92764e-11
0.10068	3.91539e-11
0.100703	3.96626e-11
0.100725	3.95301e-11
0.100748	3.9939e-11
0.100771	3.9962e-11
0.100794	4.02974e-11
0.100817	4.01689e-11
0.10084	4.14297e-11
0.100862	4.08123e-11
0.100885	4.1382e-11
0.100908	4.07726e-11
0.100931	4.11325e-11
0.100954	4.12412e-11
0.100976	4.27697e-11
0.100999	4.17097e-11
0.101022	4.16029e-11
0.101045	4.2058e-11
0.101068	4.23804e-11
0.10109	4.20992e-11
0.101113	4.41582e-11
0.101136	4.36946e-11
0.101159	4.34062e-11
0.101182	4.49701e-11
0.101205	4.41198e-11
0.101227	4.50347e-11
0.10125	4.28364e-11
0.101273	4.75985e-11
0.101296	4.28265e-11
0.101319	4.47408e-11
0.101341	4.55905e-11
0.101364	4.47987e-11
0.101387	4.50808e-11
0.10141	4.57773e-11
0.101432	4.66757e-11
0.101455	4.63265e-11
0.101478	4.60843e-11
0.101501	4.62187e-11
0.101524	4.68933e-11
0.101546	4.7418e-11
0.101569	4.75423e-11
0.101592	4.74322e-11
0.101615	4.81349e-11
0.101638	4.78106e-11
0.10166	4.88275e-11
0.101683	4.88779e-11
0.101706	4.89666e-11
0.101729	4.93942e-11
0.101751	4.92222e-11
0.101774	4.87635e-11
0.101797	5.31635e-11
0.10182	5.02929e-11
0.101843	5.06749e-11
0.101865	5.0924e-11
0.101888	5.12796e-11
0.101911	5.17486e-11
0.101934	5.17964e-11
0.101956	5.20424e-11
0.101979	5.22949e-11
0.102002	5.27325e-11
0.102025	5.30723e-11
0.102047	5.28655e-11
0.10207	5.40011e-11
0.102093	5.36147e-11
0.102116	5.44096e-11
0.102138	5.52092e-11
0.102161	5.47538e-11
0.102184	5.79501e-11
0.102207	5.56828e-11
0.102229	5.54449e-11
0.102252	5.60376e-11
0.102275	5.63229e-11
0.102298	5.66306e-11
0.102321	5.63705e-11
0.102343	5.71233e-11
0.102366	5.72525e-11
0.102389	5.76039e-11
0.102411	5.80458e-11
0.102434	5.86164e-11
0.102457	5.85543e-11
0.10248	5.90899e-11
0.102502	5.93493e-11
0.102525	5.96551e-11
0.102548	5.94883e-11
0.102571	6.02128e-11
0.102593	6.05442e-11
0.102616	6.09152e-11
0.102639	6.15935e-11
0.102662	6.13547e-11
0.102684	6.07826e-11
0.102707	6.357e-11
0.10273	6.26918e-11
0.102753	6.21883e-11
0.102775	6.28213e-11
0.102798	6.32465e-11
0.102821	6.3285e-11
0.102844	6.37604e-11
0.102866	6.4129e-11
0.102889	6.65255e-11
0.102912	6.58423e-11
0.102934	6.54344e-11
0.102957	6.67417e-11
0.10298	6.63117e-11
0.103003	6.75514e-11
0.103025	6.42569e-11
0.103048	6.58725e-11
0.103071	6.81893e-11
0.103093	6.52952e-11
0.103116	6.78687e-11
0.103139	6.69857e-11
0.103162	6.86499e-11
0.103184	6.93573e-11
0.103207	6.90101e-11
0.10323	6.93272e-11
0.103252	6.97345e-11
0.103275	1.37957e-10
0.103298	7.03056e-11
0.103321	1.38766e-10
0.103343	7.11421e-11
0.103366	1.39654e-10
0.103389	1.40297e-10
0.103411	1.40843e-10
0.103434	1.41618e-10
0.103457	1.43778e-10
0.10348	7.29638e-11
0.103502	1.41781e-10
0.103525	7.22096e-11
0.103548	1.46442e-10
0.10357	1.44283e-10
0.103593	1.44328e-10
0.103616	1.44825e-10
0.103638	1.45587e-10
0.103661	1.45639e-10
0.103684	1.46357e-10
0.103707	1.47489e-10
0.103729	1.47797e-10
0.103752	1.487e-10
0.103775	1.48673e-10
0.103797	1.49065e-10
0.10382	1.49812e-10
0.103843	1.51073e-10
0.103865	1.50922e-10
0.103888	1.51789e-10
0.103911	1.53451e-10
0.103933	7.69393e-11
0.103956	1.57442e-10
0.103979	1.53079e-10
0.104001	1.53044e-10
0.104024	1.53577e-10
0.104047	1.53858e-10
0.10407	1.54557e-10
0.104092	1.54777e-10
0.104115	1.55375e-10
0.104138	1.55815e-10
0.10416	1.56286e-10
0.104183	1.56236e-10
0.104206	1.57571e-10
0.104228	1.56521e-10
0.104251	1.57482e-10
0.104274	1.57853e-10
0.104296	1.57829e-10
0.104319	1.59006e-10
0.104342	1.6004e-10
0.104364	1.59522e-10
0.104387	1.59876e-10
0.10441	1.60268e-10
0.104432	1.6063e-10
0.104455	1.61163e-10
0.104478	1.60541e-10
0.1045	1.61296e-10
0.104523	1.63482e-10
0.104546	1.63044e-10
0.104568	1.63624e-10
0.104591	1.63683e-10
0.104614	1.64229e-10
0.104636	1.64476e-10
0.104659	1.67474e-10
0.104682	1.65776e-10
0.104704	1.65306e-10
0.104727	1.65916e-10
0.10475	1.71392e-10
0.104772	1.67228e-10
0.104795	1.67051e-10
0.104818	1.67472e-10
0.10484	1.67577e-10
0.104863	1.67387e-10
0.104886	1.68532e-10
0.104908	1.71123e-10
0.104931	1.68351e-10
0.104954	1.69071e-10
0.104976	1.69043e-10
0.104999	1.69339e-10
0.105022	1.71762e-10
0.105044	1.69304e-10
0.105067	1.70311e-10
0.105089	1.70065e-10
0.105112	1.70776e-10
0.105135	1.70523e-10
0.105157	1.71345e-10
0.10518	1.71487e-10
0.105203	1.71791e-10
0.105225	1.72446e-10
0.105248	1.72146e-10
0.105271	1.7051e-10
0.105293	1.71918e-10
0.105316	1.74804e-10
0.105339	1.73265e-10
0.105361	1.72927e-10
0.105384	1.73731e-10
0.105407	1.73361e-10
0.105429	1.74258e-10
0.105452	1.73618e-10
0.105474	1.7419e-10
0.105497	1.74282e-10
0.10552	1.75037e-10
0.105542	1.74465e-10
0.105565	1.75145e-10
0.105588	1.74839e-10
0.10561	1.75762e-10
0.105633	1.75411e-10
0.105656	1.76343e-10
0.105678	1.75609e-10
0.105701	1.79078e-10
0.105724	1.76271e-10
0.105746	1.80518e-10
0.105769	1.76082e-10
0.105791	1.77655e-10
0.105814	1.77093e-10
0.105837	1.77329e-10
0.105859	1.7714e-10
0.105882	1.77636e-10
0.105905	1.77337e-10
0.105927	1.78392e-10
0.10595	1.77669e-10
0.105972	1.78502e-10
0.105995	1.78067e-10
0.106018	1.7859e-10
0.10604	1.78531e-10
0.106063	1.7883e-10
0.106086	1.78951e-10
0.106108	1.79405e-10
0.106131	1.78899e-10
0.106154	1.79995e-10
0.106176	1.79275e-10
0.106199	1.7994e-10
0.106221	1.79726e-10
0.106244	1.80245e-10
0.106267	1.79249e-10
0.106289	1.81152e-10
0.106312	1.80235e-10
0.106335	1.80583e-10
0.106357	1.80116e-10
0.10638	1.81013e-10
0.106402	1.88256e-10
0.106425	1.80922e-10
0.106448	1.82124e-10
0.10647	1.81544e-10
0.106493	1.85772e-10
0.106516	1.8164e-10
0.106538	1.81658e-10
0.106561	1.82775e-10
0.106583	1.81779e-10
0.106606	1.82141e-10
0.106629	1.81974e-10
0.106651	1.8303e-10
0.106674	1.83788e-10
0.106696	1.83457e-10
0.106719	1.82289e-10
0.106742	1.82582e-10
0.106764	1.82628e-10
0.106787	1.83236e-10
0.10681	1.82548e-10
0.106832	1.83001e-10
0.106855	1.82997e-10
0.106877	1.83225e-10
0.1069	1.8277e-10
0.106923	1.83559e-10
0.106945	1.83111e-10
0.106968	1.8299e-10
0.106991	1.8441e-10
0.107013	1.86971e-10
0.107036	1.81077e-10
0.107058	1.82819e-10
0.107081	1.86316e-10
0.107104	1.84713e-10
0.107126	1.84379e-10
0.107149	1.84726e-10
0.107171	1.84292e-10
0.107194	1.84681e-10
0.107217	1.84401e-10
0.107239	1.84787e-10
0.107262	1.84233e-10
0.107285	1.84857e-10
0.107307	1.84504e-10
0.10733	1.84867e-10
0.107352	1.84264e-10
0.107375	1.84809e-10
0.107398	1.84696e-10
0.10742	1.84906e-10
0.107443	1.85373e-10
0.107465	1.84309e-10
0.107488	1.88066e-10
0.107511	1.84911e-10
0.107533	1.8881e-10
0.107556	1.81959e-10
0.107579	1.92432e-10
0.107601	1.79719e-10
0.107624	1.9586e-10
0.107646	1.7781e-10
0.107669	1.99166e-10
0.107692	1.77103e-10
0.107714	2.00253e-10
0.107737	1.78267e-10
0.107759	2.00402e-10
0.107782	1.77068e-10
0.107805	2.00585e-10
0.107827	1.76919e-10
0.10785	2.00831e-10
0.107872	1.76933e-10
0.107895	2.00869e-10
0.107918	1.76787e-10
0.10794	2.00957e-10
0.107963	1.7718e-10
0.107986	2.00556e-10
0.108008	1.76568e-10
0.108031	2.00729e-10
0.108053	1.7644e-10
0.108076	1.99781e-10
0.108099	1.77629e-10
0.108121	1.99131e-10
0.108144	1.78709e-10
0.108166	2.01775e-10
0.108189	1.75447e-10
0.108212	2.02918e-10
0.108234	1.78429e-10
0.108257	1.99749e-10
0.108279	1.75231e-10
0.108302	2.0058e-10
0.108325	1.77258e-10
0.108347	1.99801e-10
0.10837	1.75641e-10
0.108393	2.00465e-10
0.108415	1.75527e-10
0.108438	2.01353e-10
0.10846	1.75795e-10
0.108483	2.00178e-10
0.108506	1.75209e-10
0.108528	2.00214e-10
0.108551	1.75046e-10
0.108573	1.99574e-10
0.108596	1.75029e-10
0.108619	1.99332e-10
0.108641	1.74806e-10
0.108664	1.9913e-10
0.108687	1.74363e-10
0.108709	1.99202e-10
0.108732	1.74508e-10
0.108754	1.98896e-10
0.108777	1.74829e-10
0.1088	1.98579e-10
0.108822	1.72663e-10
0.108845	2.00777e-10
0.108867	1.7425e-10
0.10889	1.99057e-10
0.108913	1.73637e-10
0.108935	1.98352e-10
0.108958	1.73667e-10
0.10898	1.98039e-10
0.109003	1.73935e-10
0.109026	1.97889e-10
0.109048	1.73475e-10
0.109071	1.97489e-10
0.109094	1.73188e-10
0.109116	1.97213e-10
0.109139	1.73112e-10
0.109161	1.96559e-10
0.109184	1.73439e-10
0.109207	1.95954e-10
0.109229	1.7331e-10
0.109252	1.95612e-10
0.109275	1.73489e-10
0.109297	1.97575e-10
0.10932	1.7256e-10
0.109342	1.94927e-10
0.109365	1.72655e-10
0.109388	1.94302e-10
0.10941	1.7241e-10
0.109433	1.94067e-10
0.109455	1.72314e-10
0.109478	1.93455e-10
0.109501	1.72904e-10
0.109523	1.9244e-10
0.109546	1.72752e-10
0.109569	1.92188e-10
0.109591	1.72535e-10
0.109614	1.91569e-10
0.109636	1.73516e-10
0.109659	1.91091e-10
0.109682	1.72625e-10
0.109704	1.90489e-10
0.109727	1.73394e-10
0.10975	1.9013e-10
0.109772	1.73121e-10
0.109795	1.89304e-10
0.109817	1.72764e-10
0.10984	1.87929e-10
0.109863	1.72461e-10
0.109885	1.89694e-10
0.109908	1.75356e-10
0.109931	1.87327e-10
0.109953	1.73269e-10
0.109976	1.86462e-10
0.109998	1.74612e-10
0.110021	1.84196e-10
0.110044	1.7342e-10
0.110066	1.84728e-10
0.110089	1.73954e-10
0.110112	1.82687e-10
0.110134	1.73846e-10
0.110157	1.82494e-10
0.11018	1.73679e-10
0.110202	1.82558e-10
0.110225	1.74217e-10
0.110247	1.80611e-10
0.11027	1.73462e-10
0.110293	1.78548e-10
0.110315	1.74147e-10
0.110338	1.77298e-10
0.110361	1.74163e-10
0.110383	1.76417e-10
0.110406	1.74298e-10
0.110428	1.75573e-10
0.110451	1.74606e-10
0.110474	1.74205e-10
0.110496	1.75049e-10
0.110519	1.73462e-10
0.110542	1.74726e-10
0.110564	1.74279e-10
0.110587	1.72195e-10
0.11061	1.7313e-10
0.110632	1.741e-10
0.110655	1.72205e-10
0.110678	1.7321e-10
0.1107	1.71777e-10
0.110723	1.73655e-10
0.110745	1.71443e-10
0.110768	1.73266e-10
0.110791	1.70897e-10
0.110813	1.72709e-10
0.110836	1.71916e-10
0.110859	1.70553e-10
0.110881	1.70948e-10
0.110904	1.71887e-10
0.110927	1.7052e-10
0.110949	1.71032e-10
0.110972	1.68555e-10
0.110995	1.70842e-10
0.111017	1.69059e-10
0.11104	1.68542e-10
0.111063	1.72132e-10
0.111085	1.68022e-10
0.111108	1.68491e-10
0.11113	1.68698e-10
0.111153	1.68228e-10
0.111176	1.68542e-10
0.111198	1.67599e-10
0.111221	1.68043e-10
0.111244	1.67136e-10
0.111266	1.67511e-10
0.111289	1.66368e-10
0.111312	1.67001e-10
0.111334	1.65838e-10
0.111357	1.66436e-10
0.11138	1.64807e-10
0.111402	1.65238e-10
0.111425	1.64126e-10
0.111448	1.64714e-10
0.11147	1.63673e-10
0.111493	1.63613e-10
0.111516	1.63285e-10
0.111538	1.63507e-10
0.111561	1.62343e-10
0.111584	1.61786e-10
0.111606	1.62902e-10
0.111629	1.62468e-10
0.111652	1.61285e-10
0.111674	1.6336e-10
0.111697	1.61148e-10
0.11172	1.61329e-10
0.111742	1.58101e-10
0.111765	1.60117e-10
0.111788	1.59164e-10
0.11181	1.59012e-10
0.111833	1.58663e-10
0.111856	1.5812e-10
0.111878	1.57295e-10
0.111901	1.57888e-10
0.111924	1.56692e-10
0.111946	1.56895e-10
0.111969	1.56507e-10
0.111992	1.55917e-10
0.112014	1.55391e-10
0.112037	1.55451e-10
0.11206	1.54491e-10
0.112082	1.54277e-10
0.112105	1.5324e-10
0.112128	1.54004e-10
0.11215	1.52703e-10
0.112173	1.52834e-10
0.112196	1.52051e-10
0.112219	1.5232e-10
0.112241	1.50734e-10
0.112264	1.51308e-10
0.112287	1.50401e-10
0.112309	1.50433e-10
0.112332	1.49731e-10
0.112355	1.49968e-10
0.112377	1.47148e-10
0.1124	1.50617e-10
0.112423	1.47783e-10
0.112445	1.47807e-10
0.112468	1.47049e-10
0.112491	1.47221e-10
0.112513	1.46135e-10
0.112536	1.46162e-10
0.112559	1.4518e-10
0.112582	1.45198e-10
0.112604	1.44127e-10
0.112627	1.4421e-10
0.11265	1.43097e-10
0.112672	1.43251e-10
0.112695	1.42133e-10
0.112718	1.42183e-10
0.11274	1.41647e-10
0.112763	1.41445e-10
0.112786	1.39788e-10
0.112809	1.40044e-10
0.112831	1.39025e-10
0.112854	1.42305e-10
0.112877	1.38219e-10
0.112899	1.37985e-10
0.112922	1.3714e-10
0.112945	1.36782e-10
0.112967	1.36269e-10
0.11299	1.35813e-10
0.113013	1.34891e-10
0.113036	1.34761e-10
0.113058	1.34009e-10
0.113081	1.3392e-10
0.113104	1.32688e-10
0.113126	1.32727e-10
0.113149	1.31756e-10
0.113172	1.31465e-10
0.113195	1.3076e-10
0.113217	1.30511e-10
0.11324	1.29476e-10
0.113263	1.29279e-10
0.113285	1.28202e-10
0.113308	1.27837e-10
0.113331	1.27365e-10
0.113354	1.28264e-10
0.113376	1.26319e-10
0.113399	1.26606e-10
0.113422	1.2469e-10
0.113445	1.26226e-10
0.113467	1.25454e-10
0.11349	7.91477e-11
0.113513	7.80148e-11
0.113535	1.22274e-10
0.113558	1.21696e-10
0.113581	1.2108e-10
0.113604	7.68593e-11
0.113626	7.62781e-11
0.113649	7.5899e-11
0.113672	1.18622e-10
0.113695	7.46389e-11
0.113717	7.46589e-11
0.11374	7.38043e-11
0.113763	7.25844e-11
0.113786	7.19332e-11
0.113808	7.26334e-11
0.113831	7.09211e-11
0.113854	7.06072e-11
0.113876	7.11048e-11
0.113899	6.9747e-11
0.113922	6.87896e-11
0.113945	6.87697e-11
0.113967	6.74994e-11
0.11399	6.73932e-11
0.114013	6.6815e-11
0.114036	6.66406e-11
0.114058	6.56585e-11
0.114081	6.56219e-11
0.114104	6.47037e-11
0.114126	6.46612e-11
0.114149	6.43525e-11
0.114172	6.25407e-11
0.114195	6.24465e-11
0.114217	6.2293e-11
0.11424	6.15665e-11
0.114263	6.13214e-11
0.114286	6.04746e-11
0.114308	6.05398e-11
0.114331	5.94721e-11
0.114354	5.91634e-11
0.114376	5.84217e-11
0.114399	5.8543e-11
0.114422	5.72634e-11
0.114444	5.72785e-11
0.114467	5.65328e-11
0.11449	5.6212e-11
0.114513	5.58089e-11
0.114535	5.53909e-11
0.114558	5.46483e-11
0.114581	5.44836e-11
0.114603	5.37312e-11
0.114626	5.5476e-11
0.114649	5.33794e-11
0.114671	5.259e-11
0.114694	5.16082e-11
0.114717	5.16183e-11
0.11474	5.10101e-11
0.114762	5.08092e-11
0.114785	4.99979e-11
0.114808	5.00012e-11
0.11483	4.91801e-11
0.114853	4.8936e-11
0.114876	4.82798e-11
0.114898	4.80381e-11
0.114921	4.76214e-11
0.114944	4.76329e-11
0.114966	4.63183e-11
0.114989	4.63313e-11
0.115012	4.57202e-11
0.115034	4.54367e-11
0.115057	4.44504e-11
0.11508	4.64588e-11
0.115102	4.45651e-11
0.115125	4.39094e-11
0.115148	4.44191e-11
0.11517	4.34842e-11
0.115193	4.28864e-11
0.115216	4.307e-11
0.115238	4.24059e-11
0.115261	4.16686e-11
0.115284	4.23307e-11
0.115306	4.04452e-11
0.115329	4.08555e-11
0.115352	4.05899e-11
0.115374	4.03607e-11
0.115397	3.96295e-11
0.11542	3.94484e-11
0.115442	3.90603e-11
0.115465	3.88127e-11
0.115488	3.83544e-11
0.11551	3.81684e-11
0.115533	3.8133e-11
0.115556	3.78266e-11
0.115578	3.70178e-11
0.115601	3.6783e-11
0.115624	3.63272e-11
0.115646	3.63616e-11
0.115669	3.53594e-11
0.115691	3.55753e-11
0.115714	3.52648e-11
0.115737	3.48474e-11
0.115759	3.41176e-11
0.115782	3.41467e-11
0.115805	3.39298e-11
0.115827	3.41506e-11
0.11585	3.32191e-11
0.115873	3.32459e-11
0.115895	3.26668e-11
0.115918	3.32958e-11
0.11594	3.31987e-11
0.115963	3.22152e-11
0.115986	3.23138e-11
0.116008	3.22111e-11
0.116031	3.15542e-11
0.116054	3.1895e-11
0.116076	3.13888e-11
0.116099	3.15806e-11
0.116121	3.11233e-11
0.116144	3.15224e-11
0.116167	3.15107e-11
0.116189	3.13104e-11
0.116212	3.0951e-11
0.116235	3.15916e-11
0.116257	3.10935e-11
0.11628	3.14611e-11
0.116302	3.12687e-11
0.116325	3.19504e-11
0.116348	3.16498e-11
0.11637	3.22511e-11
0.116393	3.27164e-11
0.116415	3.3622e-11
0.116438	3.33438e-11
0.116461	3.31066e-11
0.116483	3.35848e-11
0.116506	3.31624e-11
0.116528	3.39047e-11
0.116551	3.39535e-11
0.116574	3.42257e-11
0.116596	3.46307e-11
0.116619	3.55471e-11
0.116641	3.53598e-11
0.116664	3.62373e-11
0.116687	3.67408e-11
0.116709	3.69537e-11
0.116732	3.74698e-11
0.116754	3.84254e-11
0.116777	3.81764e-11
0.1168	4.03673e-11
0.116822	3.9484e-11
0.116845	3.93199e-11
0.116867	3.96892e-11
0.11689	4.15461e-11
0.116912	4.11248e-11
0.116935	4.21716e-11
0.116958	4.24603e-11
0.11698	4.25414e-11
0.117003	4.30461e-11
0.117025	4.36816e-11
0.117048	4.49899e-11
0.11707	4.45952e-11
0.117093	4.49241e-11
0.117116	4.5369e-11
0.117138	4.55601e-11
0.117161	4.67102e-11
0.117183	4.70275e-11
0.117206	4.74536e-11
0.117228	4.77834e-11
0.117251	4.81417e-11
0.117274	4.852e-11
0.117296	4.87789e-11
0.117319	4.94674e-11
0.117341	4.96156e-11
0.117364	5.01171e-11
0.117386	5.04184e-11
0.117409	5.06481e-11
0.117432	5.10828e-11
0.117454	5.13592e-11
0.117477	5.16238e-11
0.117499	5.17607e-11
0.117522	5.24108e-11
0.117544	5.25196e-11
0.117567	5.29698e-11
0.117589	5.33073e-11
0.117612	5.34429e-11
0.117635	5.38079e-11
0.117657	5.39194e-11
0.11768	5.41894e-11
0.117702	5.49529e-11
0.117725	5.51621e-11
0.117747	5.51056e-11
0.11777	5.54299e-11
0.117792	5.59053e-11
0.117815	5.59654e-11
0.117837	5.63366e-11
0.11786	5.64409e-11
0.117883	5.66808e-11
0.117905	5.69112e-11
0.117928	5.70553e-11
0.11795	5.73497e-11
0.117973	5.755e-11
0.117995	5.7751e-11
0.118018	5.80289e-11
0.11804	5.82687e-11
0.118063	5.85413e-11
0.118085	5.86281e-11
0.118108	5.88655e-11
0.11813	5.91959e-11
0.118153	5.94483e-11
0.118175	6.06032e-11
0.118198	5.97294e-11
0.118221	6.15947e-11
0.118243	6.00073e-11
0.118266	6.0339e-11
0.118288	6.04863e-11
0.118311	6.05807e-11
0.118333	6.07535e-11
0.118356	6.10422e-11
0.118378	6.0957e-11
0.118401	6.12644e-11
0.118423	6.12504e-11
0.118446	6.22092e-11
0.118468	6.2034e-11
0.118491	6.24183e-11
0.118513	6.22964e-11
0.118536	6.28521e-11
0.118558	6.26216e-11
0.118581	6.29348e-11
0.118603	6.2722e-11
0.118626	6.43881e-11
0.118648	6.36991e-11
0.118671	6.38423e-11
0.118693	6.36485e-11
0.118716	6.41591e-11
0.118738	6.3689e-11
0.118761	6.43495e-11
0.118783	6.41254e-11
0.118806	6.47222e-11
0.118829	6.35247e-11
0.118851	6.53965e-11
0.118874	6.43996e-11
0.118896	6.47184e-11
0.118919	6.4925e-11
0.118941	6.52029e-11
0.118964	6.50136e-11
0.118986	6.54816e-11
0.119009	6.53117e-11
0.119031	6.55951e-11
0.119054	6.55853e-11
0.119076	6.59847e-11
0.119099	6.58825e-11
0.119121	6.63177e-11
0.119144	6.61177e-11
0.119166	6.66651e-11
0.119189	6.6577e-11
0.119211	6.66284e-11
0.119234	6.68892e-11
0.119256	6.68686e-11
0.119279	6.70401e-11
0.119301	6.73035e-11
0.119324	6.72019e-11
0.119346	6.74733e-11
0.119369	6.75984e-11
0.119391	6.76225e-11
0.119414	6.77469e-11
0.119436	6.78275e-11
0.119459	6.80506e-11
0.119481	6.94044e-11
0.119504	6.80552e-11
0.119526	6.86908e-11
0.119548	6.95264e-11
0.119571	6.87819e-11
0.119593	6.86525e-11
0.119616	6.89595e-11
0.119638	6.90136e-11
0.119661	6.91924e-11
0.119683	6.89805e-11
0.119706	6.95092e-11
0.119728	6.92124e-11
0.119751	6.97563e-11
0.119773	6.93629e-11
0.119796	6.99874e-11
0.119818	6.97932e-11
0.119841	6.98918e-11
0.119863	7.00536e-11
0.119886	7.03108e-11
0.119908	7.05139e-11
0.119931	7.09296e-11
0.119953	7.03965e-11
0.119976	7.06729e-11
0.119998	7.21366e-11
0.120021	7.08531e-11
0.120043	7.18978e-11
0.120066	7.10964e-11
0.120088	7.08886e-11
0.120111	7.1364e-11
0.120133	7.23943e-11
0.120156	7.12752e-11
0.120178	7.28696e-11
0.120201	7.29782e-11
0.120223	7.3221e-11
0.120245	7.22349e-11
0.120268	7.18439e-11
0.12029	7.3368e-11
0.120313	7.33195e-11
0.120335	7.36021e-11
0.120358	7.32855e-11
0.12038	7.4e-11
0.120403	7.22001e-11
0.120425	7.27874e-11
0.120448	7.23394e-11
0.12047	7.33675e-11
0.120493	7.40559e-11
0.120515	7.2971e-11
0.120538	7.40457e-11
0.12056	7.53798e-11
0.120583	7.25051e-11
0.120605	7.2977e-11
0.120628	7.53601e-11
0.12065	7.35841e-11
0.120673	7.4729e-11
0.120695	7.38637e-11
0.120717	7.46738e-11
0.12074	7.41697e-11
0.120762	7.38226e-11
0.120785	7.39254e-11
0.120807	7.5095e-11
0.12083	7.46322e-11
0.120852	7.51738e-11
0.120875	7.46438e-11
0.120897	7.54276e-11
0.12092	7.47861e-11
0.120942	7.59193e-11
0.120965	7.50017e-11
0.120987	7.60205e-11
0.12101	7.50948e-11
0.121032	7.4885e-11
0.121055	7.53664e-11
0.121077	7.50286e-11
0.1211	7.55839e-11
0.121122	7.50538e-11
0.121144	7.56181e-11
0.121167	7.53908e-11
0.121189	7.57061e-11
0.121212	7.58148e-11
0.121234	7.6173e-11
0.121257	7.66884e-11
0.121279	7.63788e-11
0.121302	7.59262e-11
0.121324	7.62283e-11
0.121347	7.60755e-11
0.121369	7.69285e-11
0.121392	7.62101e-11
0.121414	7.68471e-11
0.121437	7.62848e-11
0.121459	7.7211e-11
0.121482	7.65113e-11
0.121504	7.71696e-11
0.121526	7.67775e-11
0.121549	7.73743e-11
0.121571	7.71479e-11
0.121594	7.73995e-11
0.121616	7.70596e-11
0.121639	7.79643e-11
0.121661	7.7311e-11
0.121684	7.80373e-11
0.121706	7.78456e-11
0.121729	7.79308e-11
0.121751	7.7684e-11
0.121774	7.94996e-11
0.121796	7.78686e-11
0.121819	7.85659e-11
0.121841	7.81512e-11
0.121864	7.8759e-11
0.121886	7.80972e-11
0.121908	7.93626e-11
0.121931	7.86959e-11
0.121953	7.96178e-11
0.121976	7.88491e-11
0.121998	7.94118e-11
0.122021	7.90109e-11
0.122043	7.97005e-11
0.122066	7.91971e-11
0.122088	8.00817e-11
0.122111	7.93271e-11
0.122133	8.02924e-11
0.122156	7.97863e-11
0.122178	8.02831e-11
0.122201	7.98337e-11
0.122223	8.09227e-11
0.122246	8.02495e-11
0.122268	8.09231e-11
0.122291	8.01384e-11
0.122313	8.1009e-11
0.122335	8.09198e-11
0.122358	8.06654e-11
0.12238	8.05758e-11
0.122403	8.19678e-11
0.122425	8.12723e-11
0.122448	8.15288e-11
0.12247	8.12601e-11
0.122493	8.17626e-11
0.122515	8.15398e-11
0.122538	8.22025e-11
0.12256	8.18456e-11
0.122583	8.21439e-11
0.122605	8.17893e-11
0.122628	8.24361e-11
0.12265	8.25821e-11
0.122673	8.29914e-11
0.122695	8.24771e-11
0.122718	8.31713e-11
0.12274	8.2723e-11
0.122763	8.33251e-11
0.122785	8.28664e-11
0.122808	8.38314e-11
0.12283	8.33736e-11
0.122853	8.38527e-11
0.122875	8.35633e-11
0.122897	8.41268e-11
0.12292	8.38533e-11
0.122942	8.43533e-11
0.122965	8.43741e-11
0.122987	8.48772e-11
0.12301	8.40408e-11
0.123032	8.46575e-11
0.123055	8.50111e-11
0.123077	8.50985e-11
0.1231	8.513e-11
0.123122	8.57279e-11
0.123145	8.52089e-11
0.123167	8.57025e-11
0.12319	8.54465e-11
0.123212	8.61386e-11
0.123235	8.57445e-11
0.123257	8.62478e-11
0.12328	8.5823e-11
0.123302	8.6549e-11
0.123325	8.62255e-11
0.123347	8.70032e-11
0.12337	8.67135e-11
0.123392	8.71563e-11
0.123415	8.70517e-11
0.123437	8.74265e-11
0.12346	8.71475e-11
0.123482	8.77937e-11
0.123505	8.76672e-11
0.123527	8.77892e-11
0.12355	8.80714e-11
0.123572	8.84893e-11
0.123595	8.81075e-11
0.123617	8.84199e-11
0.12364	8.86397e-11
0.123662	8.88384e-11
0.123685	8.83358e-11
0.123707	8.67205e-11
0.12373	8.90535e-11
0.123752	8.96222e-11
0.123775	8.93398e-11
0.123797	8.97271e-11
0.12382	8.93964e-11
0.123842	8.99609e-11
0.123865	8.96458e-11
0.123887	9.03375e-11
0.12391	9.06061e-11
0.123932	9.02394e-11
0.123955	9.05065e-11
0.123977	9.0951e-11
0.124	9.07558e-11
0.124022	9.0842e-11
0.124045	9.07219e-11
0.124067	9.12515e-11
0.12409	9.09585e-11
0.124112	9.14715e-11
0.124135	9.11334e-11
0.124157	9.16645e-11
0.12418	9.17153e-11
0.124202	9.18669e-11
0.124225	9.15916e-11
0.124247	9.23482e-11
0.12427	9.20846e-11
0.124292	9.26018e-11
0.124315	9.23123e-11
0.124338	9.25547e-11
0.12436	9.27609e-11
0.124383	9.3043e-11
0.124405	9.27698e-11
0.124428	9.33009e-11
0.12445	9.30676e-11
0.124473	9.35495e-11
0.124495	9.33781e-11
0.124518	9.40863e-11
0.12454	9.38853e-11
0.124563	9.40475e-11
0.124585	9.38546e-11
0.124608	9.43328e-11
0.12463	9.41849e-11
0.124653	9.50949e-11
0.124675	9.43759e-11
0.124698	9.50458e-11
0.12472	9.46584e-11
0.124743	9.46639e-11
0.124766	9.49764e-11
0.124788	9.48349e-11
0.124811	9.45991e-11
0.124833	9.56511e-11
0.124856	9.52079e-11
0.124878	9.57015e-11
0.124901	9.54106e-11
0.124923	9.56735e-11
0.124946	9.54519e-11
0.124968	9.58558e-11
0.124991	9.54428e-11
0.125013	9.60733e-11
0.125036	9.56747e-11
0.125059	9.64227e-11
0.125081	9.60234e-11
0.125104	9.65361e-11
0.125126	9.61927e-11
0.125149	9.66937e-11
0.125171	9.64795e-11
0.125194	9.69089e-11
0.125216	9.67433e-11
0.125239	9.70807e-11
0.125261	9.68443e-11
0.125284	9.73765e-11
0.125307	9.69212e-11
0.125329	9.67896e-11
0.125352	9.80688e-11
0.125374	9.77908e-11
0.125397	9.71895e-11
0.125419	9.72496e-11
0.125442	9.81009e-11
0.125464	9.78707e-11
0.125487	9.74021e-11
0.12551	9.82124e-11
0.125532	9.74815e-11
0.125555	9.78721e-11
0.125577	9.75715e-11
0.1256	9.80022e-11
0.125622	9.78283e-11
0.125645	9.8335e-11
0.125668	9.78634e-11
0.12569	9.81978e-11
0.125713	9.81123e-11
0.125735	9.80827e-11
0.125758	9.81381e-11
0.12578	9.85535e-11
0.125803	9.81196e-11
0.125826	9.89775e-11
0.125848	9.79212e-11
0.125871	9.84406e-11
0.125893	9.82072e-11
0.125916	9.85615e-11
0.125938	9.81452e-11
0.125961	9.89126e-11
0.125984	9.82644e-11
0.126006	9.86293e-11
0.126029	9.77942e-11
0.126051	9.84003e-11
0.126074	9.83745e-11
0.126097	9.88762e-11
0.126119	9.77171e-11
0.126142	9.8826e-11
0.126164	9.71844e-11
0.126187	9.88754e-11
0.126209	9.79717e-11
0.126232	9.88704e-11
0.126255	9.77661e-11
0.126277	9.85894e-11
0.1263	9.78287e-11
0.126322	9.84702e-11
0.126345	9.75827e-11
0.126368	9.88186e-11
0.12639	9.78309e-11
0.126413	9.85851e-11
0.126435	9.76598e-11
0.126458	9.79187e-11
0.126481	9.76848e-11
0.126503	9.84506e-11
0.126526	9.73994e-11
0.126548	9.78884e-11
0.126571	9.73827e-11
0.126594	9.82632e-11
0.126616	9.7056e-11
0.126639	9.87786e-11
0.126662	9.72231e-11
0.126684	9.75529e-11
0.126707	9.73447e-11
0.126729	9.7766e-11
0.126752	9.70937e-11
0.126775	9.73106e-11
0.126797	9.69553e-11
0.12682	9.74377e-11
0.126842	9.67265e-11
0.126865	9.70934e-11
0.126888	9.66777e-11
0.12691	9.70609e-11
0.126933	9.65196e-11
0.126956	9.66382e-11
0.126978	9.6119e-11
0.127001	9.68111e-11
0.127023	9.64792e-11
0.127046	9.70448e-11
0.127069	9.66788e-11
0.127091	9.63197e-11
0.127114	9.5887e-11
0.127137	9.67962e-11
0.127159	9.54718e-11
0.127182	9.57968e-11
0.127205	9.51615e-11
0.127227	9.55932e-11
0.12725	9.4988e-11
0.127272	9.52333e-11
0.127295	9.46122e-11
0.127318	9.48606e-11
0.12734	9.45559e-11
0.127363	9.47888e-11
0.127386	9.41545e-11
0.127408	9.4279e-11
0.127431	9.3662e-11
0.127453	9.42544e-11
0.127476	9.36828e-11
0.127499	9.33821e-11
0.127521	9.29117e-11
0.127544	9.30646e-11
0.127567	9.22579e-11
0.127589	9.28277e-11
0.127612	9.20787e-11
0.127634	9.25852e-11
0.127657	9.13555e-11
0.12768	9.21276e-11
0.127702	9.12066e-11
0.127725	9.21492e-11
0.127748	9.07289e-11
0.12777	9.07268e-11
0.127793	9.05506e-11
0.127815	9.10727e-11
0.127838	8.96823e-11
0.127861	9.03595e-11
0.127883	8.91838e-11
0.127906	8.97411e-11
0.127928	8.86346e-11
0.127951	8.95703e-11
0.127974	8.80866e-11
0.127996	8.87218e-11
0.128019	8.7842e-11
0.128041	8.81808e-11
0.128064	8.75765e-11
0.128087	8.75713e-11
0.128109	8.69867e-11
0.128132	8.72275e-11
0.128154	8.65811e-11
0.128177	8.64866e-11
0.128199	8.59736e-11
0.128222	8.58911e-11
0.128245	8.54885e-11
0.128267	8.54068e-11
0.12829	8.45633e-11
0.128312	8.4655e-11
0.128335	8.39584e-11
0.128358	8.40862e-11
0.12838	8.3575e-11
0.128403	8.31916e-11
0.128425	8.29746e-11
0.128448	8.2877e-11
0.12847	8.21229e-11
0.128493	8.18469e-11
0.128516	8.1484e-11
0.128538	8.14313e-11
0.128561	8.07231e-11
0.128583	8.06231e-11
0.128606	7.99996e-11
0.128628	7.99486e-11
0.128651	7.91663e-11
0.128673	7.90848e-11
0.128696	7.84675e-11
0.128719	7.87101e-11
0.128741	7.77932e-11
0.128764	7.80398e-11
0.128786	7.72694e-11
0.128809	7.71014e-11
0.128831	7.62747e-11
0.128854	7.63438e-11
0.128876	7.53439e-11
0.128899	7.55771e-11
0.128921	7.51634e-11
0.128944	7.47674e-11
0.128967	7.41693e-11
0.128989	7.37536e-11
0.129012	7.32744e-11
0.129034	7.29524e-11
0.129057	7.22895e-11
0.129079	7.22988e-11
0.129102	7.15478e-11
0.129124	7.13561e-11
0.129147	7.06408e-11
0.129169	7.05046e-11
0.129192	7.00366e-11
0.129214	7.02155e-11
0.129237	6.93121e-11
0.129259	6.88495e-11
0.129282	6.79477e-11
0.129305	6.78635e-11
0.129327	6.73172e-11
0.12935	6.70949e-11
0.129372	6.62921e-11
0.129395	6.62127e-11
0.129417	6.56045e-11
0.12944	6.51432e-11
0.129462	6.44956e-11
0.129485	6.4402e-11
0.129507	6.39779e-11
0.12953	6.35671e-11
0.129552	6.25812e-11
0.129575	6.28913e-11
0.129597	6.18336e-11
0.12962	6.17452e-11
0.129642	6.08355e-11
0.129665	6.06957e-11
0.129687	6.0227e-11
0.12971	6.00105e-11
0.129732	5.93653e-11
0.129755	5.91756e-11
0.129777	5.82101e-11
0.1298	5.81216e-11
0.129822	5.72405e-11
0.129845	5.71612e-11
0.129867	5.63252e-11
0.12989	5.62558e-11
0.129912	5.54026e-11
0.129935	5.52446e-11
0.129957	5.48806e-11
0.12998	5.47873e-11
0.130002	5.40288e-11
0.130025	5.40639e-11
0.130047	5.30587e-11
0.13007	5.28587e-11
0.130092	5.21042e-11
0.130114	5.21518e-11
0.130137	5.11128e-11
0.130159	5.13003e-11
0.130182	5.05559e-11
0.130204	5.03412e-11
0.130227	4.98331e-11
0.130249	4.93988e-11
0.130272	4.8826e-11
0.130294	4.85202e-11
0.130317	4.80924e-11
0.130339	4.76684e-11
0.130362	4.71108e-11
0.130384	4.70232e-11
0.130407	4.65154e-11
0.130429	4.6275e-11
0.130452	4.56742e-11
0.130474	4.53452e-11
0.130496	4.50988e-11
0.130519	4.46882e-11
0.130541	4.44212e-11
0.130564	4.427e-11
0.130586	4.42514e-11
0.130609	4.34253e-11
0.130631	4.34754e-11
0.130654	4.264e-11
0.130676	4.25509e-11
0.130699	4.22313e-11
0.130721	4.26021e-11
0.130743	4.1506e-11
0.130766	4.14413e-11
0.130788	4.09709e-11
0.130811	4.08443e-11
0.130833	4.05182e-11
0.130856	4.04785e-11
0.130878	4.0266e-11
0.130901	4.01215e-11
0.130923	4.02309e-11
0.130945	3.97323e-11
0.130968	3.99288e-11
0.13099	3.97316e-11
0.131013	3.96514e-11
0.131035	3.92093e-11
0.131058	3.94176e-11
0.13108	3.93347e-11
0.131103	3.95229e-11
0.131125	3.90832e-11
0.131147	3.92869e-11
0.13117	3.90789e-11
0.131192	3.93607e-11
0.131215	3.90716e-11
0.131237	3.91852e-11
0.13126	3.91897e-11
0.131282	3.92813e-11
0.131304	3.9366e-11
0.131327	3.95809e-11
0.131349	3.93308e-11
0.131372	4.00017e-11
0.131394	3.96787e-11
0.131417	3.9985e-11
0.131439	4.00534e-11
0.131461	4.0334e-11
0.131484	4.00717e-11
0.131506	4.08092e-11
0.131529	4.07388e-11
0.131551	4.04824e-11
0.131573	4.15083e-11
0.131596	4.11289e-11
0.131618	4.14747e-11
0.131641	4.16501e-11
0.131663	4.14639e-11
0.131686	4.21632e-11
0.131708	4.25665e-11
0.13173	4.26825e-11
0.131753	4.25498e-11
0.131775	4.28942e-11
0.131798	4.36513e-11
0.13182	4.35436e-11
0.131842	4.34571e-11
0.131865	4.4565e-11
0.131887	4.45793e-11
0.13191	4.48351e-11
0.131932	4.46606e-11
0.131954	4.5235e-11
0.131977	4.57732e-11
0.131999	4.59133e-11
0.132022	4.63e-11
0.132044	4.68321e-11
0.132067	4.69057e-11
0.132089	4.71215e-11
0.132111	4.77663e-11
0.132134	4.75278e-11
0.132156	4.8198e-11
0.132179	4.87547e-11
0.132201	4.88151e-11
0.132223	4.92694e-11
0.132246	5.00749e-11
0.132268	4.98627e-11
0.132291	5.02073e-11
0.132313	5.07065e-11
0.132335	5.10127e-11
0.132358	5.13907e-11
0.13238	5.20459e-11
0.132402	5.16719e-11
0.132425	5.23941e-11
0.132447	5.31591e-11
0.13247	5.38081e-11
0.132492	5.33885e-11
0.132514	5.46016e-11
0.132537	5.41597e-11
0.132559	5.54061e-11
0.132582	5.50182e-11
0.132604	5.62742e-11
0.132626	5.55605e-11
0.132649	5.67182e-11
0.132671	5.67311e-11
0.132694	5.78946e-11
0.132716	5.7457e-11
0.132738	5.89577e-11
0.132761	5.80175e-11
0.132783	5.92041e-11
0.132805	5.89623e-11
0.132828	5.97914e-11
0.13285	5.95407e-11
0.132873	6.07882e-11
0.132895	5.99537e-11
0.132917	6.13253e-11
0.13294	6.1366e-11
0.132962	6.21164e-11
0.132985	6.17844e-11
0.133007	6.28929e-11
0.133029	6.27897e-11
0.133052	6.33535e-11
0.133074	6.32134e-11
0.133096	6.45353e-11
0.133119	6.3775e-11
0.133141	6.50252e-11
0.133164	6.44619e-11
0.133186	6.59483e-11
0.133208	6.49778e-11
0.133231	6.60462e-11
0.133253	6.59272e-11
0.133275	6.67223e-11
0.133298	6.6637e-11
0.13332	6.75532e-11
0.133343	6.68288e-11
0.133365	6.79281e-11
0.133387	6.79529e-11
0.13341	6.91832e-11
0.133432	6.85295e-11
0.133454	6.92404e-11
0.133477	6.9461e-11
0.133499	7.01642e-11
0.133521	6.99083e-11
0.133544	7.08781e-11
0.133566	7.02302e-11
0.133589	7.11547e-11
0.133611	7.10698e-11
0.133633	7.17378e-11
0.133656	7.14857e-11
0.133678	7.23519e-11
0.1337	7.21912e-11
0.133723	7.3145e-11
0.133745	7.27414e-11
0.133767	7.33123e-11
0.13379	7.35372e-11
0.133812	7.38646e-11
0.133835	7.38826e-11
0.133857	7.44891e-11
0.133879	7.48896e-11
0.133902	7.50596e-11
0.133924	7.49556e-11
0.133946	7.58019e-11
0.133969	7.52782e-11
0.133991	7.61669e-11
0.134013	7.59998e-11
0.134036	7.64096e-11
0.134058	7.59729e-11
0.134081	7.71487e-11
0.134103	7.65096e-11
0.134125	7.80191e-11
0.134148	7.71089e-11
0.13417	7.80368e-11
0.134192	7.78968e-11
0.134215	7.85919e-11
0.134237	7.87154e-11
0.134259	7.8145e-11
0.134282	7.90648e-11
0.134304	7.96865e-11
0.134326	7.96807e-11
0.134349	7.98559e-11
0.134371	7.98944e-11
0.134393	8.00952e-11
0.134416	8.00833e-11
0.134438	8.05446e-11
0.134461	8.08336e-11
0.134483	8.05039e-11
0.134505	8.11615e-11
0.134528	8.17748e-11
0.13455	8.22212e-11
0.134572	8.16926e-11
0.134595	8.22418e-11
0.134617	8.2146e-11
0.134639	8.22133e-11
0.134662	8.27603e-11
0.134684	8.32653e-11
0.134706	8.28262e-11
0.134729	8.32029e-11
0.134751	8.32239e-11
0.134773	8.40705e-11
0.134796	8.36864e-11
0.134818	8.41103e-11
0.134841	8.41437e-11
0.134863	8.47152e-11
0.134885	8.46956e-11
0.134908	8.47597e-11
0.13493	8.48475e-11
0.134952	8.53601e-11
0.134975	8.56381e-11
0.134997	8.47262e-11
0.135019	8.57193e-11
0.135042	8.4719e-11
0.135064	8.61651e-11
0.135086	8.43603e-11
0.135109	8.59219e-11
0.135131	8.57724e-11
0.135153	8.79951e-11
0.135176	8.4757e-11
0.135198	8.70381e-11
0.13522	8.49743e-11
0.135243	8.81125e-11
0.135265	8.48629e-11
0.135288	8.84143e-11
0.13531	8.5203e-11
0.135332	8.85577e-11
0.135355	8.48928e-11
0.135377	9.00762e-11
0.135399	8.57492e-11
0.135422	8.96791e-11
0.135444	8.61275e-11
0.135466	8.99353e-11
0.135489	8.65019e-11
0.135511	9.07887e-11
0.135533	8.67115e-11
0.135556	9.11387e-11
0.135578	8.6779e-11
0.1356	9.15183e-11
0.135623	8.74295e-11
0.135645	9.17558e-11
0.135667	8.84385e-11
0.13569	9.21554e-11
0.135712	8.85269e-11
0.135735	9.25601e-11
0.135757	8.87527e-11
0.135779	9.2641e-11
0.135802	8.93299e-11
0.135824	9.33896e-11
0.135846	9.00387e-11
0.135869	9.3673e-11
0.135891	9.04084e-11
0.135913	9.34248e-11
0.135936	9.026e-11
0.135958	9.40552e-11
0.13598	9.22471e-11
0.136003	9.46089e-11
0.136025	9.19951e-11
0.136048	9.45254e-11
0.13607	9.24061e-11
0.136092	9.44933e-11
0.136115	9.2841e-11
0.136137	9.49737e-11
0.136159	9.31537e-11
0.136182	9.47758e-11
0.136204	9.32934e-11
0.136226	9.58032e-11
0.136249	9.40101e-11
0.136271	9.58682e-11
0.136293	9.36816e-11
0.136316	9.63939e-11
0.136338	9.42862e-11
0.136361	9.61552e-11
0.136383	9.52447e-11
0.136405	9.67539e-11
0.136428	9.50855e-11
0.13645	9.68355e-11
0.136472	9.50612e-11
0.136495	9.66627e-11
0.136517	9.57397e-11
0.136539	9.72658e-11
0.136562	9.6204e-11
0.136584	9.72174e-11
0.136607	9.62008e-11
0.136629	9.73396e-11
0.136651	9.72622e-11
0.136674	9.75223e-11
0.136696	9.7756e-11
0.136718	9.70924e-11
0.136741	9.89355e-11
0.136763	9.66662e-11
0.136785	9.94307e-11
0.136808	9.56078e-11
0.13683	1.0202e-10
0.136853	9.54992e-11
0.136875	1.04896e-10
0.136897	9.42351e-11
0.13692	1.06927e-10
0.136942	9.38926e-11
0.136964	1.0778e-10
0.136987	9.44305e-11
0.137009	1.076e-10
0.137032	9.42437e-11
0.137054	1.07365e-10
0.137076	9.49471e-11
0.137099	1.07529e-10
0.137121	9.49498e-11
0.137143	1.07024e-10
0.137166	9.58666e-11
0.137188	1.06718e-10
0.137211	9.61811e-11
0.137233	1.06276e-10
0.137255	9.69005e-11
0.137278	1.05892e-10
0.1373	9.69292e-11
0.137322	1.05902e-10
0.137345	9.75032e-11
0.137367	1.05517e-10
0.13739	9.74052e-11
0.137412	1.04919e-10
0.137434	9.82319e-11
0.137457	1.04547e-10
0.137479	9.85166e-11
0.137502	1.04289e-10
0.137524	9.8997e-11
0.137546	1.04034e-10
0.137569	9.9333e-11
0.137591	1.03939e-10
0.137613	9.96442e-11
0.137636	1.03734e-10
0.137658	1.0015e-10
0.137681	1.03389e-10
0.137703	1.00628e-10
0.137725	1.02875e-10
0.137748	1.00957e-10
0.13777	1.02454e-10
0.137793	1.02004e-10
0.137815	1.01854e-10
0.137837	1.02307e-10
0.13786	1.01543e-10
0.137882	1.02863e-10
0.137905	1.015e-10
0.137927	1.02813e-10
0.137949	1.01712e-10
0.137972	1.02308e-10
0.137994	1.01864e-10
0.138017	1.02563e-10
0.138039	1.02044e-10
0.138061	1.02436e-10
0.138084	1.02344e-10
0.138106	1.02274e-10
0.138129	1.02343e-10
0.138151	1.01947e-10
0.138173	1.02549e-10
0.138196	1.02242e-10
0.138218	1.02592e-10
0.138241	1.01964e-10
0.138263	1.02574e-10
0.138286	1.02157e-10
0.138308	1.0221e-10
0.13833	1.02251e-10
0.138353	1.03007e-10
0.138375	1.01501e-10
0.138398	1.02647e-10
0.13842	1.01858e-10
0.138442	1.0252e-10
0.138465	1.01762e-10
0.138487	1.02399e-10
0.13851	1.02505e-10
0.138532	1.02228e-10
0.138555	1.02071e-10
0.138577	1.02043e-10
0.138599	1.02155e-10
0.138622	1.02118e-10
0.138644	1.02145e-10
0.138667	1.01997e-10
0.138689	1.0226e-10
0.138712	1.01351e-10
0.138734	1.02706e-10
0.138756	1.01504e-10
0.138779	1.02693e-10
0.138801	1.01176e-10
0.138824	1.02373e-10
0.138846	1.00979e-10
0.138869	1.02533e-10
0.138891	1.01141e-10
0.138913	1.0221e-10
0.138936	1.00786e-10
0.138958	1.02287e-10
0.138981	1.00641e-10
0.139003	1.02124e-10
0.139026	1.00631e-10
0.139048	1.02212e-10
0.139071	1.00481e-10
0.139093	1.01706e-10
0.139115	1.0032e-10
0.139138	1.02141e-10
0.13916	1.00055e-10
0.139183	1.02075e-10
0.139205	1.00414e-10
0.139228	1.01415e-10
0.13925	9.97504e-11
0.139273	1.01003e-10
0.139295	9.97594e-11
0.139318	1.01173e-10
0.13934	1.00019e-10
0.139362	1.00883e-10
0.139385	9.95268e-11
0.139407	1.00645e-10
0.13943	9.9714e-11
0.139452	1.00351e-10
0.139475	9.98138e-11
0.139497	1.00215e-10
0.13952	9.94274e-11
0.139542	1.00371e-10
0.139565	9.9305e-11
0.139587	1.00417e-10
0.13961	9.87697e-11
0.139632	9.99629e-11
0.139655	9.87931e-11
0.139677	9.9911e-11
0.139699	9.87167e-11
0.139722	9.96097e-11
0.139744	9.89042e-11
0.139767	9.93955e-11
0.139789	9.88073e-11
0.139812	9.93789e-11
0.139834	9.84397e-11
0.139857	9.90103e-11
0.139879	9.84686e-11
0.139902	9.88241e-11
0.139924	9.85994e-11
0.139947	9.85414e-11
0.139969	9.83236e-11
0.139992	9.81064e-11
0.140014	9.81326e-11
0.140037	9.82908e-11
0.140059	9.75937e-11
0.140082	9.85778e-11
0.140104	9.78104e-11
0.140127	9.79318e-11
0.140149	9.7532e-11
0.140172	9.76866e-11
0.140194	9.71038e-11
0.140217	9.7605e-11
0.140239	9.67805e-11
0.140262	9.78905e-11
0.140284	9.67163e-11
0.140307	9.71432e-11
0.140329	9.67641e-11
0.140352	9.66688e-11
0.140374	9.61781e-11
0.140397	9.65248e-11
0.140419	9.60197e-11
0.140442	9.65286e-11
0.140464	9.58589e-11
0.140487	9.58792e-11
0.140509	9.54855e-11
0.140532	9.57552e-11
0.140554	9.5394e-11
0.140577	9.52879e-11
0.140599	9.47751e-11
0.140621	9.52221e-11
0.140644	9.46168e-11
0.140666	9.47746e-11
0.140689	9.44752e-11
0.140711	9.44489e-11
0.140734	9.39987e-11
0.140756	9.38857e-11
0.140779	9.36097e-11
0.140801	9.36659e-11
0.140824	9.34535e-11
0.140846	9.34563e-11
0.140869	9.34374e-11
0.140891	9.33032e-11
0.140914	9.25149e-11
0.140936	9.29168e-11
0.140958	9.24909e-11
0.140981	9.25428e-11
0.141003	9.21481e-11
0.141026	9.20899e-11
0.141048	9.15749e-11
0.141071	9.26484e-11
0.141093	9.13004e-11
0.141116	9.18415e-11
0.141138	9.10727e-11
0.14116	9.15367e-11
0.141183	9.05619e-11
0.141205	9.10025e-11
0.141228	9.02199e-11
0.14125	9.06092e-11
0.141273	8.98284e-11
0.141295	9.03098e-11
0.141317	8.92792e-11
0.14134	9.04111e-11
0.141362	8.89314e-11
0.141385	9.01809e-11
0.141407	8.8802e-11
0.14143	8.95743e-11
0.141452	8.82427e-11
0.141474	8.93158e-11
0.141497	8.76679e-11
0.141519	8.878e-11
0.141542	8.72623e-11
0.141564	8.79009e-11
0.141586	8.71876e-11
0.141609	8.77806e-11
0.141631	8.66964e-11
0.141654	8.70895e-11
0.141676	8.6178e-11
0.141698	8.67559e-11
0.141721	8.5971e-11
0.141743	8.60339e-11
0.141766	8.54545e-11
0.141788	8.55491e-11
0.14181	8.53967e-11
0.141833	8.5016e-11
0.141855	8.45314e-11
0.141878	8.49823e-11
0.1419	8.39095e-11
0.141922	8.4191e-11
0.141945	8.36199e-11
0.141967	8.42059e-11
0.141989	8.29084e-11
0.142012	8.35375e-11
0.142034	8.23621e-11
0.142057	8.2787e-11
0.142079	8.16752e-11
0.142101	8.20526e-11
0.142124	8.0883e-11
0.142146	8.17215e-11
0.142168	8.02427e-11
0.142191	8.11884e-11
0.142213	7.97352e-11
0.142236	8.07594e-11
0.142258	7.93105e-11
0.14228	8.01435e-11
0.142303	7.82441e-11
0.142325	7.9628e-11
0.142347	7.76859e-11
0.14237	7.89428e-11
0.142392	7.71174e-11
0.142414	7.84941e-11
0.142437	7.65231e-11
0.142459	7.75341e-11
0.142481	9.14115e-11
0.142504	9.21419e-11
0.142526	9.05052e-11
0.142548	9.1431e-11
0.142571	8.99945e-11
0.142593	9.09787e-11
0.142615	8.91406e-11
0.142638	9.00492e-11
0.14266	8.85e-11
0.142682	8.93408e-11
0.142705	8.74626e-11
0.142727	8.80777e-11
0.142749	8.67632e-11
0.142772	8.75869e-11
0.142794	8.60333e-11
0.142816	8.65851e-11
0.142839	8.54979e-11
0.142861	8.55706e-11
0.142883	8.44187e-11
0.142906	8.46671e-11
0.142928	8.40064e-11
0.14295	8.4727e-11
0.142973	8.2859e-11
0.142995	8.29938e-11
0.143017	8.20966e-11
0.14304	8.2087e-11
0.143062	8.12338e-11
0.143084	8.10567e-11
0.143106	8.05526e-11
0.143129	8.03498e-11
0.143151	7.96325e-11
0.143173	7.9302e-11
0.143196	7.88846e-11
0.143218	7.83092e-11
0.14324	7.81152e-11
0.143263	7.73305e-11
0.143285	7.7258e-11
0.143307	7.65339e-11
0.143329	7.65079e-11
0.143352	7.5691e-11
0.143374	7.60964e-11
0.143396	7.49476e-11
0.143419	7.52754e-11
0.143441	7.40681e-11
0.143463	7.42004e-11
0.143485	7.32152e-11
0.143508	7.35493e-11
0.14353	7.2409e-11
0.143552	7.30177e-11
0.143575	7.14973e-11
0.143597	7.19995e-11
0.143619	7.08249e-11
0.143641	7.13511e-11
0.143664	7.00917e-11
0.143686	7.03317e-11
0.143708	6.95784e-11
0.14373	6.96308e-11
0.143753	6.85436e-11
0.143775	6.90551e-11
0.143797	6.76247e-11
0.14382	6.85694e-11
0.143842	6.72344e-11
0.143864	6.77568e-11
0.143886	6.66732e-11
0.143909	6.7039e-11
0.143931	6.57024e-11
0.143953	6.62154e-11
0.143975	6.51547e-11
0.143998	6.54692e-11
0.14402	6.46972e-11
0.144042	6.48957e-11
0.144064	6.4239e-11
0.144087	6.42317e-11
0.144109	6.46576e-11
0.144131	6.34373e-11
0.144153	6.30892e-11
0.144176	6.29089e-11
0.144198	6.52978e-11
0.14422	6.32186e-11
0.144242	6.32028e-11
0.144265	6.2881e-11
0.144287	6.28447e-11
0.144309	6.22409e-11
0.144331	6.23109e-11
0.144354	6.16579e-11
0.144376	6.17729e-11
0.144398	6.11587e-11
0.14442	6.13503e-11
0.144443	6.06708e-11
0.144465	6.07661e-11
0.144487	6.02707e-11
0.144509	6.04508e-11
0.144531	5.95245e-11
0.144554	5.99401e-11
0.144576	5.92135e-11
0.144598	5.95941e-11
0.14462	5.86407e-11
0.144643	5.94353e-11
0.144665	5.78522e-11
0.144687	5.96224e-11
0.144709	5.75539e-11
0.144731	5.97106e-11
0.144754	5.6957e-11
0.144776	5.93167e-11
0.144798	5.64735e-11
0.14482	5.93133e-11
0.144843	5.61963e-11
0.144865	5.90052e-11
0.144887	5.55486e-11
0.144909	5.90162e-11
0.144931	5.54921e-11
0.144954	5.9075e-11
0.144976	5.52773e-11
0.144998	5.92372e-11
0.14502	5.49883e-11
0.145042	5.90097e-11
0.145065	5.46097e-11
0.145087	5.92613e-11
0.145109	5.54943e-11
0.145131	5.92038e-11
0.145154	5.50801e-11
0.145176	5.95138e-11
0.145198	5.43839e-11
0.14522	5.91821e-11
0.145242	5.54131e-11
0.145265	5.97937e-11
0.145287	5.43428e-11
0.145309	6.00687e-11
0.145331	5.51553e-11
0.145353	5.99968e-11
0.145376	5.53041e-11
0.145398	6.03737e-11
0.14542	5.48329e-11
0.145442	6.05631e-11
0.145464	5.54571e-11
0.145487	6.08662e-11
0.145509	5.60283e-11
0.145531	6.07219e-11
0.145553	5.84844e-11
0.145575	6.14822e-11
0.145597	5.73429e-11
0.14562	6.1756e-11
0.145642	5.69896e-11
0.145664	6.21658e-11
0.145686	5.75484e-11
0.145708	6.18299e-11
0.145731	5.85279e-11
0.145753	6.28096e-11
0.145775	5.85293e-11
0.145797	6.31983e-11
0.145819	5.88715e-11
0.145842	6.3215e-11
0.145864	5.9525e-11
0.145886	6.38676e-11
0.145908	6.05397e-11
0.14593	6.44307e-11
0.145952	6.09949e-11
0.145975	6.52333e-11
0.145997	6.1566e-11
0.146019	6.5676e-11
0.146041	6.1874e-11
0.146063	6.59675e-11
0.146086	6.30295e-11
0.146108	6.68127e-11
0.14613	6.37465e-11
0.146152	6.7119e-11
0.146174	6.45215e-11
0.146196	6.8139e-11
0.146219	6.56187e-11
0.146241	6.85988e-11
0.146263	6.67438e-11
0.146285	6.90707e-11
0.146307	6.70503e-11
0.146329	6.97168e-11
0.146352	6.8383e-11
0.146374	7.07899e-11
0.146396	6.92823e-11
0.146418	7.11228e-11
0.14644	6.99051e-11
0.146462	7.19503e-11
0.146485	7.10877e-11
0.146507	7.28715e-11
0.146529	7.18856e-11
0.146551	7.35931e-11
0.146573	7.26625e-11
0.146596	7.42638e-11
0.146618	7.2999e-11
0.14664	7.50612e-11
0.146662	7.41856e-11
0.146684	7.60055e-11
0.146706	7.44475e-11
0.146729	7.65901e-11
0.146751	7.53415e-11
0.146773	7.72501e-11
0.146795	7.69257e-11
0.146817	7.91532e-11
0.146839	7.72323e-11
0.146862	7.86981e-11
0.146884	7.75026e-11
0.146906	7.93786e-11
0.146928	7.82895e-11
0.14695	8.20136e-11
0.146972	7.86708e-11
0.146995	8.27225e-11
0.147017	7.96824e-11
0.147039	8.08543e-11
0.147061	8.27329e-11
0.147083	8.37292e-11
0.147105	8.30293e-11
0.147128	8.47426e-11
0.14715	8.41757e-11
0.147172	8.52956e-11
0.147194	8.43901e-11
0.147216	8.60166e-11
0.147238	8.51115e-11
0.147261	8.62785e-11
0.147283	8.64294e-11
0.147305	8.67281e-11
0.147327	8.70047e-11
0.147349	8.76585e-11
0.147371	8.54967e-11
0.147393	9.00839e-11
0.147416	8.83652e-11
0.147438	8.9296e-11
0.14746	8.89676e-11
0.147482	8.97785e-11
0.147504	8.96028e-11
0.147526	9.06649e-11
0.147549	9.05515e-11
0.147571	9.12557e-11
0.147593	9.15172e-11
0.147615	9.15017e-11
0.147637	9.1281e-11
0.147659	9.21337e-11
0.147682	9.18413e-11
0.147704	9.33377e-11
0.147726	9.26536e-11
0.147748	9.34917e-11
0.14777	9.33793e-11
0.147792	9.44284e-11
0.147815	9.42703e-11
0.147837	9.47517e-11
0.147859	9.41238e-11
0.147881	9.49621e-11
0.147903	9.51115e-11
0.147925	9.50779e-11
0.147948	9.51977e-11
0.14797	9.6604e-11
0.147992	9.59845e-11
0.148014	9.66784e-11
0.148036	9.69863e-11
0.148058	8.15406e-11
0.148081	8.21117e-11
0.148103	8.19645e-11
0.148125	8.22965e-11
0.148147	8.24224e-11
0.148169	8.32932e-11
0.148191	8.27664e-11
0.148214	8.4597e-11
0.148236	8.40362e-11
0.148258	8.43403e-11
0.14828	8.42664e-11
0.148302	8.50529e-11
0.148324	8.51947e-11
0.148347	8.53133e-11
0.148369	8.57216e-11
0.148391	8.58938e-11
0.148413	8.59666e-11
0.148435	8.6375e-11
0.148458	8.69496e-11
0.14848	8.65367e-11
0.148502	8.73745e-11
0.148524	8.72289e-11
0.148546	8.72316e-11
0.148568	8.79209e-11
0.148591	8.82464e-11
0.148613	8.8553e-11
0.148635	8.88346e-11
0.148657	8.90787e-11
0.148679	8.92277e-11
0.148701	8.94195e-11
0.148724	9.03665e-11
0.148746	8.96976e-11
0.148768	8.95569e-11
0.14879	9.06896e-11
0.148812	9.06901e-11
0.148835	9.12478e-11
0.148857	9.0966e-11
0.148879	9.1564e-11
0.148901	9.14927e-11
0.148923	9.18577e-11
0.148945	9.18472e-11
0.148968	9.26361e-11
0.14899	9.23764e-11
0.149012	9.30008e-11
0.149034	9.28573e-11
0.149056	9.35446e-11
0.149079	9.31319e-11
0.149101	9.37576e-11
0.149123	9.41203e-11
0.149145	9.4139e-11
0.149167	9.46571e-11
0.149189	9.47567e-11
0.149212	9.60364e-11
0.149234	9.36892e-11
0.149256	9.47529e-11
0.149278	9.51251e-11
0.1493	9.52479e-11
0.149323	9.64029e-11
0.149345	9.64884e-11
0.149367	9.64024e-11
0.149389	9.58057e-11
0.149411	9.69387e-11
0.149434	9.6917e-11
0.149456	9.68302e-11
0.149478	9.73106e-11
0.1495	9.71651e-11
0.149522	9.75825e-11
0.149545	9.7994e-11
0.149567	9.78145e-11
0.149589	9.7771e-11
0.149611	9.80981e-11
0.149633	9.85938e-11
0.149656	9.89315e-11
0.149678	9.85671e-11
0.1497	9.87715e-11
0.149722	9.92869e-11
0.149744	9.92911e-11
0.149767	9.9249e-11
0.149789	9.94266e-11
0.149811	9.95376e-11
0.149833	9.97742e-11
0.149856	9.94739e-11
0.149878	1.00042e-10
0.1499	9.97506e-11
0.149922	1.00804e-10
0.149944	1.00274e-10
0.149967	1.00618e-10
0.149989	1.00991e-10
0.150011	1.00808e-10
