0.100017	1.66494e-12
0.10004	2.06928e-12
0.100063	1.50288e-12
0.100086	1.4998e-12
0.100109	1.51005e-12
0.100132	1.50471e-12
0.100154	1.51462e-12
0.100177	1.51091e-12
0.1002	1.51592e-12
0.100223	1.51317e-12
0.100246	1.52618e-12
0.100269	1.51853e-12
0.100292	1.53355e-12
0.100314	1.5444e-12
0.100337	1.49633e-12
0.10036	1.5318e-12
0.100383	1.55764e-12
0.100406	1.58132e-12
0.100429	1.54932e-12
0.100451	1.54574e-12
0.100474	1.55015e-12
0.100497	1.55345e-12
0.10052	1.5719e-12
0.100543	1.56215e-12
0.100566	1.57596e-12
0.100588	1.57207e-12
0.100611	1.58495e-12
0.100634	1.58279e-12
0.100657	1.59124e-12
0.10068	1.59079e-12
0.100703	1.60344e-12
0.100725	1.60047e-12
0.100748	1.60664e-12
0.100771	1.62287e-12
0.100794	1.6315e-12
0.100817	1.62247e-12
0.10084	1.64158e-12
0.100862	1.63132e-12
0.100885	1.65358e-12
0.100908	1.65882e-12
0.100931	1.65941e-12
0.100954	1.66724e-12
0.100976	1.67133e-12
0.100999	1.69183e-12
0.101022	1.67732e-12
0.101045	1.69098e-12
0.101068	1.70281e-12
0.10109	1.70994e-12
0.101113	1.73093e-12
0.101136	1.7132e-12
0.101159	1.7136e-12
0.101182	1.71553e-12
0.101205	1.80958e-12
0.101227	1.7478e-12
0.10125	1.80534e-12
0.101273	1.82485e-12
0.101296	1.81102e-12
0.101319	1.77378e-12
0.101341	1.79265e-12
0.101364	1.78544e-12
0.101387	1.79088e-12
0.10141	1.81901e-12
0.101432	1.82387e-12
0.101455	1.81781e-12
0.101478	1.81892e-12
0.101501	1.8215e-12
0.101524	1.83904e-12
0.101546	1.84641e-12
0.101569	1.85954e-12
0.101592	1.85588e-12
0.101615	1.87448e-12
0.101638	1.86364e-12
0.10166	1.89965e-12
0.101683	1.89509e-12
0.101706	1.90288e-12
0.101729	1.90966e-12
0.101751	1.90957e-12
0.101774	1.9096e-12
0.101797	2.01288e-12
0.10182	1.93551e-12
0.101843	1.94812e-12
0.101865	1.94846e-12
0.101888	1.96489e-12
0.101911	1.97907e-12
0.101934	1.97929e-12
0.101956	1.98304e-12
0.101979	1.99194e-12
0.102002	2.0024e-12
0.102025	2.01412e-12
0.102047	2.00418e-12
0.10207	2.03997e-12
0.102093	2.02617e-12
0.102116	2.06235e-12
0.102138	2.10511e-12
0.102161	2.07857e-12
0.102184	2.18025e-12
0.102207	2.085e-12
0.102229	2.07667e-12
0.102252	2.09493e-12
0.102275	2.10232e-12
0.102298	2.11053e-12
0.102321	2.10402e-12
0.102343	2.12554e-12
0.102366	2.12878e-12
0.102389	2.13245e-12
0.102411	2.14894e-12
0.102434	2.16888e-12
0.102457	2.16392e-12
0.10248	2.1805e-12
0.102502	2.18784e-12
0.102525	2.19758e-12
0.102548	2.19516e-12
0.102571	2.21381e-12
0.102593	2.22309e-12
0.102616	2.23948e-12
0.102639	2.25841e-12
0.102662	2.25016e-12
0.102684	2.23279e-12
0.102707	2.31385e-12
0.10273	2.29021e-12
0.102753	2.26523e-12
0.102775	2.28919e-12
0.102798	2.30286e-12
0.102821	2.30051e-12
0.102844	2.32117e-12
0.102866	2.33554e-12
0.102889	2.4257e-12
0.102912	2.41834e-12
0.102934	2.34848e-12
0.102957	2.42144e-12
0.10298	2.43162e-12
0.103003	2.42133e-12
0.103025	2.33559e-12
0.103048	2.38262e-12
0.103071	2.46164e-12
0.103093	2.34759e-12
0.103116	2.44761e-12
0.103139	2.389e-12
0.103162	2.47384e-12
0.103184	2.50638e-12
0.103207	2.48472e-12
0.10323	2.50037e-12
0.103252	2.51332e-12
0.103275	6.40358e-12
0.103298	2.52755e-12
0.103321	6.488e-12
0.103343	2.55538e-12
0.103366	6.54258e-12
0.103389	6.56792e-12
0.103411	6.61722e-12
0.103434	6.66676e-12
0.103457	6.77697e-12
0.10348	2.64725e-12
0.103502	6.67123e-12
0.103525	2.60086e-12
0.103548	6.79662e-12
0.10357	6.82127e-12
0.103593	6.83116e-12
0.103616	6.84623e-12
0.103638	6.91086e-12
0.103661	6.90302e-12
0.103684	6.95514e-12
0.103707	7.0408e-12
0.103729	7.06896e-12
0.103752	7.1238e-12
0.103775	7.11898e-12
0.103797	7.13398e-12
0.10382	7.2001e-12
0.103843	7.26066e-12
0.103865	7.26072e-12
0.103888	7.31513e-12
0.103911	7.36662e-12
0.103933	2.77903e-12
0.103956	7.4068e-12
0.103979	7.3691e-12
0.104001	7.39559e-12
0.104024	7.40617e-12
0.104047	7.43536e-12
0.10407	7.46579e-12
0.104092	7.48484e-12
0.104115	7.50496e-12
0.104138	7.56582e-12
0.10416	7.56149e-12
0.104183	7.57513e-12
0.104206	7.64441e-12
0.104228	7.57176e-12
0.104251	7.62685e-12
0.104274	7.66529e-12
0.104296	7.62028e-12
0.104319	7.7472e-12
0.104342	7.77941e-12
0.104364	7.78388e-12
0.104387	7.73306e-12
0.10441	7.70659e-12
0.104432	7.78788e-12
0.104455	7.85129e-12
0.104478	7.76731e-12
0.1045	7.80993e-12
0.104523	8.00479e-12
0.104546	8.02478e-12
0.104568	8.02275e-12
0.104591	8.04879e-12
0.104614	8.04047e-12
0.104636	8.00155e-12
0.104659	7.96391e-12
0.104682	8.16375e-12
0.104704	8.03904e-12
0.104727	8.1025e-12
0.10475	8.22384e-12
0.104772	8.21702e-12
0.104795	8.18445e-12
0.104818	8.0866e-12
0.10484	8.26364e-12
0.104863	8.19942e-12
0.104886	8.23116e-12
0.104908	8.34258e-12
0.104931	7.6658e-12
0.104954	8.25486e-12
0.104976	8.18938e-12
0.104999	8.27136e-12
0.105022	8.08668e-12
0.105044	8.24182e-12
0.105067	8.25287e-12
0.105089	8.24579e-12
0.105112	8.28163e-12
0.105135	8.26653e-12
0.105157	8.27007e-12
0.10518	8.292e-12
0.105203	8.28527e-12
0.105225	8.36618e-12
0.105248	8.26792e-12
0.105271	8.09715e-12
0.105293	8.30033e-12
0.105316	8.1557e-12
0.105339	8.26552e-12
0.105361	8.26523e-12
0.105384	8.24827e-12
0.105407	8.24555e-12
0.105429	8.24188e-12
0.105452	8.23463e-12
0.105474	8.21886e-12
0.105497	8.23775e-12
0.10552	8.23869e-12
0.105542	8.21074e-12
0.105565	8.20923e-12
0.105588	8.20939e-12
0.10561	8.2175e-12
0.105633	8.20365e-12
0.105656	8.21942e-12
0.105678	8.20695e-12
0.105701	8.39226e-12
0.105724	7.88141e-12
0.105746	8.09043e-12
0.105769	8.1067e-12
0.105791	8.13737e-12
0.105814	8.10192e-12
0.105837	8.09502e-12
0.105859	8.06541e-12
0.105882	8.06543e-12
0.105905	8.03531e-12
0.105927	8.08041e-12
0.10595	8.04595e-12
0.105972	8.01178e-12
0.105995	7.99537e-12
0.106018	7.99201e-12
0.10604	7.96904e-12
0.106063	7.93774e-12
0.106086	7.95391e-12
0.106108	7.93226e-12
0.106131	7.93184e-12
0.106154	7.85204e-12
0.106176	7.82584e-12
0.106199	7.80902e-12
0.106221	7.81883e-12
0.106244	7.79371e-12
0.106267	7.71334e-12
0.106289	7.96713e-12
0.106312	7.47449e-12
0.106335	7.67851e-12
0.106357	7.62765e-12
0.10638	7.59403e-12
0.106402	8.51245e-12
0.106425	7.43031e-12
0.106448	7.71413e-12
0.10647	7.5178e-12
0.106493	7.76878e-12
0.106516	8.12808e-12
0.106538	7.73057e-12
0.106561	7.60913e-12
0.106583	7.66014e-12
0.106606	7.59088e-12
0.106629	7.58023e-12
0.106651	7.52564e-12
0.106674	7.60564e-12
0.106696	7.23323e-12
0.106719	7.41042e-12
0.106742	7.39248e-12
0.106764	7.29591e-12
0.106787	7.26713e-12
0.10681	7.24427e-12
0.106832	7.19001e-12
0.106855	7.17388e-12
0.106877	7.13661e-12
0.1069	7.10597e-12
0.106923	7.06637e-12
0.106945	7.03417e-12
0.106968	6.90008e-12
0.106991	7.35132e-12
0.107013	7.75466e-12
0.107036	6.4487e-12
0.107058	6.93206e-12
0.107081	6.90409e-12
0.107104	7.07971e-12
0.107126	7.08969e-12
0.107149	7.02551e-12
0.107171	7.01399e-12
0.107194	6.95696e-12
0.107217	6.94388e-12
0.107239	6.85424e-12
0.107262	6.80216e-12
0.107285	6.78892e-12
0.107307	6.74315e-12
0.10733	6.70282e-12
0.107352	6.68321e-12
0.107375	6.61815e-12
0.107398	6.54454e-12
0.10742	6.57523e-12
0.107443	6.62847e-12
0.107465	6.54849e-12
0.107488	7.14003e-12
0.107511	6.13135e-12
0.107533	6.81306e-12
0.107556	6.15317e-12
0.107579	7.29214e-12
0.107601	6.19553e-12
0.107624	6.84055e-12
0.107646	6.42758e-12
0.107669	6.95218e-12
0.107692	6.42598e-12
0.107714	7.06259e-12
0.107737	6.35887e-12
0.107759	7.04384e-12
0.107782	6.25946e-12
0.107805	6.91415e-12
0.107827	6.17633e-12
0.10785	6.844e-12
0.107872	6.11877e-12
0.107895	6.81348e-12
0.107918	5.95714e-12
0.10794	6.70165e-12
0.107963	5.83417e-12
0.107986	6.56285e-12
0.108008	5.77288e-12
0.108031	6.42535e-12
0.108053	5.7684e-12
0.108076	6.36538e-12
0.108099	5.58313e-12
0.108121	5.6285e-12
0.108144	5.99992e-12
0.108166	5.92257e-12
0.108189	5.23602e-12
0.108212	6.48579e-12
0.108234	5.17371e-12
0.108257	6.37609e-12
0.108279	5.33072e-12
0.108302	5.85595e-12
0.108325	4.94106e-12
0.108347	6.11373e-12
0.10837	5.01543e-12
0.108393	5.65178e-12
0.108415	4.9358e-12
0.108438	5.72268e-12
0.10846	4.61738e-12
0.108483	5.47368e-12
0.108506	4.75422e-12
0.108528	5.28126e-12
0.108551	4.53377e-12
0.108573	5.12268e-12
0.108596	4.44406e-12
0.108619	5.06526e-12
0.108641	4.32451e-12
0.108664	4.95784e-12
0.108687	4.21405e-12
0.108709	4.82351e-12
0.108732	4.07432e-12
0.108754	4.75878e-12
0.108777	4.27263e-12
0.1088	4.66925e-12
0.108822	3.96461e-12
0.108845	4.24907e-12
0.108867	3.85631e-12
0.10889	4.45228e-12
0.108913	3.64078e-12
0.108935	4.23445e-12
0.108958	3.53813e-12
0.10898	4.12943e-12
0.109003	3.51296e-12
0.109026	4.03028e-12
0.109048	3.30565e-12
0.109071	3.87503e-12
0.109094	3.04929e-12
0.109116	3.72821e-12
0.109139	2.87109e-12
0.109161	3.62732e-12
0.109184	3.09754e-12
0.109207	3.50441e-12
0.109229	2.92546e-12
0.109252	3.40663e-12
0.109275	2.88402e-12
0.109297	2.8589e-12
0.10932	2.39562e-12
0.109342	3.08329e-12
0.109365	2.2632e-12
0.109388	2.98229e-12
0.10941	2.07173e-12
0.109433	2.84596e-12
0.109455	1.843e-12
0.109478	2.70183e-12
0.109501	1.74547e-12
0.109523	2.55689e-12
0.109546	1.58166e-12
0.109569	2.4781e-12
0.109591	1.42807e-12
0.109614	2.30883e-12
0.109636	1.54319e-12
0.109659	2.19985e-12
0.109682	1.32454e-12
0.109704	2.08737e-12
0.109727	1.57079e-12
0.10975	1.93537e-12
0.109772	1.46214e-12
0.109795	1.74478e-12
0.109817	1.36254e-12
0.10984	1.50692e-12
0.109863	1.32381e-12
0.109885	1.54225e-12
0.109908	1.13478e-12
0.109931	1.47632e-12
0.109953	8.79925e-13
0.109976	7.17624e-13
0.109998	1.48798e-12
0.110021	1.34558e-12
0.110044	7.07787e-13
0.110066	1.03233e-12
0.110089	3.98865e-13
0.110112	1.14218e-12
0.110134	4.72338e-13
0.110157	8.37115e-13
0.11018	2.78518e-13
0.110202	7.6884e-13
0.110225	3.06543e-14
0.110247	5.78181e-13
0.11027	-3.51806e-14
0.110293	-3.91612e-13
0.110315	-1.5056e-13
0.110338	-4.7454e-13
0.110361	-2.90022e-13
0.110383	-5.67138e-13
0.110406	-4.4669e-13
0.110428	-6.48007e-13
0.110451	-5.96284e-13
0.110474	-7.08066e-13
0.110496	-7.213e-13
0.110519	-6.75653e-13
0.110542	-7.07345e-13
0.110564	-4.87337e-13
0.110587	-1.45144e-12
0.11061	-1.08662e-12
0.110632	-1.12945e-12
0.110655	-1.12408e-12
0.110678	-1.16807e-12
0.1107	-1.20798e-12
0.110723	-6.39358e-13
0.110745	-1.31181e-12
0.110768	-7.51204e-13
0.110791	-1.4375e-12
0.110813	-8.42223e-13
0.110836	-8.71318e-13
0.110859	-1.7061e-12
0.110881	-1.08003e-12
0.110904	-1.05698e-12
0.110927	-1.15028e-12
0.110949	-1.19974e-12
0.110972	-1.89212e-12
0.110995	-1.32812e-12
0.111017	-1.35836e-12
0.11104	-2.00825e-12
0.111063	-1.34513e-12
0.111085	-2.5642e-12
0.111108	-1.616e-12
0.11113	-1.6546e-12
0.111153	-1.69441e-12
0.111176	-1.75405e-12
0.111198	-1.80495e-12
0.111221	-1.90268e-12
0.111244	-1.9087e-12
0.111266	-1.95658e-12
0.111289	-2.02103e-12
0.111312	-2.03578e-12
0.111334	-2.09964e-12
0.111357	-2.091e-12
0.11138	-2.16563e-12
0.111402	-2.20256e-12
0.111425	-2.29003e-12
0.111448	-2.29272e-12
0.11147	-2.22838e-12
0.111493	-2.52038e-12
0.111516	-2.4425e-12
0.111538	-2.44423e-12
0.111561	-2.59105e-12
0.111584	-2.95521e-12
0.111606	-2.33666e-12
0.111629	-2.48957e-12
0.111652	-2.34443e-12
0.111674	-2.81486e-12
0.111697	-2.72107e-12
0.11172	-3.13133e-12
0.111742	-2.90076e-12
0.111765	-2.49228e-12
0.111788	-2.90801e-12
0.11181	-2.94381e-12
0.111833	-3.03538e-12
0.111856	-2.92662e-12
0.111878	-3.04385e-12
0.111901	-3.03808e-12
0.111924	-3.13425e-12
0.111946	-3.1026e-12
0.111969	-3.17023e-12
0.111992	-3.44254e-12
0.112014	-3.2403e-12
0.112037	-3.27728e-12
0.11206	-3.41111e-12
0.112082	-3.46125e-12
0.112105	-3.54476e-12
0.112128	-3.44849e-12
0.11215	-3.5208e-12
0.112173	-3.48496e-12
0.112196	-3.50281e-12
0.112219	-3.52145e-12
0.112241	-3.64266e-12
0.112264	-3.56959e-12
0.112287	-3.57663e-12
0.112309	-3.57761e-12
0.112332	-3.53531e-12
0.112355	-3.38311e-12
0.112377	-4.07607e-12
0.1124	-3.79999e-12
0.112423	-3.64964e-12
0.112445	-3.70338e-12
0.112468	-3.73894e-12
0.112491	-3.73648e-12
0.112513	-3.78657e-12
0.112536	-3.74624e-12
0.112559	-3.82327e-12
0.112582	-3.78153e-12
0.112604	-3.83719e-12
0.112627	-3.83518e-12
0.11265	-3.86176e-12
0.112672	-3.84671e-12
0.112695	-3.88497e-12
0.112718	-3.87207e-12
0.11274	-3.9173e-12
0.112763	-3.93618e-12
0.112786	-4.05994e-12
0.112809	-3.92575e-12
0.112831	-3.97026e-12
0.112854	-3.90492e-12
0.112877	-4.54178e-12
0.112899	-3.99408e-12
0.112922	-4.05491e-12
0.112945	-4.03669e-12
0.112967	-4.07241e-12
0.11299	-4.04656e-12
0.113013	-4.08708e-12
0.113036	-4.06614e-12
0.113058	-4.10644e-12
0.113081	-4.03087e-12
0.113104	-4.08354e-12
0.113126	-4.07162e-12
0.113149	-4.0863e-12
0.113172	-4.06528e-12
0.113195	-4.14144e-12
0.113217	-3.99677e-12
0.11324	-4.16143e-12
0.113263	-4.16065e-12
0.113285	-4.1324e-12
0.113308	-4.18552e-12
0.113331	-4.32589e-12
0.113354	-3.96034e-12
0.113376	-3.95419e-12
0.113399	-3.98357e-12
0.113422	-4.07481e-12
0.113445	-4.19417e-12
0.113467	-4.26838e-12
0.11349	-2.72374e-12
0.113513	-2.77764e-12
0.113535	-4.05675e-12
0.113558	-4.10255e-12
0.113581	-4.08312e-12
0.113604	-2.74128e-12
0.113626	-2.67353e-12
0.113649	-2.69684e-12
0.113672	-4.0223e-12
0.113695	-2.65617e-12
0.113717	-2.64748e-12
0.11374	-2.63003e-12
0.113763	-2.60672e-12
0.113786	-2.59782e-12
0.113808	-2.58147e-12
0.113831	-2.56296e-12
0.113854	-2.53946e-12
0.113876	-2.53599e-12
0.113899	-2.51014e-12
0.113922	-2.48719e-12
0.113945	-2.47543e-12
0.113967	-2.44417e-12
0.11399	-2.4301e-12
0.114013	-2.41707e-12
0.114036	-2.40485e-12
0.114058	-2.37765e-12
0.114081	-2.36983e-12
0.114104	-2.34353e-12
0.114126	-2.3325e-12
0.114149	-2.32593e-12
0.114172	-2.2513e-12
0.114195	-2.27004e-12
0.114217	-2.25429e-12
0.11424	-2.23622e-12
0.114263	-2.2213e-12
0.114286	-2.20088e-12
0.114308	-2.19595e-12
0.114331	-2.16339e-12
0.114354	-2.14897e-12
0.114376	-2.13119e-12
0.114399	-2.12737e-12
0.114422	-2.09082e-12
0.114444	-2.08403e-12
0.114467	-2.06524e-12
0.11449	-2.04899e-12
0.114513	-2.04464e-12
0.114535	-2.0227e-12
0.114558	-2.00567e-12
0.114581	-1.99327e-12
0.114603	-1.97283e-12
0.114626	-2.0361e-12
0.114649	-1.96435e-12
0.114671	-1.93194e-12
0.114694	-1.90364e-12
0.114717	-1.89971e-12
0.11474	-1.8846e-12
0.114762	-1.87532e-12
0.114785	-1.85079e-12
0.114808	-1.8493e-12
0.11483	-1.82745e-12
0.114853	-1.81638e-12
0.114876	-1.79742e-12
0.114898	-1.79219e-12
0.114921	-1.77852e-12
0.114944	-1.77805e-12
0.114966	-1.73908e-12
0.114989	-1.73764e-12
0.115012	-1.72069e-12
0.115034	-1.71244e-12
0.115057	-1.67e-12
0.11508	-1.71918e-12
0.115102	-1.6923e-12
0.115125	-1.67242e-12
0.115148	-1.6802e-12
0.11517	-1.66167e-12
0.115193	-1.64597e-12
0.115216	-1.65098e-12
0.115238	-1.63026e-12
0.115261	-1.61369e-12
0.115284	-1.58353e-12
0.115306	-1.58904e-12
0.115329	-1.58957e-12
0.115352	-1.57583e-12
0.115374	-1.58081e-12
0.115397	-1.54671e-12
0.11542	-1.5435e-12
0.115442	-1.52754e-12
0.115465	-1.52387e-12
0.115488	-1.50032e-12
0.11551	-1.49456e-12
0.115533	-1.47532e-12
0.115556	-1.47463e-12
0.115578	-1.44438e-12
0.115601	-1.41341e-12
0.115624	-1.40193e-12
0.115646	-1.37878e-12
0.115669	-1.32597e-12
0.115691	-1.33828e-12
0.115714	-1.29835e-12
0.115737	-1.27294e-12
0.115759	-1.21951e-12
0.115782	-1.19081e-12
0.115805	-1.18712e-12
0.115827	-1.1407e-12
0.11585	-1.02929e-12
0.115873	-1.00852e-12
0.115895	-1.01187e-12
0.115918	-8.31772e-13
0.11594	-6.33834e-13
0.115963	-1.25066e-12
0.115986	-7.78222e-13
0.116008	-6.6717e-13
0.116031	-6.35312e-13
0.116054	-5.98975e-13
0.116076	-4.92663e-13
0.116099	-4.4921e-13
0.116121	-3.89671e-13
0.116144	-3.55192e-13
0.116167	-2.36943e-13
0.116189	-2.18298e-13
0.116212	-1.0719e-13
0.116235	-8.28354e-14
0.116257	-4.0319e-14
0.11628	-5.54047e-15
0.116302	1.18809e-13
0.116325	1.41107e-13
0.116348	2.59716e-13
0.11637	2.90247e-13
0.116393	4.40433e-13
0.116415	4.54226e-13
0.116438	5.72029e-13
0.116461	8.67358e-14
0.116483	6.66456e-13
0.116506	3.88821e-13
0.116528	7.31633e-13
0.116551	5.57539e-13
0.116574	6.27061e-13
0.116596	6.55489e-13
0.116619	7.70625e-13
0.116641	7.72761e-13
0.116664	9.73246e-13
0.116687	9.15702e-13
0.116709	9.16571e-13
0.116732	9.75663e-13
0.116754	1.11542e-12
0.116777	8.43827e-13
0.1168	1.28838e-12
0.116822	1.21975e-12
0.116845	1.02884e-12
0.116867	1.06201e-12
0.11689	1.40169e-12
0.116912	1.2423e-12
0.116935	1.42715e-12
0.116958	1.34095e-12
0.11698	1.389e-12
0.117003	1.39118e-12
0.117025	1.43456e-12
0.117048	1.62453e-12
0.11707	1.52942e-12
0.117093	1.5243e-12
0.117116	1.5828e-12
0.117138	1.58936e-12
0.117161	1.66166e-12
0.117183	1.66742e-12
0.117206	1.69938e-12
0.117228	1.71587e-12
0.117251	1.72906e-12
0.117274	1.7442e-12
0.117296	1.77313e-12
0.117319	1.78351e-12
0.117341	1.80386e-12
0.117364	1.82586e-12
0.117386	1.84084e-12
0.117409	1.84789e-12
0.117432	1.87129e-12
0.117454	1.87358e-12
0.117477	1.8914e-12
0.117499	1.89713e-12
0.117522	1.92078e-12
0.117544	1.92298e-12
0.117567	1.93748e-12
0.117589	1.94996e-12
0.117612	1.95997e-12
0.117635	1.96891e-12
0.117657	1.9763e-12
0.11768	1.98299e-12
0.117702	2.01355e-12
0.117725	2.0171e-12
0.117747	2.02007e-12
0.11777	2.02738e-12
0.117792	2.04428e-12
0.117815	2.04471e-12
0.117837	2.05874e-12
0.11786	2.06163e-12
0.117883	2.0707e-12
0.117905	2.07684e-12
0.117928	2.08402e-12
0.11795	2.09263e-12
0.117973	2.09727e-12
0.117995	2.10731e-12
0.118018	2.11659e-12
0.11804	2.12502e-12
0.118063	2.13291e-12
0.118085	2.13937e-12
0.118108	2.14564e-12
0.11813	2.15916e-12
0.118153	2.16692e-12
0.118175	2.21577e-12
0.118198	2.17889e-12
0.118221	2.25444e-12
0.118243	2.18536e-12
0.118266	2.19682e-12
0.118288	2.19987e-12
0.118311	2.20481e-12
0.118333	2.20865e-12
0.118356	2.22267e-12
0.118378	2.21693e-12
0.118401	2.22721e-12
0.118423	2.22592e-12
0.118446	2.264e-12
0.118468	2.25736e-12
0.118491	2.27142e-12
0.118513	2.26712e-12
0.118536	2.29355e-12
0.118558	2.27651e-12
0.118581	2.28926e-12
0.118603	2.28273e-12
0.118626	2.35004e-12
0.118648	2.32908e-12
0.118671	2.32581e-12
0.118693	2.32064e-12
0.118716	2.3334e-12
0.118738	2.31794e-12
0.118761	2.34402e-12
0.118783	2.33773e-12
0.118806	2.35451e-12
0.118829	2.31333e-12
0.118851	2.37995e-12
0.118874	2.34605e-12
0.118896	2.35687e-12
0.118919	2.36535e-12
0.118941	2.3724e-12
0.118964	2.36856e-12
0.118986	2.3825e-12
0.119009	2.38202e-12
0.119031	2.38994e-12
0.119054	2.39236e-12
0.119076	2.40462e-12
0.119099	2.40395e-12
0.119121	2.41562e-12
0.119144	2.41385e-12
0.119166	2.42983e-12
0.119189	2.43068e-12
0.119211	2.42991e-12
0.119234	2.44407e-12
0.119256	2.43651e-12
0.119279	2.45169e-12
0.119301	2.45591e-12
0.119324	2.45761e-12
0.119346	2.46584e-12
0.119369	2.47079e-12
0.119391	2.4693e-12
0.119414	2.47924e-12
0.119436	2.47884e-12
0.119459	2.4973e-12
0.119481	2.54979e-12
0.119504	2.49303e-12
0.119526	2.51155e-12
0.119548	2.54823e-12
0.119571	2.51645e-12
0.119593	2.51754e-12
0.119616	2.52178e-12
0.119638	2.53126e-12
0.119661	2.53161e-12
0.119683	2.53002e-12
0.119706	2.54483e-12
0.119728	2.54026e-12
0.119751	2.55263e-12
0.119773	2.54798e-12
0.119796	2.5616e-12
0.119818	2.56379e-12
0.119841	2.56422e-12
0.119863	2.57085e-12
0.119886	2.57727e-12
0.119908	2.5991e-12
0.119931	2.61342e-12
0.119953	2.59096e-12
0.119976	2.59623e-12
0.119998	2.66836e-12
0.120021	2.60208e-12
0.120043	2.64891e-12
0.120066	2.60984e-12
0.120088	2.61184e-12
0.120111	2.62322e-12
0.120133	2.66687e-12
0.120156	2.62373e-12
0.120178	2.68958e-12
0.120201	2.68343e-12
0.120223	2.70595e-12
0.120245	2.67078e-12
0.120268	2.65257e-12
0.12029	2.7034e-12
0.120313	2.70845e-12
0.120335	2.7096e-12
0.120358	2.70863e-12
0.12038	2.72876e-12
0.120403	2.66963e-12
0.120425	2.68715e-12
0.120448	2.67555e-12
0.12047	2.70609e-12
0.120493	2.74116e-12
0.120515	2.69397e-12
0.120538	2.73958e-12
0.12056	2.78609e-12
0.120583	2.68713e-12
0.120605	2.69276e-12
0.120628	2.79346e-12
0.12065	2.71873e-12
0.120673	2.76869e-12
0.120695	2.72823e-12
0.120717	2.77059e-12
0.12074	2.73662e-12
0.120762	2.73679e-12
0.120785	2.73263e-12
0.120807	2.78713e-12
0.12083	2.75732e-12
0.120852	2.79066e-12
0.120875	2.75989e-12
0.120897	2.79968e-12
0.12092	2.76796e-12
0.120942	2.81817e-12
0.120965	2.77338e-12
0.120987	2.82648e-12
0.12101	2.77859e-12
0.121032	2.78356e-12
0.121055	2.79185e-12
0.121077	2.7887e-12
0.1211	2.79938e-12
0.121122	2.79235e-12
0.121144	2.80072e-12
0.121167	2.80603e-12
0.121189	2.80863e-12
0.121212	2.82476e-12
0.121234	2.83473e-12
0.121257	2.86152e-12
0.121279	2.83156e-12
0.121302	2.82911e-12
0.121324	2.83003e-12
0.121347	2.83436e-12
0.121369	2.85526e-12
0.121392	2.84112e-12
0.121414	2.85285e-12
0.121437	2.84568e-12
0.121459	2.86778e-12
0.121482	2.85617e-12
0.121504	2.86643e-12
0.121526	2.86532e-12
0.121549	2.87512e-12
0.121571	2.88072e-12
0.121594	2.87769e-12
0.121616	2.87957e-12
0.121639	2.90113e-12
0.121661	2.88759e-12
0.121684	2.90885e-12
0.121706	2.91171e-12
0.121729	2.90518e-12
0.121751	2.90846e-12
0.121774	2.97456e-12
0.121796	2.91263e-12
0.121819	2.92743e-12
0.121841	2.92499e-12
0.121864	2.93635e-12
0.121886	2.92285e-12
0.121908	2.95946e-12
0.121931	2.94767e-12
0.121953	2.97339e-12
0.121976	2.95803e-12
0.121998	2.96453e-12
0.122021	2.95795e-12
0.122043	2.97147e-12
0.122066	2.96521e-12
0.122088	2.98638e-12
0.122111	2.97171e-12
0.122133	3.001e-12
0.122156	2.99482e-12
0.122178	3.00154e-12
0.122201	2.99252e-12
0.122223	3.02148e-12
0.122246	3.00878e-12
0.122268	3.02262e-12
0.122291	3.00454e-12
0.122313	3.02441e-12
0.122335	3.03598e-12
0.122358	3.01239e-12
0.12238	3.02173e-12
0.122403	3.06255e-12
0.122425	3.04687e-12
0.122448	3.04703e-12
0.12247	3.04812e-12
0.122493	3.05597e-12
0.122515	3.05703e-12
0.122538	3.06983e-12
0.12256	3.0719e-12
0.122583	3.06711e-12
0.122605	3.06838e-12
0.122628	3.08319e-12
0.12265	3.09953e-12
0.122673	3.10183e-12
0.122695	3.09561e-12
0.122718	3.1081e-12
0.12274	3.10423e-12
0.122763	3.11633e-12
0.122785	3.11085e-12
0.122808	3.1356e-12
0.12283	3.13262e-12
0.122853	3.13656e-12
0.122875	3.13934e-12
0.122897	3.14698e-12
0.12292	3.15005e-12
0.122942	3.15336e-12
0.122965	3.17023e-12
0.122987	3.17446e-12
0.12301	3.15912e-12
0.123032	3.1655e-12
0.123055	3.19313e-12
0.123077	3.18492e-12
0.1231	3.19537e-12
0.123122	3.20775e-12
0.123145	3.199e-12
0.123167	3.20576e-12
0.12319	3.20885e-12
0.123212	3.2215e-12
0.123235	3.21935e-12
0.123257	3.22691e-12
0.12328	3.22107e-12
0.123302	3.2375e-12
0.123325	3.23516e-12
0.123347	3.25533e-12
0.12337	3.25275e-12
0.123392	3.26191e-12
0.123415	3.26561e-12
0.123437	3.26891e-12
0.12346	3.26969e-12
0.123482	3.28421e-12
0.123505	3.284e-12
0.123527	3.2853e-12
0.12355	3.29936e-12
0.123572	3.30854e-12
0.123595	3.30302e-12
0.123617	3.30423e-12
0.12364	3.31914e-12
0.123662	3.31724e-12
0.123685	3.30851e-12
0.123707	3.24341e-12
0.12373	3.33021e-12
0.123752	3.34662e-12
0.123775	3.34144e-12
0.123797	3.34957e-12
0.12382	3.34521e-12
0.123842	3.35531e-12
0.123865	3.35252e-12
0.123887	3.36612e-12
0.12391	3.37962e-12
0.123932	3.35638e-12
0.123955	3.38042e-12
0.123977	3.38752e-12
0.124	3.39055e-12
0.124022	3.38195e-12
0.124045	3.3812e-12
0.124067	3.38359e-12
0.12409	3.39479e-12
0.124112	3.40001e-12
0.124135	3.39913e-12
0.124157	3.40445e-12
0.12418	3.41605e-12
0.124202	3.40877e-12
0.124225	3.41129e-12
0.124247	3.42329e-12
0.12427	3.42517e-12
0.124292	3.42831e-12
0.124315	3.42676e-12
0.124338	3.42021e-12
0.12436	3.43963e-12
0.124383	3.43278e-12
0.124405	3.43912e-12
0.124428	3.43626e-12
0.12445	3.43694e-12
0.124473	3.44088e-12
0.124495	3.4404e-12
0.124518	3.44902e-12
0.12454	3.44819e-12
0.124563	3.44247e-12
0.124585	3.44703e-12
0.124608	3.44362e-12
0.12463	3.44624e-12
0.124653	3.45519e-12
0.124675	3.43822e-12
0.124698	3.44537e-12
0.12472	3.43511e-12
0.124743	3.45063e-12
0.124766	3.44705e-12
0.124788	3.45308e-12
0.124811	3.46059e-12
0.124833	3.44715e-12
0.124856	3.46636e-12
0.124878	3.44351e-12
0.124901	3.45611e-12
0.124923	3.44029e-12
0.124946	3.43636e-12
0.124968	3.43638e-12
0.124991	3.4265e-12
0.125013	3.41803e-12
0.125036	3.42896e-12
0.125059	3.42007e-12
0.125081	3.41104e-12
0.125104	3.39484e-12
0.125126	3.41006e-12
0.125149	3.36188e-12
0.125171	3.39998e-12
0.125194	3.3577e-12
0.125216	3.39491e-12
0.125239	3.33513e-12
0.125261	3.34138e-12
0.125284	3.30501e-12
0.125307	3.33929e-12
0.125329	3.4219e-12
0.125352	3.27931e-12
0.125374	3.27973e-12
0.125397	3.28464e-12
0.125419	3.42077e-12
0.125442	3.2341e-12
0.125464	3.24458e-12
0.125487	3.23925e-12
0.12551	3.22781e-12
0.125532	3.18582e-12
0.125555	3.19123e-12
0.125577	3.17988e-12
0.1256	3.1346e-12
0.125622	3.13926e-12
0.125645	3.12413e-12
0.125668	3.09575e-12
0.12569	3.09935e-12
0.125713	3.1025e-12
0.125735	3.04704e-12
0.125758	3.05765e-12
0.12578	3.02396e-12
0.125803	2.97931e-12
0.125826	2.95235e-12
0.125848	2.95849e-12
0.125871	2.94335e-12
0.125893	2.916e-12
0.125916	2.89586e-12
0.125938	2.91088e-12
0.125961	2.85069e-12
0.125984	2.85325e-12
0.126006	2.83212e-12
0.126029	3.18929e-12
0.126051	2.78073e-12
0.126074	2.76139e-12
0.126097	2.71859e-12
0.126119	3.12506e-12
0.126142	2.70363e-12
0.126164	3.06954e-12
0.126187	2.66174e-12
0.126209	3.04918e-12
0.126232	2.57443e-12
0.126255	3.03858e-12
0.126277	2.52621e-12
0.1263	2.98488e-12
0.126322	2.45592e-12
0.126345	2.96635e-12
0.126368	2.4279e-12
0.12639	2.92661e-12
0.126413	2.36286e-12
0.126435	2.89516e-12
0.126458	2.81049e-12
0.126481	2.8566e-12
0.126503	2.24701e-12
0.126526	2.80612e-12
0.126548	2.74282e-12
0.126571	2.75777e-12
0.126594	2.73721e-12
0.126616	2.81344e-12
0.126639	2.05317e-12
0.126662	2.66856e-12
0.126684	2.58613e-12
0.126707	2.68649e-12
0.126729	2.53374e-12
0.126752	2.60645e-12
0.126775	2.50786e-12
0.126797	2.55581e-12
0.12682	2.42262e-12
0.126842	2.48889e-12
0.126865	2.38007e-12
0.126888	2.41427e-12
0.12691	2.29153e-12
0.126933	2.42904e-12
0.126956	2.26586e-12
0.126978	2.38318e-12
0.127001	2.22791e-12
0.127023	2.2937e-12
0.127046	2.10311e-12
0.127069	2.28079e-12
0.127091	2.13735e-12
0.127114	2.31668e-12
0.127137	2.00703e-12
0.127159	2.00115e-12
0.127182	1.94557e-12
0.127205	2.11177e-12
0.127227	1.98109e-12
0.12725	1.99022e-12
0.127272	1.9416e-12
0.127295	1.94873e-12
0.127318	1.85985e-12
0.12734	1.89783e-12
0.127363	1.83842e-12
0.127386	1.87412e-12
0.127408	1.74812e-12
0.127431	1.79826e-12
0.127453	1.67208e-12
0.127476	1.81063e-12
0.127499	1.63545e-12
0.127521	1.77299e-12
0.127544	1.6093e-12
0.127567	1.66375e-12
0.127589	1.55266e-12
0.127612	1.53296e-12
0.127634	8.95148e-13
0.127657	1.54332e-12
0.12768	8.47152e-13
0.127702	1.51284e-12
0.127725	7.51988e-13
0.127748	1.47031e-12
0.12777	1.37211e-12
0.127793	1.42583e-12
0.127815	7.34481e-13
0.127838	1.37295e-12
0.127861	7.32044e-13
0.127883	1.38685e-12
0.127906	7.25064e-13
0.127928	1.28536e-12
0.127951	6.48462e-13
0.127974	1.26345e-12
0.127996	6.61288e-13
0.128019	1.25857e-12
0.128041	5.85771e-13
0.128064	6.25336e-13
0.128087	6.34435e-13
0.128109	6.01214e-13
0.128132	5.58689e-13
0.128154	5.96129e-13
0.128177	5.42519e-13
0.128199	5.8737e-13
0.128222	5.37339e-13
0.128245	5.82851e-13
0.128267	5.00549e-13
0.12829	5.50525e-13
0.128312	4.74078e-13
0.128335	5.08814e-13
0.128358	4.38474e-13
0.12838	5.05964e-13
0.128403	4.7596e-13
0.128425	4.63699e-13
0.128448	4.80929e-13
0.12847	4.95392e-13
0.128493	4.91459e-13
0.128516	5.22302e-13
0.128538	4.82589e-13
0.128561	5.2909e-13
0.128583	4.46002e-13
0.128606	4.76218e-13
0.128628	5.41751e-13
0.128651	5.8863e-13
0.128673	5.01386e-13
0.128696	5.24255e-13
0.128719	5.32411e-13
0.128741	4.93137e-13
0.128764	5.41717e-13
0.128786	5.45344e-13
0.128809	5.48196e-13
0.128831	5.43481e-13
0.128854	5.23498e-13
0.128876	5.13819e-13
0.128899	5.58109e-13
0.128921	4.8135e-13
0.128944	5.1749e-13
0.128967	5.62282e-13
0.128989	5.81338e-13
0.129012	6.06451e-13
0.129034	5.38369e-13
0.129057	6.2272e-13
0.129079	5.79592e-13
0.129102	6.27186e-13
0.129124	6.11354e-13
0.129147	6.62455e-13
0.129169	6.08441e-13
0.129192	6.23019e-13
0.129214	6.16058e-13
0.129237	6.85003e-13
0.129259	6.10347e-13
0.129282	6.21315e-13
0.129305	6.01644e-13
0.129327	6.42779e-13
0.12935	6.28755e-13
0.129372	6.84898e-13
0.129395	6.45339e-13
0.129417	7.16483e-13
0.12944	6.28371e-13
0.129462	7.07337e-13
0.129485	6.68629e-13
0.129507	7.08672e-13
0.12953	6.70615e-13
0.129552	7.45281e-13
0.129575	7.29005e-13
0.129597	6.68142e-13
0.12962	8.52661e-13
0.129642	7.0245e-13
0.129665	9.02059e-13
0.129687	2.75412e-13
0.12971	9.41483e-13
0.129732	3.22303e-13
0.129755	9.26264e-13
0.129777	9.74459e-13
0.1298	9.81251e-13
0.129822	9.82604e-13
0.129845	1.01669e-12
0.129867	1.00537e-12
0.12989	1.06178e-12
0.129912	1.02253e-12
0.129935	1.05913e-12
0.129957	3.47415e-13
0.12998	5.5149e-13
0.130002	3.24079e-13
0.130025	5.51742e-13
0.130047	3.92297e-13
0.13007	5.82206e-13
0.130092	3.04696e-13
0.130114	6.60288e-13
0.130137	3.59953e-13
0.130159	7.13289e-13
0.130182	3.88234e-13
0.130204	7.85531e-13
0.130227	4.09765e-13
0.130249	7.29486e-13
0.130272	4.95865e-13
0.130294	7.11612e-13
0.130317	3.98343e-13
0.130339	6.31481e-13
0.130362	4.64215e-13
0.130384	6.17746e-13
0.130407	4.96723e-13
0.130429	6.60072e-13
0.130452	5.45705e-13
0.130474	5.69807e-13
0.130496	6.11224e-13
0.130519	6.60555e-13
0.130541	7.49921e-13
0.130564	7.62764e-13
0.130586	8.31651e-13
0.130609	7.42565e-13
0.130631	8.74121e-13
0.130654	7.51629e-13
0.130676	8.7872e-13
0.130699	6.36008e-13
0.130721	8.41692e-13
0.130743	7.12066e-13
0.130766	8.76523e-13
0.130788	7.32125e-13
0.130811	8.58764e-13
0.130833	7.97167e-13
0.130856	8.90882e-13
0.130878	8.31168e-13
0.130901	9.04887e-13
0.130923	9.47284e-13
0.130945	9.18589e-13
0.130968	9.52876e-13
0.13099	9.9538e-13
0.131013	9.91715e-13
0.131035	9.5363e-13
0.131058	9.954e-13
0.13108	9.85955e-13
0.131103	1.04781e-12
0.131125	1.00161e-12
0.131147	1.03167e-12
0.13117	9.86763e-13
0.131192	1.06268e-12
0.131215	1.03908e-12
0.131237	1.07831e-12
0.13126	1.05856e-12
0.131282	1.09334e-12
0.131304	1.08719e-12
0.131327	1.09495e-12
0.131349	1.11132e-12
0.131372	1.14127e-12
0.131394	1.14046e-12
0.131417	1.1526e-12
0.131439	1.13983e-12
0.131461	1.17895e-12
0.131484	1.16942e-12
0.131506	1.20574e-12
0.131529	1.19684e-12
0.131551	1.21492e-12
0.131573	1.24091e-12
0.131596	1.24307e-12
0.131618	1.2601e-12
0.131641	1.24713e-12
0.131663	1.25181e-12
0.131686	1.28682e-12
0.131708	1.30188e-12
0.13173	1.31825e-12
0.131753	1.30468e-12
0.131775	1.32208e-12
0.131798	1.36321e-12
0.13182	1.36965e-12
0.131842	1.35166e-12
0.131865	1.4103e-12
0.131887	1.40019e-12
0.13191	1.43471e-12
0.131932	1.40752e-12
0.131954	1.44968e-12
0.131977	1.44022e-12
0.131999	1.47419e-12
0.132022	1.47918e-12
0.132044	1.47717e-12
0.132067	1.48343e-12
0.132089	1.52546e-12
0.132111	1.51935e-12
0.132134	1.51893e-12
0.132156	1.53307e-12
0.132179	1.55938e-12
0.132201	1.55641e-12
0.132223	1.58032e-12
0.132246	1.6021e-12
0.132268	1.59982e-12
0.132291	1.61132e-12
0.132313	1.63203e-12
0.132335	1.62729e-12
0.132358	1.65786e-12
0.13238	1.65778e-12
0.132402	1.6705e-12
0.132425	1.67615e-12
0.132447	1.70281e-12
0.13247	1.72211e-12
0.132492	1.71295e-12
0.132514	1.73314e-12
0.132537	1.73898e-12
0.132559	1.76228e-12
0.132582	1.75152e-12
0.132604	1.78255e-12
0.132626	1.77417e-12
0.132649	1.79971e-12
0.132671	1.80484e-12
0.132694	1.82504e-12
0.132716	1.82437e-12
0.132738	1.85146e-12
0.132761	1.83903e-12
0.132783	1.85476e-12
0.132805	1.85396e-12
0.132828	1.87334e-12
0.13285	1.86814e-12
0.132873	1.90249e-12
0.132895	1.88334e-12
0.132917	1.9161e-12
0.13294	1.90946e-12
0.132962	1.94208e-12
0.132985	1.9266e-12
0.133007	1.95945e-12
0.133029	1.94691e-12
0.133052	1.97207e-12
0.133074	1.96137e-12
0.133096	2.00444e-12
0.133119	1.97517e-12
0.133141	2.01858e-12
0.133164	1.98901e-12
0.133186	2.04491e-12
0.133208	1.99998e-12
0.133231	2.04979e-12
0.133253	2.02395e-12
0.133275	2.06612e-12
0.133298	2.04061e-12
0.13332	2.08974e-12
0.133343	2.04446e-12
0.133365	2.10392e-12
0.133387	2.0752e-12
0.13341	2.13957e-12
0.133432	2.0897e-12
0.133454	2.13714e-12
0.133477	2.11967e-12
0.133499	2.16752e-12
0.133521	2.13075e-12
0.133544	2.19124e-12
0.133566	2.14178e-12
0.133589	2.19762e-12
0.133611	2.17131e-12
0.133633	2.21284e-12
0.133656	2.17756e-12
0.133678	2.23742e-12
0.1337	2.19988e-12
0.133723	2.26054e-12
0.133745	2.21857e-12
0.133767	2.26369e-12
0.13379	2.2406e-12
0.133812	2.27945e-12
0.133835	2.25213e-12
0.133857	2.29986e-12
0.133879	2.28294e-12
0.133902	2.31786e-12
0.133924	2.27722e-12
0.133946	2.3437e-12
0.133969	2.28866e-12
0.133991	2.35244e-12
0.134013	2.31226e-12
0.134036	2.36184e-12
0.134058	2.30657e-12
0.134081	2.38299e-12
0.134103	2.3273e-12
0.134125	2.41166e-12
0.134148	2.34283e-12
0.13417	2.4088e-12
0.134192	2.37301e-12
0.134215	2.43098e-12
0.134237	2.40268e-12
0.134259	2.40509e-12
0.134282	2.41814e-12
0.134304	2.47132e-12
0.134326	2.44046e-12
0.134349	2.46324e-12
0.134371	2.44177e-12
0.134393	2.47348e-12
0.134416	2.44595e-12
0.134438	2.48939e-12
0.134461	2.47555e-12
0.134483	2.48449e-12
0.134505	2.48474e-12
0.134528	2.53085e-12
0.13455	2.52502e-12
0.134572	2.52853e-12
0.134595	2.52256e-12
0.134617	2.54026e-12
0.134639	2.5214e-12
0.134662	2.5614e-12
0.134684	2.55793e-12
0.134706	2.56816e-12
0.134729	2.55517e-12
0.134751	2.57774e-12
0.134773	2.58096e-12
0.134796	2.59186e-12
0.134818	2.58645e-12
0.134841	2.60696e-12
0.134863	2.60728e-12
0.134885	2.63297e-12
0.134908	2.6038e-12
0.13493	2.63922e-12
0.134952	2.62114e-12
0.134975	2.67023e-12
0.134997	2.58051e-12
0.135019	2.67135e-12
0.135042	2.57605e-12
0.135064	2.68815e-12
0.135086	2.55027e-12
0.135109	2.67262e-12
0.135131	2.6126e-12
0.135153	2.75527e-12
0.135176	2.55535e-12
0.135198	2.71266e-12
0.13522	2.56131e-12
0.135243	2.75621e-12
0.135265	2.55688e-12
0.135288	2.76468e-12
0.13531	2.56531e-12
0.135332	2.77071e-12
0.135355	2.54202e-12
0.135377	2.83426e-12
0.135399	2.57982e-12
0.135422	2.81516e-12
0.135444	2.5954e-12
0.135466	2.82333e-12
0.135489	2.60803e-12
0.135511	2.86006e-12
0.135533	2.61649e-12
0.135556	2.87147e-12
0.135578	2.62784e-12
0.1356	2.88523e-12
0.135623	2.64827e-12
0.135645	2.9002e-12
0.135667	2.69042e-12
0.13569	2.91462e-12
0.135712	2.69283e-12
0.135735	2.93147e-12
0.135757	2.7054e-12
0.135779	2.93351e-12
0.135802	2.7344e-12
0.135824	2.96364e-12
0.135846	2.76326e-12
0.135869	2.97633e-12
0.135891	2.77901e-12
0.135913	2.96449e-12
0.135936	2.76834e-12
0.135958	2.98826e-12
0.13598	2.86517e-12
0.136003	3.01654e-12
0.136025	2.84986e-12
0.136048	3.01026e-12
0.13607	2.86667e-12
0.136092	3.00944e-12
0.136115	2.87895e-12
0.136137	3.02999e-12
0.136159	2.8948e-12
0.136182	3.02175e-12
0.136204	2.89799e-12
0.136226	3.06009e-12
0.136249	2.9316e-12
0.136271	3.06821e-12
0.136293	2.91131e-12
0.136316	3.08681e-12
0.136338	2.94063e-12
0.136361	3.08224e-12
0.136383	2.9768e-12
0.136405	3.11062e-12
0.136428	2.97454e-12
0.13645	3.10496e-12
0.136472	2.97692e-12
0.136495	3.09547e-12
0.136517	3.00865e-12
0.136539	3.1188e-12
0.136562	3.02831e-12
0.136584	3.11349e-12
0.136607	3.03148e-12
0.136629	3.11618e-12
0.136651	3.08657e-12
0.136674	3.11983e-12
0.136696	3.11107e-12
0.136718	3.09328e-12
0.136741	3.16485e-12
0.136763	3.06368e-12
0.136785	3.18479e-12
0.136808	2.99578e-12
0.13683	3.28555e-12
0.136853	2.98847e-12
0.136875	3.32324e-12
0.136897	2.91774e-12
0.13692	3.40524e-12
0.136942	2.89168e-12
0.136964	3.48179e-12
0.136987	2.92064e-12
0.137009	3.4829e-12
0.137032	2.91832e-12
0.137054	3.47198e-12
0.137076	2.95661e-12
0.137099	3.37076e-12
0.137121	2.95477e-12
0.137143	3.39677e-12
0.137166	3.00366e-12
0.137188	3.38805e-12
0.137211	3.02295e-12
0.137233	3.372e-12
0.137255	3.05903e-12
0.137278	3.3653e-12
0.1373	3.06262e-12
0.137322	3.37301e-12
0.137345	3.08339e-12
0.137367	3.33449e-12
0.13739	3.08029e-12
0.137412	3.30329e-12
0.137434	3.1087e-12
0.137457	3.29015e-12
0.137479	3.1195e-12
0.137502	3.28854e-12
0.137524	3.13003e-12
0.137546	3.28359e-12
0.137569	3.13736e-12
0.137591	3.27773e-12
0.137613	3.12227e-12
0.137636	3.26263e-12
0.137658	3.15921e-12
0.137681	3.24793e-12
0.137703	3.16837e-12
0.137725	3.22782e-12
0.137748	3.1502e-12
0.13777	3.17939e-12
0.137793	3.16963e-12
0.137815	3.16975e-12
0.137837	3.15809e-12
0.13786	3.16775e-12
0.137882	3.14577e-12
0.137905	3.16845e-12
0.137927	3.12749e-12
0.137949	3.15589e-12
0.137972	3.11925e-12
0.137994	3.13649e-12
0.138017	3.09569e-12
0.138039	3.10966e-12
0.138061	3.08637e-12
0.138084	3.12036e-12
0.138106	3.0632e-12
0.138129	3.10729e-12
0.138151	3.04872e-12
0.138173	3.07581e-12
0.138196	3.03939e-12
0.138218	3.07836e-12
0.138241	3.0172e-12
0.138263	3.05114e-12
0.138286	3.01094e-12
0.138308	3.02666e-12
0.13833	2.96844e-12
0.138353	3.00876e-12
0.138375	2.95676e-12
0.138398	3.01014e-12
0.13842	2.90894e-12
0.138442	2.96927e-12
0.138465	2.87663e-12
0.138487	2.95084e-12
0.13851	2.87228e-12
0.138532	2.90642e-12
0.138555	2.81662e-12
0.138577	2.87225e-12
0.138599	2.78737e-12
0.138622	2.86125e-12
0.138644	2.74139e-12
0.138667	2.83346e-12
0.138689	2.69949e-12
0.138712	2.78511e-12
0.138734	2.64888e-12
0.138756	2.76267e-12
0.138779	2.58955e-12
0.138801	2.74102e-12
0.138824	2.52785e-12
0.138846	2.73466e-12
0.138869	2.46635e-12
0.138891	2.71849e-12
0.138913	2.36723e-12
0.138936	2.71946e-12
0.138958	2.32754e-12
0.138981	2.70517e-12
0.139003	2.23559e-12
0.139026	2.69109e-12
0.139048	2.1047e-12
0.139071	2.63457e-12
0.139093	1.94247e-12
0.139115	2.62511e-12
0.139138	1.98153e-12
0.13916	2.59432e-12
0.139183	1.93754e-12
0.139205	2.60221e-12
0.139228	1.82337e-12
0.13925	2.55384e-12
0.139273	1.45186e-12
0.139295	2.50816e-12
0.139318	1.71753e-12
0.13934	2.46908e-12
0.139362	1.43659e-12
0.139385	2.4106e-12
0.139407	1.32629e-12
0.13943	2.3536e-12
0.139452	1.2561e-12
0.139475	2.31215e-12
0.139497	1.18294e-12
0.13952	2.29243e-12
0.139542	1.12654e-12
0.139565	2.21969e-12
0.139587	1.07486e-12
0.13961	2.1919e-12
0.139632	1.13532e-12
0.139655	2.13597e-12
0.139677	9.7544e-13
0.139699	1.9321e-12
0.139722	1.01322e-12
0.139744	1.99158e-12
0.139767	9.42587e-13
0.139789	1.92598e-12
0.139812	8.73031e-13
0.139834	1.76041e-12
0.139857	9.10474e-13
0.139879	1.77512e-12
0.139902	8.7671e-13
0.139924	1.73707e-12
0.139947	8.30113e-13
0.139969	1.62884e-12
0.139992	8.35075e-13
0.140014	1.56225e-12
0.140037	6.068e-13
0.140059	1.51893e-12
0.140082	7.3859e-13
0.140104	1.42415e-12
0.140127	6.67876e-13
0.140149	1.46641e-12
0.140172	7.03377e-13
0.140194	1.34033e-12
0.140217	6.82886e-13
0.140239	1.32976e-12
0.140262	6.41115e-13
0.140284	1.19904e-12
0.140307	5.84909e-13
0.140329	1.16421e-12
0.140352	5.6451e-13
0.140374	1.07703e-12
0.140397	5.48073e-13
0.140419	7.85823e-13
0.140442	4.81212e-13
0.140464	7.66029e-13
0.140487	4.39949e-13
0.140509	7.12154e-13
0.140532	4.41442e-13
0.140554	5.924e-13
0.140577	3.26624e-13
0.140599	5.15765e-13
0.140621	3.4321e-13
0.140644	5.57376e-13
0.140666	2.64067e-13
0.140689	5.00075e-13
0.140711	2.35103e-13
0.140734	4.33302e-13
0.140756	1.2524e-13
0.140779	4.06412e-13
0.140801	8.07837e-14
0.140824	3.96771e-13
0.140846	1.00719e-13
0.140869	4.12873e-13
0.140891	5.01404e-14
0.140914	3.05744e-13
0.140936	6.06341e-15
0.140958	2.81926e-13
0.140981	-1.2494e-14
0.141003	2.8473e-13
0.141026	-1.31721e-13
0.141048	3.31866e-13
0.141071	-1.15602e-13
0.141093	2.46304e-13
0.141116	-1.74456e-13
0.141138	2.02436e-13
0.14116	-1.59709e-13
0.141183	1.63408e-13
0.141205	-1.38576e-13
0.141228	1.01152e-13
0.14125	-7.56017e-14
0.141273	3.58996e-14
0.141295	3.78395e-15
0.141317	-3.47334e-14
0.14134	-7.25209e-15
0.141362	-1.87443e-13
0.141385	-6.12178e-14
0.141407	-2.28349e-13
0.14143	7.96199e-15
0.141452	-1.81869e-13
0.141474	2.0525e-14
0.141497	-1.91686e-13
0.141519	-7.41638e-14
0.141542	-1.62837e-13
0.141564	5.53948e-15
0.141586	-1.76257e-13
0.141609	-1.84501e-14
0.141631	-2.04213e-13
0.141654	4.70437e-15
0.141676	-2.54584e-13
0.141698	-7.1242e-14
0.141721	-1.91893e-13
0.141743	-2.9204e-14
0.141766	-2.54577e-13
0.141788	4.41128e-14
0.14181	-3.13315e-13
0.141833	7.67313e-14
0.141855	-3.26719e-13
0.141878	1.0102e-13
0.1419	-3.03854e-13
0.141922	1.30831e-13
0.141945	-3.08421e-13
0.141967	4.16327e-14
0.141989	-3.18035e-13
0.142012	5.91053e-14
0.142034	-2.68954e-13
0.142057	8.18381e-14
0.142079	-2.60188e-13
0.142101	1.30287e-13
0.142124	-2.75666e-13
0.142146	1.06282e-13
0.142168	-2.10184e-13
0.142191	5.7691e-14
0.142213	-1.77517e-13
0.142236	2.48921e-14
0.142258	4.54109e-15
0.14228	1.30669e-14
0.142303	-3.51831e-14
0.142325	1.23492e-14
0.142347	1.53643e-14
0.14237	-5.26121e-14
0.142392	-2.23437e-15
0.142414	-2.09266e-14
0.142437	4.49114e-14
0.142459	-4.87799e-14
0.142481	5.12416e-13
0.142504	4.30783e-13
0.142526	5.27752e-13
0.142548	4.27803e-13
0.142571	5.56371e-13
0.142593	4.00213e-13
0.142615	6.56075e-13
0.142638	3.67143e-13
0.14266	6.64962e-13
0.142682	3.8379e-13
0.142705	7.22024e-13
0.142727	4.72454e-13
0.142749	6.97366e-13
0.142772	5.07103e-13
0.142794	7.32933e-13
0.142816	5.49939e-13
0.142839	7.52499e-13
0.142861	5.841e-13
0.142883	8.31779e-13
0.142906	6.29366e-13
0.142928	8.57157e-13
0.14295	4.89958e-13
0.142973	8.94119e-13
0.142995	6.04556e-13
0.143017	9.4249e-13
0.14304	6.88303e-13
0.143062	8.70972e-13
0.143084	7.76908e-13
0.143106	9.28976e-13
0.143129	8.34118e-13
0.143151	9.19173e-13
0.143173	9.18673e-13
0.143196	9.41469e-13
0.143218	1.004e-12
0.14324	8.97451e-13
0.143263	1.03594e-12
0.143285	8.9039e-13
0.143307	1.13131e-12
0.143329	9.59203e-13
0.143352	1.14672e-12
0.143374	9.31094e-13
0.143396	1.25372e-12
0.143419	9.97033e-13
0.143441	1.26128e-12
0.143463	1.02611e-12
0.143485	1.28714e-12
0.143508	1.12886e-12
0.14353	1.33384e-12
0.143552	1.11283e-12
0.143575	1.31572e-12
0.143597	1.19384e-12
0.143619	1.39687e-12
0.143641	1.19865e-12
0.143664	1.4014e-12
0.143686	1.24865e-12
0.143708	1.43523e-12
0.14373	1.27791e-12
0.143753	1.48038e-12
0.143775	1.30599e-12
0.143797	1.52343e-12
0.14382	1.31081e-12
0.143842	1.52609e-12
0.143864	1.32843e-12
0.143886	1.55769e-12
0.143909	1.43826e-12
0.143931	1.54997e-12
0.143953	1.47285e-12
0.143975	1.54669e-12
0.143998	1.51438e-12
0.14402	1.56875e-12
0.144042	1.54709e-12
0.144064	1.54874e-12
0.144087	1.56544e-12
0.144109	1.44909e-12
0.144131	1.63095e-12
0.144153	1.55365e-12
0.144176	1.6732e-12
0.144198	1.50502e-12
0.14422	1.65558e-12
0.144242	1.4547e-12
0.144265	1.65325e-12
0.144287	1.43503e-12
0.144309	1.68381e-12
0.144331	1.46997e-12
0.144354	1.69493e-12
0.144376	1.51366e-12
0.144398	1.69448e-12
0.14442	1.51671e-12
0.144443	1.71128e-12
0.144465	1.57003e-12
0.144487	1.70704e-12
0.144509	1.57477e-12
0.144531	1.71905e-12
0.144554	1.597e-12
0.144576	1.72472e-12
0.144598	1.61989e-12
0.14462	1.71799e-12
0.144643	1.63055e-12
0.144665	1.71231e-12
0.144687	1.63089e-12
0.144709	1.71458e-12
0.144731	1.63768e-12
0.144754	1.69714e-12
0.144776	1.65804e-12
0.144798	1.6832e-12
0.14482	1.66685e-12
0.144843	1.67595e-12
0.144865	1.69069e-12
0.144887	1.65654e-12
0.144909	1.72095e-12
0.144931	1.65832e-12
0.144954	1.7289e-12
0.144976	1.65479e-12
0.144998	1.73661e-12
0.14502	1.64688e-12
0.145042	1.73622e-12
0.145065	1.63918e-12
0.145087	1.76869e-12
0.145109	1.6647e-12
0.145131	1.76857e-12
0.145154	1.65487e-12
0.145176	1.79445e-12
0.145198	1.64383e-12
0.14522	1.79111e-12
0.145242	1.6875e-12
0.145265	1.83163e-12
0.145287	1.64287e-12
0.145309	1.85255e-12
0.145331	1.69964e-12
0.145353	1.84932e-12
0.145376	1.70135e-12
0.145398	1.8764e-12
0.14542	1.69354e-12
0.145442	1.8937e-12
0.145464	1.73896e-12
0.145487	1.91492e-12
0.145509	1.77657e-12
0.145531	1.91539e-12
0.145553	1.82944e-12
0.145575	1.94142e-12
0.145597	1.81958e-12
0.14562	1.95944e-12
0.145642	1.80568e-12
0.145664	1.99e-12
0.145686	1.82958e-12
0.145708	1.98035e-12
0.145731	1.85862e-12
0.145753	2.01013e-12
0.145775	1.86823e-12
0.145797	2.04513e-12
0.145819	1.88449e-12
0.145842	2.04342e-12
0.145864	1.91801e-12
0.145886	2.0681e-12
0.145908	1.95951e-12
0.14593	2.08919e-12
0.145952	1.97559e-12
0.145975	2.12369e-12
0.145997	1.99449e-12
0.146019	2.14105e-12
0.146041	2.00879e-12
0.146063	2.14988e-12
0.146086	2.0523e-12
0.146108	2.18321e-12
0.14613	2.07574e-12
0.146152	2.19417e-12
0.146174	2.10205e-12
0.146196	2.23225e-12
0.146219	2.13893e-12
0.146241	2.24533e-12
0.146263	2.1782e-12
0.146285	2.26471e-12
0.146307	2.19024e-12
0.146329	2.28521e-12
0.146352	2.23379e-12
0.146374	2.32304e-12
0.146396	2.26126e-12
0.146418	2.33585e-12
0.14644	2.28381e-12
0.146462	2.36554e-12
0.146485	2.32257e-12
0.146507	2.39805e-12
0.146529	2.35128e-12
0.146551	2.42635e-12
0.146573	2.38076e-12
0.146596	2.45001e-12
0.146618	2.39459e-12
0.14664	2.48014e-12
0.146662	2.43284e-12
0.146684	2.51382e-12
0.146706	2.44268e-12
0.146729	2.53867e-12
0.146751	2.4797e-12
0.146773	2.5621e-12
0.146795	2.53599e-12
0.146817	2.63413e-12
0.146839	2.54413e-12
0.146862	2.62273e-12
0.146884	2.55522e-12
0.146906	2.64369e-12
0.146928	2.58788e-12
0.14695	2.74594e-12
0.146972	2.60446e-12
0.146995	2.77412e-12
0.147017	2.63809e-12
0.147039	2.70093e-12
0.147061	2.75357e-12
0.147083	2.80783e-12
0.147105	2.76226e-12
0.147128	2.84774e-12
0.14715	2.8102e-12
0.147172	2.86858e-12
0.147194	2.82151e-12
0.147216	2.89395e-12
0.147238	2.84278e-12
0.147261	2.89804e-12
0.147283	2.89763e-12
0.147305	2.92118e-12
0.147327	2.92119e-12
0.147349	2.95279e-12
0.147371	2.86477e-12
0.147393	3.03554e-12
0.147416	2.97371e-12
0.147438	3.01587e-12
0.14746	2.9932e-12
0.147482	3.03078e-12
0.147504	3.01799e-12
0.147526	3.06835e-12
0.147549	3.05317e-12
0.147571	3.08932e-12
0.147593	3.09233e-12
0.147615	3.09766e-12
0.147637	3.08147e-12
0.147659	3.12049e-12
0.147682	3.09954e-12
0.147704	3.16389e-12
0.147726	3.12895e-12
0.147748	3.16952e-12
0.14777	3.15858e-12
0.147792	3.20068e-12
0.147815	3.19422e-12
0.147837	3.21479e-12
0.147859	3.18686e-12
0.147881	3.22054e-12
0.147903	3.21934e-12
0.147925	3.22288e-12
0.147948	3.22224e-12
0.14797	3.2825e-12
0.147992	3.25079e-12
0.148014	3.27579e-12
0.148036	3.28713e-12
0.148058	2.59547e-12
0.148081	2.61896e-12
0.148103	2.61455e-12
0.148125	2.62267e-12
0.148147	2.62672e-12
0.148169	2.66791e-12
0.148191	2.64108e-12
0.148214	2.72284e-12
0.148236	2.6971e-12
0.148258	2.70888e-12
0.14828	2.69973e-12
0.148302	2.73238e-12
0.148324	2.73747e-12
0.148347	2.7454e-12
0.148369	2.76018e-12
0.148391	2.76933e-12
0.148413	2.7714e-12
0.148435	2.78833e-12
0.148458	2.80955e-12
0.14848	2.79053e-12
0.148502	2.83223e-12
0.148524	2.81894e-12
0.148546	2.8212e-12
0.148568	2.84979e-12
0.148591	2.86069e-12
0.148613	2.87768e-12
0.148635	2.89058e-12
0.148657	2.89859e-12
0.148679	2.9073e-12
0.148701	2.91345e-12
0.148724	2.95025e-12
0.148746	2.92539e-12
0.148768	2.91546e-12
0.14879	2.96467e-12
0.148812	2.96342e-12
0.148835	2.9922e-12
0.148857	2.9769e-12
0.148879	3.00646e-12
0.148901	3.00041e-12
0.148923	3.01399e-12
0.148945	3.01531e-12
0.148968	3.04709e-12
0.14899	3.03415e-12
0.149012	3.06068e-12
0.149034	3.05011e-12
0.149056	3.08106e-12
0.149079	3.06228e-12
0.149101	3.09234e-12
0.149123	3.10627e-12
0.149145	3.10634e-12
0.149167	3.1241e-12
0.149189	3.13102e-12
0.149212	3.17125e-12
0.149234	3.083e-12
0.149256	3.12949e-12
0.149278	3.14928e-12
0.1493	3.14883e-12
0.149323	3.19637e-12
0.149345	3.19728e-12
0.149367	3.19367e-12
0.149389	3.16842e-12
0.149411	3.21272e-12
0.149434	3.21016e-12
0.149456	3.20978e-12
0.149478	3.22175e-12
0.1495	3.22184e-12
0.149522	3.23517e-12
0.149545	3.25432e-12
0.149567	3.24558e-12
0.149589	3.24696e-12
0.149611	3.25255e-12
0.149633	3.27433e-12
0.149656	3.27697e-12
0.149678	3.27554e-12
0.1497	3.27314e-12
0.149722	3.29829e-12
0.149744	3.28435e-12
0.149767	3.29661e-12
0.149789	3.288e-12
0.149811	3.30087e-12
0.149833	3.29456e-12
0.149856	3.30226e-12
0.149878	3.30343e-12
0.1499	3.30374e-12
0.149922	3.32083e-12
0.149944	3.31917e-12
0.149967	3.31929e-12
0.149989	3.33026e-12
0.150011	3.3244e-12
