0.100017	3.54405e-12
0.10004	3.51254e-12
0.100063	3.66543e-12
0.100086	3.63481e-12
0.100109	3.63854e-12
0.100132	3.59334e-12
0.100154	3.59831e-12
0.100177	3.56594e-12
0.1002	3.56849e-12
0.100223	3.53696e-12
0.100246	3.53234e-12
0.100269	3.48708e-12
0.100292	3.4944e-12
0.100314	3.45276e-12
0.100337	3.4236e-12
0.10036	3.42785e-12
0.100383	3.42052e-12
0.100406	3.36909e-12
0.100429	3.42196e-12
0.100451	3.40047e-12
0.100474	3.35883e-12
0.100497	3.37063e-12
0.10052	3.38786e-12
0.100543	3.35835e-12
0.100566	3.3773e-12
0.100588	3.3444e-12
0.100611	3.36163e-12
0.100634	3.34546e-12
0.100657	3.35689e-12
0.10068	3.34292e-12
0.100703	3.36083e-12
0.100725	3.34189e-12
0.100748	3.35771e-12
0.100771	3.3495e-12
0.100794	3.36544e-12
0.100817	3.35437e-12
0.10084	3.3632e-12
0.100862	3.3565e-12
0.100885	3.39195e-12
0.100908	3.38938e-12
0.100931	3.41403e-12
0.100954	3.40994e-12
0.100976	3.39459e-12
0.100999	3.44379e-12
0.101022	3.45578e-12
0.101045	3.45628e-12
0.101068	3.48462e-12
0.10109	3.48688e-12
0.101113	3.48609e-12
0.101136	3.48095e-12
0.101159	3.52009e-12
0.101182	3.49737e-12
0.101205	3.58419e-12
0.101227	3.54716e-12
0.10125	3.61114e-12
0.101273	3.59009e-12
0.101296	3.61787e-12
0.101319	3.62683e-12
0.101341	3.64562e-12
0.101364	3.65585e-12
0.101387	3.67787e-12
0.10141	3.68486e-12
0.101432	3.69483e-12
0.101455	3.71188e-12
0.101478	3.73049e-12
0.101501	3.73367e-12
0.101524	3.75786e-12
0.101546	3.76061e-12
0.101569	3.78908e-12
0.101592	3.79381e-12
0.101615	3.81e-12
0.101638	3.81679e-12
0.10166	3.83732e-12
0.101683	3.84232e-12
0.101706	3.85693e-12
0.101729	3.85123e-12
0.101751	3.87856e-12
0.101774	3.88365e-12
0.101797	3.90685e-12
0.10182	3.90551e-12
0.101843	3.92074e-12
0.101865	3.92947e-12
0.101888	3.93921e-12
0.101911	3.94276e-12
0.101934	3.95312e-12
0.101956	3.96195e-12
0.101979	3.97147e-12
0.102002	3.97906e-12
0.102025	3.98851e-12
0.102047	3.99248e-12
0.10207	4.00366e-12
0.102093	4.00969e-12
0.102116	4.0178e-12
0.102138	4.01369e-12
0.102161	4.02805e-12
0.102184	4.03201e-12
0.102207	4.04159e-12
0.102229	4.04796e-12
0.102252	4.05067e-12
0.102275	4.05765e-12
0.102298	4.06463e-12
0.102321	4.06908e-12
0.102343	4.07414e-12
0.102366	4.08021e-12
0.102389	4.08761e-12
0.102411	4.09131e-12
0.102434	4.09903e-12
0.102457	4.10259e-12
0.10248	4.11167e-12
0.102502	4.11567e-12
0.102525	4.12146e-12
0.102548	4.12938e-12
0.102571	4.13752e-12
0.102593	4.13941e-12
0.102616	4.15325e-12
0.102639	4.15973e-12
0.102662	4.17007e-12
0.102684	4.17443e-12
0.102707	4.19284e-12
0.10273	4.19955e-12
0.102753	4.20781e-12
0.102775	4.21861e-12
0.102798	4.23486e-12
0.102821	4.2466e-12
0.102844	4.26243e-12
0.102866	4.28001e-12
0.102889	4.31542e-12
0.102912	4.32756e-12
0.102934	4.32871e-12
0.102957	4.35514e-12
0.10298	4.35217e-12
0.103003	4.37045e-12
0.103025	4.36827e-12
0.103048	4.39923e-12
0.103071	4.43499e-12
0.103093	4.41887e-12
0.103116	4.46026e-12
0.103139	4.46249e-12
0.103162	4.49876e-12
0.103184	4.52726e-12
0.103207	4.53684e-12
0.10323	4.55684e-12
0.103252	4.57874e-12
0.103275	5.38997e-12
0.103298	4.61802e-12
0.103321	5.40564e-12
0.103343	4.66786e-12
0.103366	5.41927e-12
0.103389	5.42111e-12
0.103411	5.44307e-12
0.103434	5.4457e-12
0.103457	5.4605e-12
0.10348	4.82979e-12
0.103502	5.47458e-12
0.103525	4.84829e-12
0.103548	5.48666e-12
0.10357	5.48771e-12
0.103593	5.50284e-12
0.103616	5.50693e-12
0.103638	5.52458e-12
0.103661	5.52227e-12
0.103684	5.54195e-12
0.103707	5.54162e-12
0.103729	5.55983e-12
0.103752	5.56905e-12
0.103775	5.58685e-12
0.103797	5.5935e-12
0.10382	5.62265e-12
0.103843	5.63497e-12
0.103865	5.65639e-12
0.103888	5.67676e-12
0.103911	5.69624e-12
0.103933	5.43872e-12
0.103956	5.78217e-12
0.103979	5.77516e-12
0.104001	5.81272e-12
0.104024	5.83882e-12
0.104047	5.87795e-12
0.10407	5.918e-12
0.104092	5.95527e-12
0.104115	5.98639e-12
0.104138	6.036e-12
0.10416	6.06732e-12
0.104183	6.1034e-12
0.104206	6.15194e-12
0.104228	6.16717e-12
0.104251	6.19763e-12
0.104274	6.23805e-12
0.104296	6.24268e-12
0.104319	6.284e-12
0.104342	6.29938e-12
0.104364	6.3138e-12
0.104387	6.32138e-12
0.10441	3.25555e-12
0.104432	3.22e-12
0.104455	3.17445e-12
0.104478	3.15405e-12
0.1045	3.12396e-12
0.104523	3.07684e-12
0.104546	3.06526e-12
0.104568	3.04882e-12
0.104591	3.03245e-12
0.104614	3.0137e-12
0.104636	3.00811e-12
0.104659	3.00012e-12
0.104682	3.0252e-12
0.104704	3.06907e-12
0.104727	3.1243e-12
0.10475	3.22067e-12
0.104772	3.07352e-12
0.104795	3.24679e-12
0.104818	3.28893e-12
0.10484	3.30036e-12
0.104863	3.35752e-12
0.104886	3.39771e-12
0.104908	3.42387e-12
0.104931	3.41539e-12
0.104954	3.49085e-12
0.104976	3.51291e-12
0.104999	3.52938e-12
0.105022	3.57635e-12
0.105044	3.59536e-12
0.105067	3.62224e-12
0.105089	3.64463e-12
0.105112	3.66637e-12
0.105135	3.68812e-12
0.105157	3.70665e-12
0.10518	3.7297e-12
0.105203	3.74057e-12
0.105225	3.76304e-12
0.105248	3.77508e-12
0.105271	3.77802e-12
0.105293	3.79659e-12
0.105316	3.81199e-12
0.105339	3.82323e-12
0.105361	3.8349e-12
0.105384	3.8433e-12
0.105407	3.85062e-12
0.105429	3.85955e-12
0.105452	3.86548e-12
0.105474	3.87342e-12
0.105497	3.87893e-12
0.10552	3.88406e-12
0.105542	3.88848e-12
0.105565	4.06208e-12
0.105588	4.07434e-12
0.10561	4.08457e-12
0.105633	4.09615e-12
0.105656	4.103e-12
0.105678	4.11233e-12
0.105701	4.12665e-12
0.105724	4.10397e-12
0.105746	4.12449e-12
0.105769	4.1333e-12
0.105791	4.13989e-12
0.105814	4.14373e-12
0.105837	4.14542e-12
0.105859	4.14832e-12
0.105882	4.14983e-12
0.105905	4.15184e-12
0.105927	4.15112e-12
0.10595	4.15347e-12
0.105972	4.28525e-12
0.105995	4.29932e-12
0.106018	4.29639e-12
0.10604	4.28785e-12
0.106063	4.30029e-12
0.106086	4.28745e-12
0.106108	4.28189e-12
0.106131	4.27495e-12
0.106154	4.26012e-12
0.106176	4.27815e-12
0.106199	4.26996e-12
0.106221	4.26092e-12
0.106244	4.24882e-12
0.106267	4.24516e-12
0.106289	4.23454e-12
0.106312	4.21847e-12
0.106335	4.21468e-12
0.106357	4.21016e-12
0.10638	4.19548e-12
0.106402	4.4903e-12
0.106425	4.19445e-12
0.106448	4.48429e-12
0.10647	4.47744e-12
0.106493	4.43958e-12
0.106516	4.46281e-12
0.106538	4.43128e-12
0.106561	4.41379e-12
0.106583	4.38795e-12
0.106606	4.37711e-12
0.106629	4.36559e-12
0.106651	4.35562e-12
0.106674	4.35443e-12
0.106696	4.32844e-12
0.106719	4.34106e-12
0.106742	4.33709e-12
0.106764	4.34222e-12
0.106787	4.34552e-12
0.10681	4.35657e-12
0.106832	4.3649e-12
0.106855	4.38624e-12
0.106877	4.39948e-12
0.1069	4.42158e-12
0.106923	4.44261e-12
0.106945	4.46459e-12
0.106968	4.4658e-12
0.106991	4.52321e-12
0.107013	4.50458e-12
0.107036	4.47743e-12
0.107058	4.49842e-12
0.107081	4.47704e-12
0.107104	4.47468e-12
0.107126	4.48577e-12
0.107149	4.48911e-12
0.107171	4.51246e-12
0.107194	4.52396e-12
0.107217	4.547e-12
0.107239	4.55955e-12
0.107262	4.57691e-12
0.107285	4.58564e-12
0.107307	4.58957e-12
0.10733	4.5775e-12
0.107352	4.56424e-12
0.107375	4.54173e-12
0.107398	4.52626e-12
0.10742	4.55657e-12
0.107443	4.70537e-12
0.107465	4.72022e-12
0.107488	4.95729e-12
0.107511	4.85952e-12
0.107533	5.1244e-12
0.107556	4.95763e-12
0.107579	5.33322e-12
0.107601	5.0614e-12
0.107624	5.39962e-12
0.107646	5.18955e-12
0.107669	5.41867e-12
0.107692	5.28373e-12
0.107714	5.49296e-12
0.107737	5.38626e-12
0.107759	5.56546e-12
0.107782	5.46985e-12
0.107805	5.53471e-12
0.107827	5.53447e-12
0.10785	5.60208e-12
0.107872	5.59506e-12
0.107895	5.65817e-12
0.107918	5.64588e-12
0.10794	5.713e-12
0.107963	5.64425e-12
0.107986	5.76854e-12
0.108008	5.69201e-12
0.108031	5.81295e-12
0.108053	5.73468e-12
0.108076	5.85215e-12
0.108099	5.77839e-12
0.108121	5.85506e-12
0.108144	5.83064e-12
0.108166	2.70294e-12
0.108189	5.81224e-12
0.108212	2.72273e-12
0.108234	5.85779e-12
0.108257	2.69644e-12
0.108279	5.85169e-12
0.108302	2.66273e-12
0.108325	5.87245e-12
0.108347	2.65168e-12
0.10837	5.88759e-12
0.108393	2.62187e-12
0.108415	5.90008e-12
0.108438	2.61822e-12
0.10846	5.89671e-12
0.108483	2.62397e-12
0.108506	2.53863e-12
0.108528	2.64582e-12
0.108551	2.55276e-12
0.108573	2.65707e-12
0.108596	2.57771e-12
0.108619	2.66415e-12
0.108641	2.58339e-12
0.108664	2.64581e-12
0.108687	2.57059e-12
0.108709	2.67486e-12
0.108732	2.56476e-12
0.108754	2.80017e-12
0.108777	2.68506e-12
0.1088	2.90189e-12
0.108822	3.0506e-12
0.108845	3.00358e-12
0.108867	3.08956e-12
0.10889	3.06111e-12
0.108913	3.11143e-12
0.108935	3.10248e-12
0.108958	3.15588e-12
0.10898	3.14166e-12
0.109003	3.22325e-12
0.109026	3.17255e-12
0.109048	3.30058e-12
0.109071	3.19341e-12
0.109094	3.39776e-12
0.109116	3.20464e-12
0.109139	3.51569e-12
0.109161	3.22451e-12
0.109184	3.6708e-12
0.109207	3.26122e-12
0.109229	3.78176e-12
0.109252	3.34045e-12
0.109275	3.92124e-12
0.109297	3.48233e-12
0.10932	4.04991e-12
0.109342	3.59144e-12
0.109365	4.18399e-12
0.109388	3.70982e-12
0.10941	4.3149e-12
0.109433	3.83602e-12
0.109455	4.4458e-12
0.109478	4.73164e-12
0.109501	4.59468e-12
0.109523	4.82506e-12
0.109546	4.71184e-12
0.109569	4.90514e-12
0.109591	4.7979e-12
0.109614	4.95039e-12
0.109636	4.87788e-12
0.109659	4.96664e-12
0.109682	4.904e-12
0.109704	4.95606e-12
0.109727	4.92225e-12
0.10975	4.92542e-12
0.109772	4.9028e-12
0.109795	4.87648e-12
0.109817	4.86537e-12
0.10984	4.81931e-12
0.109863	4.81994e-12
0.109885	4.76268e-12
0.109908	4.72722e-12
0.109931	4.71098e-12
0.109953	4.66174e-12
0.109976	4.57704e-12
0.109998	4.6405e-12
0.110021	4.56936e-12
0.110044	4.55377e-12
0.110066	4.49401e-12
0.110089	4.48277e-12
0.110112	4.45429e-12
0.110134	4.434e-12
0.110157	4.37055e-12
0.11018	4.36056e-12
0.110202	4.31312e-12
0.110225	4.26195e-12
0.110247	4.22778e-12
0.11027	4.21017e-12
0.110293	4.11984e-12
0.110315	4.12622e-12
0.110338	4.03428e-12
0.110361	4.02606e-12
0.110383	3.93947e-12
0.110406	3.88007e-12
0.110428	3.8052e-12
0.110451	3.76192e-12
0.110474	3.68816e-12
0.110496	3.63254e-12
0.110519	3.57177e-12
0.110542	3.51191e-12
0.110564	3.47164e-12
0.110587	3.33538e-12
0.11061	3.28768e-12
0.110632	3.219e-12
0.110655	3.16473e-12
0.110678	3.09227e-12
0.1107	3.02658e-12
0.110723	2.96984e-12
0.110745	2.88635e-12
0.110768	2.8408e-12
0.110791	2.75141e-12
0.110813	2.70593e-12
0.110836	2.64265e-12
0.110859	5.2312e-12
0.110881	2.51293e-12
0.110904	2.46925e-12
0.110927	2.40237e-12
0.110949	5.88175e-12
0.110972	4.76025e-12
0.110995	5.67582e-12
0.111017	5.55976e-12
0.11104	4.56134e-12
0.111063	5.35302e-12
0.111085	4.39097e-12
0.111108	5.14508e-12
0.11113	4.23158e-12
0.111153	4.1482e-12
0.111176	4.10279e-12
0.111198	4.03935e-12
0.111221	3.9907e-12
0.111244	3.93589e-12
0.111266	3.89372e-12
0.111289	3.8381e-12
0.111312	3.8078e-12
0.111334	3.75519e-12
0.111357	4.3911e-12
0.11138	4.30947e-12
0.111402	4.24779e-12
0.111425	4.16629e-12
0.111448	4.12217e-12
0.11147	4.05677e-12
0.111493	4.00644e-12
0.111516	3.9278e-12
0.111538	3.88254e-12
0.111561	3.83133e-12
0.111584	3.79026e-12
0.111606	3.71133e-12
0.111629	3.68909e-12
0.111652	3.65044e-12
0.111674	3.57482e-12
0.111697	3.55394e-12
0.11172	3.5012e-12
0.111742	3.4967e-12
0.111765	3.47043e-12
0.111788	3.41609e-12
0.11181	3.37991e-12
0.111833	3.34056e-12
0.111856	3.3168e-12
0.111878	3.2734e-12
0.111901	3.2419e-12
0.111924	3.19625e-12
0.111946	3.16704e-12
0.111969	3.13596e-12
0.111992	3.06922e-12
0.112014	3.05379e-12
0.112037	3.01546e-12
0.11206	2.9754e-12
0.112082	2.93914e-12
0.112105	2.90746e-12
0.112128	2.89328e-12
0.11215	2.88024e-12
0.112173	2.87565e-12
0.112196	2.87615e-12
0.112219	2.8812e-12
0.112241	2.87895e-12
0.112264	2.88385e-12
0.112287	2.88423e-12
0.112309	2.88428e-12
0.112332	2.87871e-12
0.112355	2.87981e-12
0.112377	2.83755e-12
0.1124	2.84609e-12
0.112423	2.84427e-12
0.112445	2.87339e-12
0.112468	2.88874e-12
0.112491	2.89753e-12
0.112513	2.90683e-12
0.112536	2.91821e-12
0.112559	2.92889e-12
0.112582	6.01042e-12
0.112604	5.97462e-12
0.112627	5.93897e-12
0.11265	5.90877e-12
0.112672	5.86451e-12
0.112695	5.82682e-12
0.112718	5.79773e-12
0.11274	5.76317e-12
0.112763	5.7275e-12
0.112786	5.69039e-12
0.112809	5.67235e-12
0.112831	5.62697e-12
0.112854	5.59205e-12
0.112877	5.55868e-12
0.112899	5.5327e-12
0.112922	5.48651e-12
0.112945	5.45508e-12
0.112967	5.41639e-12
0.11299	5.37986e-12
0.113013	5.33435e-12
0.113036	5.29931e-12
0.113058	5.26322e-12
0.113081	5.21933e-12
0.113104	5.17355e-12
0.113126	5.14399e-12
0.113149	5.08165e-12
0.113172	5.05521e-12
0.113195	4.99896e-12
0.113217	4.96089e-12
0.11324	4.90243e-12
0.113263	4.87279e-12
0.113285	4.80768e-12
0.113308	4.77702e-12
0.113331	4.71632e-12
0.113354	4.66871e-12
0.113376	4.60282e-12
0.113399	4.56375e-12
0.113422	4.51375e-12
0.113445	4.44491e-12
0.113467	4.38541e-12
0.11349	4.86326e-12
0.113513	4.80375e-12
0.113535	4.2424e-12
0.113558	4.18884e-12
0.113581	4.15231e-12
0.113604	4.60063e-12
0.113626	4.13343e-12
0.113649	4.49434e-12
0.113672	4.08015e-12
0.113695	4.04321e-12
0.113717	4.02582e-12
0.11374	4.01398e-12
0.113763	4.21265e-12
0.113786	3.99281e-12
0.113808	3.9719e-12
0.113831	3.96727e-12
0.113854	3.94543e-12
0.113876	3.93078e-12
0.113899	3.91643e-12
0.113922	3.90658e-12
0.113945	3.89109e-12
0.113967	3.88524e-12
0.11399	3.87876e-12
0.114013	3.87071e-12
0.114036	3.84971e-12
0.114058	3.83999e-12
0.114081	3.81946e-12
0.114104	3.80816e-12
0.114126	3.78568e-12
0.114149	3.76325e-12
0.114172	3.76967e-12
0.114195	3.73654e-12
0.114217	3.71114e-12
0.11424	3.69185e-12
0.114263	3.67119e-12
0.114286	3.64462e-12
0.114308	3.61518e-12
0.114331	3.59892e-12
0.114354	3.57252e-12
0.114376	3.54102e-12
0.114399	3.51327e-12
0.114422	3.48961e-12
0.114444	3.45125e-12
0.114467	3.43309e-12
0.11449	3.38927e-12
0.114513	3.36106e-12
0.114535	3.32562e-12
0.114558	3.29348e-12
0.114581	3.24755e-12
0.114603	3.21573e-12
0.114626	3.17062e-12
0.114649	3.12377e-12
0.114671	3.10715e-12
0.114694	3.05418e-12
0.114717	2.99784e-12
0.11474	2.9568e-12
0.114762	2.90461e-12
0.114785	2.85823e-12
0.114808	2.80804e-12
0.11483	6.09916e-12
0.114853	6.01268e-12
0.114876	5.93151e-12
0.114898	5.83902e-12
0.114921	5.75877e-12
0.114944	5.6782e-12
0.114966	5.57133e-12
0.114989	5.49727e-12
0.115012	5.42097e-12
0.115034	5.33237e-12
0.115057	5.20952e-12
0.11508	5.27021e-12
0.115102	5.14084e-12
0.115125	5.05109e-12
0.115148	5.06239e-12
0.11517	4.98101e-12
0.115193	4.9375e-12
0.115216	4.92806e-12
0.115238	4.91963e-12
0.115261	4.89759e-12
0.115284	5.02321e-12
0.115306	4.88876e-12
0.115329	4.97506e-12
0.115352	5.02201e-12
0.115374	5.00774e-12
0.115397	5.08382e-12
0.11542	5.07264e-12
0.115442	4.7093e-12
0.115465	4.72729e-12
0.115488	4.78107e-12
0.11551	4.80557e-12
0.115533	4.88909e-12
0.115556	4.87664e-12
0.115578	4.9459e-12
0.115601	5.02543e-12
0.115624	5.06254e-12
0.115646	5.12652e-12
0.115669	5.20599e-12
0.115691	5.25391e-12
0.115714	5.34681e-12
0.115737	5.44131e-12
0.115759	5.51827e-12
0.115782	5.59065e-12
0.115805	5.66539e-12
0.115827	5.77403e-12
0.11585	5.81335e-12
0.115873	5.86192e-12
0.115895	5.91617e-12
0.115918	6.03047e-12
0.11594	5.99631e-12
0.115963	6.1538e-12
0.115986	6.07497e-12
0.116008	6.14501e-12
0.116031	6.1511e-12
0.116054	6.20365e-12
0.116076	6.19677e-12
0.116099	6.20182e-12
0.116121	3.17109e-12
0.116144	3.2121e-12
0.116167	3.30416e-12
0.116189	3.33944e-12
0.116212	3.38228e-12
0.116235	3.45314e-12
0.116257	3.50728e-12
0.11628	3.5748e-12
0.116302	3.67307e-12
0.116325	3.75225e-12
0.116348	3.8439e-12
0.11637	3.94043e-12
0.116393	4.00218e-12
0.116415	4.05935e-12
0.116438	4.14044e-12
0.116461	4.12901e-12
0.116483	4.17109e-12
0.116506	4.14231e-12
0.116528	4.17314e-12
0.116551	4.16097e-12
0.116574	4.13099e-12
0.116596	4.09788e-12
0.116619	4.22526e-12
0.116641	4.19692e-12
0.116664	4.1195e-12
0.116687	4.09013e-12
0.116709	4.03098e-12
0.116732	3.98332e-12
0.116754	3.92269e-12
0.116777	3.88335e-12
0.1168	3.79505e-12
0.116822	3.77101e-12
0.116845	3.72816e-12
0.116867	3.69722e-12
0.11689	3.58019e-12
0.116912	3.60565e-12
0.116935	3.50683e-12
0.116958	3.50029e-12
0.11698	3.48216e-12
0.117003	3.49799e-12
0.117025	3.49029e-12
0.117048	3.48191e-12
0.11707	3.53418e-12
0.117093	3.56139e-12
0.117116	3.58857e-12
0.117138	3.63146e-12
0.117161	3.70121e-12
0.117183	3.74209e-12
0.117206	3.82815e-12
0.117228	3.87807e-12
0.117251	3.96414e-12
0.117274	4.02692e-12
0.117296	4.11246e-12
0.117319	4.16169e-12
0.117341	4.25976e-12
0.117364	4.32532e-12
0.117386	4.40287e-12
0.117409	4.46634e-12
0.117432	4.54067e-12
0.117454	4.59376e-12
0.117477	4.67643e-12
0.117499	4.71488e-12
0.117522	4.78924e-12
0.117544	4.75137e-12
0.117567	4.81341e-12
0.117589	4.85607e-12
0.117612	4.91117e-12
0.117635	4.95211e-12
0.117657	5.00707e-12
0.11768	5.045e-12
0.117702	5.08107e-12
0.117725	5.12945e-12
0.117747	5.16512e-12
0.11777	5.20222e-12
0.117792	5.25033e-12
0.117815	5.27764e-12
0.117837	5.32671e-12
0.11786	5.35115e-12
0.117883	5.39079e-12
0.117905	5.42208e-12
0.117928	5.45876e-12
0.11795	5.48416e-12
0.117973	5.5255e-12
0.117995	5.54888e-12
0.118018	5.5825e-12
0.11804	5.6136e-12
0.118063	5.64094e-12
0.118085	5.66855e-12
0.118108	5.69852e-12
0.11813	5.7225e-12
0.118153	5.75145e-12
0.118175	5.78971e-12
0.118198	5.79812e-12
0.118221	5.84601e-12
0.118243	5.8604e-12
0.118266	5.88079e-12
0.118288	5.91324e-12
0.118311	5.92907e-12
0.118333	5.95393e-12
0.118356	5.98219e-12
0.118378	5.98828e-12
0.118401	6.02551e-12
0.118423	6.03835e-12
0.118446	6.06406e-12
0.118468	6.08671e-12
0.118491	6.11036e-12
0.118513	6.12858e-12
0.118536	6.1523e-12
0.118558	6.17852e-12
0.118581	6.19422e-12
0.118603	6.21788e-12
0.118626	6.24569e-12
0.118648	6.25857e-12
0.118671	3.73018e-12
0.118693	3.73405e-12
0.118716	3.75144e-12
0.118738	3.7638e-12
0.118761	3.77349e-12
0.118783	3.78433e-12
0.118806	3.79766e-12
0.118829	3.80404e-12
0.118851	3.82324e-12
0.118874	3.83252e-12
0.118896	3.8382e-12
0.118919	3.85593e-12
0.118941	3.86325e-12
0.118964	3.87286e-12
0.118986	3.89076e-12
0.119009	3.89673e-12
0.119031	3.90638e-12
0.119054	3.92217e-12
0.119076	3.92674e-12
0.119099	3.94357e-12
0.119121	3.95215e-12
0.119144	3.96414e-12
0.119166	3.97611e-12
0.119189	3.98984e-12
0.119211	3.99192e-12
0.119234	4.01176e-12
0.119256	4.01811e-12
0.119279	4.02924e-12
0.119301	4.03919e-12
0.119324	4.05359e-12
0.119346	4.05842e-12
0.119369	4.07611e-12
0.119391	4.08214e-12
0.119414	4.09318e-12
0.119436	4.1037e-12
0.119459	4.11573e-12
0.119481	4.12266e-12
0.119504	4.13638e-12
0.119526	4.14461e-12
0.119548	4.15715e-12
0.119571	4.1635e-12
0.119593	4.17715e-12
0.119616	4.18296e-12
0.119638	4.19726e-12
0.119661	4.20285e-12
0.119683	4.21545e-12
0.119706	4.2224e-12
0.119728	4.23464e-12
0.119751	4.24182e-12
0.119773	4.25281e-12
0.119796	4.26158e-12
0.119818	4.27261e-12
0.119841	4.27659e-12
0.119863	4.29097e-12
0.119886	4.2975e-12
0.119908	4.30831e-12
0.119931	4.3193e-12
0.119953	4.32829e-12
0.119976	4.33241e-12
0.119998	4.34917e-12
0.120021	4.35138e-12
0.120043	4.36101e-12
0.120066	4.37304e-12
0.120088	4.37704e-12
0.120111	4.38317e-12
0.120133	4.40054e-12
0.120156	4.39708e-12
0.120178	4.41217e-12
0.120201	4.42069e-12
0.120223	4.42527e-12
0.120245	4.43298e-12
0.120268	4.44173e-12
0.12029	4.44743e-12
0.120313	4.4554e-12
0.120335	4.46494e-12
0.120358	4.47066e-12
0.12038	4.47638e-12
0.120403	4.48508e-12
0.120425	4.49117e-12
0.120448	4.49576e-12
0.12047	4.51274e-12
0.120493	4.52064e-12
0.120515	4.52111e-12
0.120538	4.53375e-12
0.12056	4.53913e-12
0.120583	4.54042e-12
0.120605	4.54588e-12
0.120628	4.56013e-12
0.12065	4.55797e-12
0.120673	4.56865e-12
0.120695	4.57051e-12
0.120717	4.57831e-12
0.12074	4.58067e-12
0.120762	4.58927e-12
0.120785	4.58941e-12
0.120807	4.59952e-12
0.12083	4.60268e-12
0.120852	4.60772e-12
0.120875	4.61018e-12
0.120897	4.62022e-12
0.12092	4.61545e-12
0.120942	4.6287e-12
0.120965	4.6289e-12
0.120987	4.63265e-12
0.12101	4.63675e-12
0.121032	4.64077e-12
0.121055	4.64054e-12
0.121077	4.64846e-12
0.1211	4.64869e-12
0.121122	4.65197e-12
0.121144	4.65705e-12
0.121167	4.65855e-12
0.121189	4.65968e-12
0.121212	4.66583e-12
0.121234	4.66491e-12
0.121257	4.66951e-12
0.121279	4.67144e-12
0.121302	4.67386e-12
0.121324	4.67288e-12
0.121347	4.67708e-12
0.121369	4.67908e-12
0.121392	4.67797e-12
0.121414	4.67987e-12
0.121437	4.68022e-12
0.121459	4.68105e-12
0.121482	4.68017e-12
0.121504	4.68448e-12
0.121526	4.67946e-12
0.121549	4.68274e-12
0.121571	4.68071e-12
0.121594	4.67981e-12
0.121616	4.67963e-12
0.121639	4.67933e-12
0.121661	4.67392e-12
0.121684	4.67468e-12
0.121706	4.67283e-12
0.121729	4.66888e-12
0.121751	4.66569e-12
0.121774	4.66666e-12
0.121796	4.65961e-12
0.121819	4.65765e-12
0.121841	4.65288e-12
0.121864	4.65357e-12
0.121886	4.64328e-12
0.121908	4.64667e-12
0.121931	4.63758e-12
0.121953	4.63286e-12
0.121976	4.62727e-12
0.121998	4.61888e-12
0.122021	4.61362e-12
0.122043	4.61209e-12
0.122066	4.59848e-12
0.122088	4.5955e-12
0.122111	4.58531e-12
0.122133	4.57465e-12
0.122156	4.56723e-12
0.122178	4.55462e-12
0.122201	4.54626e-12
0.122223	4.54018e-12
0.122246	4.52404e-12
0.122268	4.51915e-12
0.122291	4.50832e-12
0.122313	4.49185e-12
0.122335	4.48215e-12
0.122358	4.46774e-12
0.12238	4.45176e-12
0.122403	4.44446e-12
0.122425	4.43162e-12
0.122448	4.40955e-12
0.12247	4.39792e-12
0.122493	4.37907e-12
0.122515	4.36729e-12
0.122538	4.354e-12
0.12256	4.32744e-12
0.122583	4.31771e-12
0.122605	4.29653e-12
0.122628	4.2787e-12
0.12265	4.2608e-12
0.122673	4.24722e-12
0.122695	4.22316e-12
0.122718	4.21085e-12
0.12274	4.1791e-12
0.122763	4.16133e-12
0.122785	4.14261e-12
0.122808	6.59804e-12
0.12283	6.59554e-12
0.122853	6.57422e-12
0.122875	6.5661e-12
0.122897	6.54428e-12
0.12292	6.54443e-12
0.122942	6.51478e-12
0.122965	6.51683e-12
0.122987	6.49564e-12
0.12301	6.48969e-12
0.123032	6.47163e-12
0.123055	6.47201e-12
0.123077	6.44743e-12
0.1231	6.45217e-12
0.123122	6.42681e-12
0.123145	6.43198e-12
0.123167	6.41209e-12
0.12319	6.41297e-12
0.123212	6.39517e-12
0.123235	6.39847e-12
0.123257	6.37629e-12
0.12328	6.38395e-12
0.123302	6.36103e-12
0.123325	6.36873e-12
0.123347	6.3495e-12
0.12337	6.35352e-12
0.123392	6.33407e-12
0.123415	6.34077e-12
0.123437	6.32049e-12
0.12346	6.32407e-12
0.123482	6.30278e-12
0.123505	6.30554e-12
0.123527	6.28509e-12
0.12355	6.29212e-12
0.123572	6.27068e-12
0.123595	6.26957e-12
0.123617	6.25021e-12
0.12364	6.25081e-12
0.123662	6.22959e-12
0.123685	6.22522e-12
0.123707	6.18781e-12
0.12373	6.20809e-12
0.123752	6.18984e-12
0.123775	6.19143e-12
0.123797	6.17675e-12
0.12382	6.18824e-12
0.123842	6.19182e-12
0.123865	6.22478e-12
0.123887	6.23709e-12
0.12391	6.29031e-12
0.123932	6.31584e-12
0.123955	6.37068e-12
0.123977	6.39922e-12
0.124	6.45307e-12
0.124022	6.48083e-12
0.124045	6.53262e-12
0.124067	6.55834e-12
0.12409	6.6102e-12
0.124112	6.37148e-12
0.124135	6.6902e-12
0.124157	6.45636e-12
0.12418	6.50715e-12
0.124202	6.54262e-12
0.124225	6.58326e-12
0.124247	6.61968e-12
0.12427	6.66693e-12
0.124292	6.69728e-12
0.124315	6.73961e-12
0.124338	6.7614e-12
0.12436	6.8074e-12
0.124383	6.83467e-12
0.124405	6.86874e-12
0.124428	3.5711e-12
0.12445	3.57349e-12
0.124473	3.56838e-12
0.124495	3.57021e-12
0.124518	3.56377e-12
0.12454	3.55995e-12
0.124563	3.55504e-12
0.124585	3.55031e-12
0.124608	3.54214e-12
0.12463	3.54009e-12
0.124653	3.52973e-12
0.124675	3.52436e-12
0.124698	3.51589e-12
0.12472	3.51026e-12
0.124743	3.50114e-12
0.124766	3.49411e-12
0.124788	3.48662e-12
0.124811	3.47996e-12
0.124833	3.47315e-12
0.124856	3.46644e-12
0.124878	3.46015e-12
0.124901	3.45542e-12
0.124923	3.45066e-12
0.124946	3.44695e-12
0.124968	3.44306e-12
0.124991	3.44105e-12
0.125013	3.44207e-12
0.125036	3.43846e-12
0.125059	3.4433e-12
0.125081	3.44435e-12
0.125104	3.44999e-12
0.125126	3.44921e-12
0.125149	3.46084e-12
0.125171	3.45628e-12
0.125194	3.46624e-12
0.125216	3.46567e-12
0.125239	3.48074e-12
0.125261	3.47935e-12
0.125284	3.49044e-12
0.125307	3.48927e-12
0.125329	3.49268e-12
0.125352	3.49459e-12
0.125374	3.50459e-12
0.125397	3.49756e-12
0.125419	3.50074e-12
0.125442	3.5064e-12
0.125464	3.51202e-12
0.125487	3.50952e-12
0.12551	3.51754e-12
0.125532	3.51385e-12
0.125555	3.52117e-12
0.125577	3.52189e-12
0.1256	3.53114e-12
0.125622	3.5338e-12
0.125645	3.54542e-12
0.125668	3.54678e-12
0.12569	3.56052e-12
0.125713	3.57296e-12
0.125735	3.58777e-12
0.125758	3.6018e-12
0.12578	3.62768e-12
0.125803	3.64011e-12
0.125826	3.67283e-12
0.125848	3.69521e-12
0.125871	3.72765e-12
0.125893	3.62546e-12
0.125916	3.65154e-12
0.125938	3.66893e-12
0.125961	3.70859e-12
0.125984	3.72414e-12
0.126006	3.76194e-12
0.126029	3.74663e-12
0.126051	3.82063e-12
0.126074	3.83869e-12
0.126097	3.87682e-12
0.126119	3.86425e-12
0.126142	3.94011e-12
0.126164	3.92187e-12
0.126187	3.99572e-12
0.126209	3.98741e-12
0.126232	4.06288e-12
0.126255	4.04337e-12
0.126277	4.12407e-12
0.1263	4.11509e-12
0.126322	4.18233e-12
0.126345	4.17234e-12
0.126368	4.24589e-12
0.12639	4.23724e-12
0.126413	4.30795e-12
0.126435	4.2945e-12
0.126458	4.34766e-12
0.126481	4.36386e-12
0.126503	4.43574e-12
0.126526	4.42585e-12
0.126548	4.47962e-12
0.126571	4.48727e-12
0.126594	4.53862e-12
0.126616	4.53412e-12
0.126639	4.62255e-12
0.126662	4.628e-12
0.126684	4.67688e-12
0.126707	4.68013e-12
0.126729	4.74253e-12
0.126752	4.75123e-12
0.126775	4.80139e-12
0.126797	5.41093e-12
0.12682	5.46597e-12
0.126842	5.47826e-12
0.126865	5.53055e-12
0.126888	5.54283e-12
0.12691	5.58961e-12
0.126933	5.59712e-12
0.126956	5.64707e-12
0.126978	5.65499e-12
0.127001	5.70227e-12
0.127023	5.71418e-12
0.127046	5.76418e-12
0.127069	5.74088e-12
0.127091	5.79839e-12
0.127114	5.79016e-12
0.127137	5.84481e-12
0.127159	5.84364e-12
0.127182	5.95339e-12
0.127205	5.95205e-12
0.127227	5.98972e-12
0.12725	5.97746e-12
0.127272	6.01325e-12
0.127295	6.012e-12
0.127318	6.04447e-12
0.12734	6.0311e-12
0.127363	6.05499e-12
0.127386	6.05463e-12
0.127408	6.08414e-12
0.127431	6.07088e-12
0.127453	6.09654e-12
0.127476	6.08169e-12
0.127499	6.10272e-12
0.127521	6.08861e-12
0.127544	6.22627e-12
0.127567	6.20926e-12
0.127589	6.21627e-12
0.127612	6.20324e-12
0.127634	6.32825e-12
0.127657	6.20189e-12
0.12768	6.30354e-12
0.127702	6.28562e-12
0.127725	6.3021e-12
0.127748	6.25783e-12
0.12777	6.26132e-12
0.127793	6.23303e-12
0.127815	6.24047e-12
0.127838	6.19401e-12
0.127861	6.20004e-12
0.127883	6.15543e-12
0.127906	6.16005e-12
0.127928	6.1165e-12
0.127951	6.12175e-12
0.127974	6.07159e-12
0.127996	6.07609e-12
0.128019	6.02835e-12
0.128041	6.02799e-12
0.128064	5.99604e-12
0.128087	5.97602e-12
0.128109	5.94036e-12
0.128132	5.92742e-12
0.128154	5.88919e-12
0.128177	5.88954e-12
0.128199	5.85428e-12
0.128222	5.83368e-12
0.128245	5.7972e-12
0.128267	5.77657e-12
0.12829	5.74e-12
0.128312	5.71914e-12
0.128335	5.68248e-12
0.128358	5.65954e-12
0.12838	5.61864e-12
0.128403	5.59389e-12
0.128425	5.55577e-12
0.128448	5.52839e-12
0.12847	5.48912e-12
0.128493	5.46177e-12
0.128516	5.41474e-12
0.128538	5.38882e-12
0.128561	5.34623e-12
0.128583	5.32231e-12
0.128606	5.2747e-12
0.128628	5.23976e-12
0.128651	5.19643e-12
0.128673	5.16984e-12
0.128696	5.12455e-12
0.128719	5.09287e-12
0.128741	5.04112e-12
0.128764	5.01027e-12
0.128786	4.9594e-12
0.128809	4.92941e-12
0.128831	4.87841e-12
0.128854	4.84018e-12
0.128876	4.79283e-12
0.128899	4.75337e-12
0.128921	4.71094e-12
0.128944	4.66789e-12
0.128967	4.61811e-12
0.128989	4.57518e-12
0.129012	4.52286e-12
0.129034	4.48695e-12
0.129057	4.42888e-12
0.129079	4.39259e-12
0.129102	4.33825e-12
0.129124	4.29856e-12
0.129147	4.24315e-12
0.129169	4.20409e-12
0.129192	4.15114e-12
0.129214	4.10886e-12
0.129237	4.4401e-12
0.129259	4.402e-12
0.129282	4.35694e-12
0.129305	4.31188e-12
0.129327	4.25932e-12
0.12935	4.21948e-12
0.129372	4.16384e-12
0.129395	4.12563e-12
0.129417	8.13425e-12
0.12944	8.05555e-12
0.129462	7.96342e-12
0.129485	7.89238e-12
0.129507	7.79805e-12
0.12953	7.72851e-12
0.129552	7.62847e-12
0.129575	7.54594e-12
0.129597	7.44462e-12
0.12962	7.36e-12
0.129642	7.26972e-12
0.129665	7.17086e-12
0.129687	7.11613e-12
0.12971	6.99109e-12
0.129732	6.93218e-12
0.129755	6.81153e-12
0.129777	6.7118e-12
0.1298	6.6185e-12
0.129822	6.52219e-12
0.129845	6.42186e-12
0.129867	6.32459e-12
0.12989	6.22799e-12
0.129912	6.13155e-12
0.129935	6.03932e-12
0.129957	5.97758e-12
0.12998	5.87876e-12
0.130002	5.783e-12
0.130025	5.66892e-12
0.130047	5.57392e-12
0.13007	5.46779e-12
0.130092	5.38372e-12
0.130114	5.26479e-12
0.130137	5.1686e-12
0.130159	5.05879e-12
0.130182	4.96854e-12
0.130204	4.84116e-12
0.130227	4.76562e-12
0.130249	4.64517e-12
0.130272	4.55343e-12
0.130294	5.25746e-12
0.130317	5.19427e-12
0.130339	5.07141e-12
0.130362	5.00713e-12
0.130384	4.89596e-12
0.130407	4.81446e-12
0.130429	4.69533e-12
0.130452	4.61353e-12
0.130474	4.50634e-12
0.130496	4.41132e-12
0.130519	4.30212e-12
0.130541	4.21934e-12
0.130564	4.14392e-12
0.130586	4.08129e-12
0.130609	4.03935e-12
0.130631	3.98813e-12
0.130654	4.04028e-12
0.130676	8.35431e-12
0.130699	8.28647e-12
0.130721	8.13831e-12
0.130743	8.04217e-12
0.130766	7.91189e-12
0.130788	7.82781e-12
0.130811	7.70467e-12
0.130833	7.66688e-12
0.130856	7.56655e-12
0.130878	7.48071e-12
0.130901	7.37031e-12
0.130923	7.2934e-12
0.130945	7.20919e-12
0.130968	7.12448e-12
0.13099	7.04294e-12
0.131013	7.00218e-12
0.131035	6.93603e-12
0.131058	6.87425e-12
0.13108	6.82217e-12
0.131103	6.78673e-12
0.131125	6.75139e-12
0.131147	6.71888e-12
0.13117	6.68675e-12
0.131192	6.65619e-12
0.131215	6.63301e-12
0.131237	6.61453e-12
0.13126	6.59912e-12
0.131282	6.59179e-12
0.131304	6.57872e-12
0.131327	6.57469e-12
0.131349	6.55898e-12
0.131372	6.78344e-12
0.131394	6.73653e-12
0.131417	6.71805e-12
0.131439	6.71108e-12
0.131461	6.71361e-12
0.131484	6.70353e-12
0.131506	6.70947e-12
0.131529	6.70653e-12
0.131551	6.69924e-12
0.131573	6.70457e-12
0.131596	6.71263e-12
0.131618	6.70351e-12
0.131641	6.71477e-12
0.131663	6.71523e-12
0.131686	6.72904e-12
0.131708	6.72467e-12
0.13173	6.74764e-12
0.131753	6.75461e-12
0.131775	6.76809e-12
0.131798	6.78076e-12
0.13182	6.80102e-12
0.131842	6.8093e-12
0.131865	6.83231e-12
0.131887	6.84097e-12
0.13191	6.88008e-12
0.131932	6.88073e-12
0.131954	6.92523e-12
0.131977	6.93551e-12
0.131999	6.98932e-12
0.132022	6.99501e-12
0.132044	7.03508e-12
0.132067	6.9836e-12
0.132089	7.11518e-12
0.132111	7.057e-12
0.132134	7.10254e-12
0.132156	7.12658e-12
0.132179	7.19085e-12
0.132201	7.22098e-12
0.132223	7.27406e-12
0.132246	7.31121e-12
0.132268	7.36895e-12
0.132291	7.39342e-12
0.132313	7.46044e-12
0.132335	7.49267e-12
0.132358	7.54937e-12
0.13238	7.58205e-12
0.132402	7.63935e-12
0.132425	7.67102e-12
0.132447	7.73372e-12
0.13247	7.77243e-12
0.132492	7.81623e-12
0.132514	7.84465e-12
0.132537	7.9035e-12
0.132559	7.92186e-12
0.132582	7.98858e-12
0.132604	8.00952e-12
0.132626	8.06571e-12
0.132649	8.09912e-12
0.132671	8.15612e-12
0.132694	8.15628e-12
0.132716	8.23066e-12
0.132738	8.25162e-12
0.132761	8.31562e-12
0.132783	8.33627e-12
0.132805	8.40279e-12
0.132828	8.41098e-12
0.13285	8.48019e-12
0.132873	8.5006e-12
0.132895	8.55619e-12
0.132917	8.57421e-12
0.13294	8.62922e-12
0.132962	8.65018e-12
0.132985	8.71768e-12
0.133007	8.74396e-12
0.133029	8.78116e-12
0.133052	8.81963e-12
0.133074	8.87206e-12
0.133096	8.90088e-12
0.133119	8.95683e-12
0.133141	8.99947e-12
0.133164	9.03418e-12
0.133186	9.08844e-12
0.133208	9.12795e-12
0.133231	4.62839e-12
0.133253	4.64881e-12
0.133275	4.65553e-12
0.133298	4.66234e-12
0.13332	4.67561e-12
0.133343	4.68622e-12
0.133365	4.68123e-12
0.133387	4.70089e-12
0.13341	4.69044e-12
0.133432	4.71592e-12
0.133454	4.71433e-12
0.133477	4.71478e-12
0.133499	4.71092e-12
0.133521	4.72498e-12
0.133544	4.71524e-12
0.133566	4.73168e-12
0.133589	4.72556e-12
0.133611	4.73673e-12
0.133633	4.72252e-12
0.133656	4.52684e-12
0.133678	4.71066e-12
0.1337	4.52058e-12
0.133723	4.50724e-12
0.133745	4.73145e-12
0.133767	4.50236e-12
0.13379	4.52142e-12
0.133812	4.50953e-12
0.133835	4.51981e-12
0.133857	4.51093e-12
0.133879	4.70276e-12
0.133902	4.51415e-12
0.133924	4.52915e-12
0.133946	4.51985e-12
0.133969	4.53667e-12
0.133991	4.53557e-12
0.134013	4.5528e-12
0.134036	4.55296e-12
0.134058	4.57388e-12
0.134081	4.57939e-12
0.134103	4.59847e-12
0.134125	4.6101e-12
0.134148	4.62864e-12
0.13417	4.63945e-12
0.134192	4.66079e-12
0.134215	4.67902e-12
0.134237	4.69981e-12
0.134259	4.72191e-12
0.134282	4.74154e-12
0.134304	4.76287e-12
0.134326	4.78136e-12
0.134349	4.81123e-12
0.134371	4.82702e-12
0.134393	4.85364e-12
0.134416	4.86628e-12
0.134438	4.89127e-12
0.134461	4.91045e-12
0.134483	4.92765e-12
0.134505	4.94985e-12
0.134528	4.96791e-12
0.13455	4.97783e-12
0.134572	4.99738e-12
0.134595	5.01994e-12
0.134617	5.0277e-12
0.134639	5.04688e-12
0.134662	5.069e-12
0.134684	5.09312e-12
0.134706	5.10873e-12
0.134729	5.12811e-12
0.134751	5.14331e-12
0.134773	5.0705e-12
0.134796	5.1725e-12
0.134818	5.10072e-12
0.134841	5.21198e-12
0.134863	5.13776e-12
0.134885	5.1488e-12
0.134908	5.26105e-12
0.13493	5.17903e-12
0.134952	5.29731e-12
0.134975	5.20824e-12
0.134997	5.3453e-12
0.135019	5.24626e-12
0.135042	5.39186e-12
0.135064	5.28071e-12
0.135086	5.46276e-12
0.135109	5.31406e-12
0.135131	5.51708e-12
0.135153	5.38088e-12
0.135176	5.58903e-12
0.135198	5.44241e-12
0.13522	5.64941e-12
0.135243	5.5206e-12
0.135265	5.70387e-12
0.135288	5.59331e-12
0.13531	5.75825e-12
0.135332	5.65518e-12
0.135355	5.81175e-12
0.135377	5.72825e-12
0.135399	5.86742e-12
0.135422	5.78906e-12
0.135444	5.92813e-12
0.135466	5.83844e-12
0.135489	5.97811e-12
0.135511	5.91209e-12
0.135533	6.02653e-12
0.135556	5.96541e-12
0.135578	6.07055e-12
0.1356	6.021e-12
0.135623	6.11398e-12
0.135645	6.07008e-12
0.135667	6.1673e-12
0.13569	6.12096e-12
0.135712	6.20542e-12
0.135735	6.16899e-12
0.135757	6.24775e-12
0.135779	6.21827e-12
0.135802	6.28659e-12
0.135824	6.26446e-12
0.135846	6.32835e-12
0.135869	6.30716e-12
0.135891	6.36417e-12
0.135913	6.34081e-12
0.135936	6.39849e-12
0.135958	6.38517e-12
0.13598	6.44942e-12
0.136003	6.43154e-12
0.136025	6.47684e-12
0.136048	6.45976e-12
0.13607	6.51534e-12
0.136092	6.49732e-12
0.136115	6.54788e-12
0.136137	6.53217e-12
0.136159	6.57662e-12
0.136182	6.56004e-12
0.136204	6.60747e-12
0.136226	6.59825e-12
0.136249	6.64093e-12
0.136271	6.62651e-12
0.136293	6.6633e-12
0.136316	6.67063e-12
0.136338	6.69875e-12
0.136361	6.69185e-12
0.136383	6.75049e-12
0.136405	6.72226e-12
0.136428	6.77787e-12
0.13645	6.79868e-12
0.136472	6.80848e-12
0.136495	6.8226e-12
0.136517	6.84394e-12
0.136539	6.86013e-12
0.136562	6.87521e-12
0.136584	6.88123e-12
0.136607	6.90237e-12
0.136629	6.91133e-12
0.136651	6.9488e-12
0.136674	6.93943e-12
0.136696	6.9745e-12
0.136718	6.95416e-12
0.136741	7.01853e-12
0.136763	6.96406e-12
0.136785	6.95478e-12
0.136808	6.97002e-12
0.13683	6.99065e-12
0.136853	6.86582e-12
0.136875	7.05998e-12
0.136897	6.85788e-12
0.13692	7.0996e-12
0.136942	6.87251e-12
0.136964	7.13288e-12
0.136987	6.90761e-12
0.137009	7.15806e-12
0.137032	6.93235e-12
0.137054	7.17842e-12
0.137076	6.96744e-12
0.137099	7.22117e-12
0.137121	6.98427e-12
0.137143	7.22717e-12
0.137166	7.01266e-12
0.137188	7.23921e-12
0.137211	7.0332e-12
0.137233	7.24897e-12
0.137255	7.05719e-12
0.137278	7.25298e-12
0.1373	7.06838e-12
0.137322	7.26039e-12
0.137345	7.08543e-12
0.137367	7.27064e-12
0.13739	7.09708e-12
0.137412	7.28565e-12
0.137434	7.13726e-12
0.137457	7.3014e-12
0.137479	7.17569e-12
0.137502	7.33341e-12
0.137524	7.22441e-12
0.137546	7.37582e-12
0.137569	7.36028e-12
0.137591	7.45616e-12
0.137613	7.44961e-12
0.137636	7.57757e-12
0.137658	7.56451e-12
0.137681	7.66562e-12
0.137703	7.65727e-12
0.137725	7.77091e-12
0.137748	7.78351e-12
0.13777	7.89872e-12
0.137793	7.92432e-12
0.137815	8.05067e-12
0.137837	8.07904e-12
0.13786	8.20328e-12
0.137882	8.25026e-12
0.137905	8.34776e-12
0.137927	8.44697e-12
0.137949	8.55483e-12
0.137972	8.5885e-12
0.137994	8.72653e-12
0.138017	8.76277e-12
0.138039	8.90567e-12
0.138061	8.91949e-12
0.138084	9.07642e-12
0.138106	9.08989e-12
0.138129	9.25111e-12
0.138151	9.25367e-12
0.138173	9.44392e-12
0.138196	9.46715e-12
0.138218	9.62124e-12
0.138241	9.65277e-12
0.138263	9.81553e-12
0.138286	9.84113e-12
0.138308	9.98854e-12
0.13833	1.00811e-11
0.138353	1.02457e-11
0.138375	1.02545e-11
0.138398	4.09418e-12
0.13842	4.13252e-12
0.138442	4.18203e-12
0.138465	4.22013e-12
0.138487	4.2816e-12
0.13851	4.34444e-12
0.138532	4.38802e-12
0.138555	4.45716e-12
0.138577	4.55774e-12
0.138599	4.63042e-12
0.138622	4.67544e-12
0.138644	4.75405e-12
0.138667	4.81864e-12
0.138689	4.88929e-12
0.138712	4.94929e-12
0.138734	5.02857e-12
0.138756	5.08488e-12
0.138779	5.15856e-12
0.138801	5.23035e-12
0.138824	5.28972e-12
0.138846	5.37054e-12
0.138869	5.43691e-12
0.138891	5.51164e-12
0.138913	5.5847e-12
0.138936	5.65336e-12
0.138958	5.72205e-12
0.138981	5.79948e-12
0.139003	5.86994e-12
0.139026	5.93959e-12
0.139048	6.02094e-12
0.139071	6.09515e-12
0.139093	6.16704e-12
0.139115	6.22915e-12
0.139138	6.28657e-12
0.13916	6.35847e-12
0.139183	6.40315e-12
0.139205	6.47946e-12
0.139228	6.51208e-12
0.13925	6.59636e-12
0.139273	6.61142e-12
0.139295	6.68363e-12
0.139318	6.7009e-12
0.13934	6.76768e-12
0.139362	6.77347e-12
0.139385	6.83298e-12
0.139407	6.83285e-12
0.13943	6.88988e-12
0.139452	6.88569e-12
0.139475	6.93728e-12
0.139497	6.92398e-12
0.13952	6.96605e-12
0.139542	6.95565e-12
0.139565	6.99168e-12
0.139587	6.97912e-12
0.13961	7.00845e-12
0.139632	6.98871e-12
0.139655	7.02022e-12
0.139677	6.99774e-12
0.139699	7.02587e-12
0.139722	6.99681e-12
0.139744	7.02819e-12
0.139767	6.99342e-12
0.139789	7.02186e-12
0.139812	6.99044e-12
0.139834	7.01583e-12
0.139857	6.98416e-12
0.139879	7.01063e-12
0.139902	6.97346e-12
0.139924	7.00135e-12
0.139947	6.96039e-12
0.139969	6.99142e-12
0.139992	6.94303e-12
0.140014	6.97708e-12
0.140037	6.92976e-12
0.140059	6.96068e-12
0.140082	6.91886e-12
0.140104	6.94574e-12
0.140127	6.8972e-12
0.140149	6.93317e-12
0.140172	6.87944e-12
0.140194	6.90883e-12
0.140217	6.86237e-12
0.140239	6.89052e-12
0.140262	6.83922e-12
0.140284	6.8673e-12
0.140307	6.81221e-12
0.140329	6.84064e-12
0.140352	6.78188e-12
0.140374	6.80861e-12
0.140397	6.75562e-12
0.140419	6.76678e-12
0.140442	6.72475e-12
0.140464	6.73405e-12
0.140487	6.6886e-12
0.140509	6.70117e-12
0.140532	6.65736e-12
0.140554	6.66473e-12
0.140577	6.61589e-12
0.140599	6.62578e-12
0.140621	6.58435e-12
0.140644	6.58783e-12
0.140666	6.54766e-12
0.140689	6.55246e-12
0.140711	6.50611e-12
0.140734	6.50838e-12
0.140756	6.46413e-12
0.140779	6.46738e-12
0.140801	6.4238e-12
0.140824	6.43103e-12
0.140846	6.3866e-12
0.140869	6.39212e-12
0.140891	6.34498e-12
0.140914	6.34196e-12
0.140936	6.30065e-12
0.140958	6.30033e-12
0.140981	6.26124e-12
0.141003	6.25665e-12
0.141026	6.20775e-12
0.141048	6.21848e-12
0.141071	6.17222e-12
0.141093	6.16937e-12
0.141116	6.12006e-12
0.141138	6.12474e-12
0.14116	6.0806e-12
0.141183	6.08189e-12
0.141205	6.0391e-12
0.141228	6.03326e-12
0.14125	5.99701e-12
0.141273	5.98342e-12
0.141295	5.96224e-12
0.141317	5.93212e-12
0.14134	5.92036e-12
0.141362	5.88388e-12
0.141385	5.87121e-12
0.141407	5.83896e-12
0.14143	5.83368e-12
0.141452	5.79649e-12
0.141474	5.79342e-12
0.141497	5.7604e-12
0.141519	5.74785e-12
0.141542	5.71779e-12
0.141564	5.70963e-12
0.141586	5.67695e-12
0.141609	5.66899e-12
0.141631	5.6319e-12
0.141654	5.62662e-12
0.141676	5.58642e-12
0.141698	5.58212e-12
0.141721	5.55072e-12
0.141743	5.54292e-12
0.141766	5.50866e-12
0.141788	5.50311e-12
0.14181	5.46025e-12
0.141833	5.46715e-12
0.141855	5.41718e-12
0.141878	5.42578e-12
0.1419	5.37651e-12
0.141922	5.38733e-12
0.141945	5.33656e-12
0.141967	5.34205e-12
0.141989	5.29423e-12
0.142012	5.30467e-12
0.142034	5.25839e-12
0.142057	5.26207e-12
0.142079	1.00732e-11
0.142101	1.00591e-11
0.142124	9.98784e-12
0.142146	9.97583e-12
0.142168	9.90789e-12
0.142191	9.88499e-12
0.142213	9.82296e-12
0.142236	9.80203e-12
0.142258	9.74827e-12
0.14228	9.71762e-12
0.142303	9.65872e-12
0.142325	9.62779e-12
0.142347	9.57293e-12
0.14237	9.5352e-12
0.142392	9.48102e-12
0.142414	9.44593e-12
0.142437	9.39404e-12
0.142459	9.34691e-12
0.142481	9.43607e-12
0.142504	9.39381e-12
0.142526	9.33848e-12
0.142548	9.29893e-12
0.142571	9.24537e-12
0.142593	9.18828e-12
0.142615	9.15756e-12
0.142638	9.09887e-12
0.14266	9.05543e-12
0.142682	8.99867e-12
0.142705	8.95624e-12
0.142727	8.89901e-12
0.142749	8.85105e-12
0.142772	8.8038e-12
0.142794	8.74926e-12
0.142816	8.69647e-12
0.142839	8.64568e-12
0.142861	8.5869e-12
0.142883	8.54175e-12
0.142906	8.49365e-12
0.142928	8.41698e-12
0.14295	8.33705e-12
0.142973	8.31248e-12
0.142995	8.2503e-12
0.143017	8.2021e-12
0.14304	8.14127e-12
0.143062	8.08352e-12
0.143084	8.02576e-12
0.143106	7.96418e-12
0.143129	7.91259e-12
0.143151	7.84282e-12
0.143173	7.79539e-12
0.143196	7.71595e-12
0.143218	7.67569e-12
0.14324	7.59394e-12
0.143263	7.54319e-12
0.143285	7.46364e-12
0.143307	7.43043e-12
0.143329	7.33662e-12
0.143352	7.28685e-12
0.143374	7.19532e-12
0.143396	7.15869e-12
0.143419	7.06495e-12
0.143441	7.0308e-12
0.143463	6.92935e-12
0.143485	6.88353e-12
0.143508	6.79548e-12
0.14353	6.71639e-12
0.143552	6.61103e-12
0.143575	6.57166e-12
0.143597	6.45462e-12
0.143619	6.39908e-12
0.143641	6.30614e-12
0.143664	6.22603e-12
0.143686	6.13625e-12
0.143708	6.05093e-12
0.14373	5.94814e-12
0.143753	5.86279e-12
0.143775	5.76232e-12
0.143797	5.66739e-12
0.14382	5.56786e-12
0.143842	5.47776e-12
0.143864	5.37529e-12
0.143886	5.27806e-12
0.143909	5.18512e-12
0.143931	5.07531e-12
0.143953	4.98777e-12
0.143975	4.88369e-12
0.143998	4.78821e-12
0.14402	4.6966e-12
0.144042	9.63983e-12
0.144064	9.48934e-12
0.144087	9.30528e-12
0.144109	9.10361e-12
0.144131	8.98112e-12
0.144153	8.84579e-12
0.144176	8.64179e-12
0.144198	8.41702e-12
0.14422	8.25681e-12
0.144242	8.18669e-12
0.144265	7.96998e-12
0.144287	7.8638e-12
0.144309	7.69054e-12
0.144331	7.58915e-12
0.144354	7.42296e-12
0.144376	7.31461e-12
0.144398	7.17242e-12
0.14442	7.07659e-12
0.144443	6.94032e-12
0.144465	6.83717e-12
0.144487	6.74945e-12
0.144509	6.63046e-12
0.144531	6.57909e-12
0.144554	6.45434e-12
0.144576	6.43005e-12
0.144598	6.32755e-12
0.14462	6.31802e-12
0.144643	6.20669e-12
0.144665	6.24033e-12
0.144687	6.11207e-12
0.144709	6.1717e-12
0.144731	6.04496e-12
0.144754	6.12459e-12
0.144776	6.00046e-12
0.144798	6.08506e-12
0.14482	5.95617e-12
0.144843	6.0496e-12
0.144865	5.92692e-12
0.144887	6.0199e-12
0.144909	5.8915e-12
0.144931	5.99735e-12
0.144954	5.85127e-12
0.144976	5.96185e-12
0.144998	5.81189e-12
0.14502	5.92619e-12
0.145042	5.76614e-12
0.145065	5.9021e-12
0.145087	5.71695e-12
0.145109	5.84664e-12
0.145131	5.67193e-12
0.145154	5.80199e-12
0.145176	5.62098e-12
0.145198	5.76344e-12
0.14522	5.56513e-12
0.145242	5.701e-12
0.145265	5.50955e-12
0.145287	5.64463e-12
0.145309	5.46407e-12
0.145331	5.60081e-12
0.145353	5.37925e-12
0.145376	5.56941e-12
0.145398	5.34137e-12
0.14542	5.56424e-12
0.145442	5.27823e-12
0.145464	5.56567e-12
0.145487	5.29327e-12
0.145509	5.58769e-12
0.145531	5.33969e-12
0.145553	5.55645e-12
0.145575	5.34161e-12
0.145597	5.61165e-12
0.14562	5.42322e-12
0.145642	5.64518e-12
0.145664	5.46125e-12
0.145686	5.70911e-12
0.145708	5.50926e-12
0.145731	5.77266e-12
0.145753	5.60007e-12
0.145775	5.86345e-12
0.145797	5.70218e-12
0.145819	5.97171e-12
0.145842	5.82192e-12
0.145864	6.08174e-12
0.145886	5.95953e-12
0.145908	6.20659e-12
0.14593	6.08718e-12
0.145952	6.33212e-12
0.145975	6.24747e-12
0.145997	6.47378e-12
0.146019	6.3893e-12
0.146041	6.59562e-12
0.146063	6.54633e-12
0.146086	6.7549e-12
0.146108	6.70647e-12
0.14613	6.88537e-12
0.146152	6.8561e-12
0.146174	7.0198e-12
0.146196	7.02505e-12
0.146219	7.16134e-12
0.146241	7.17644e-12
0.146263	7.31916e-12
0.146285	7.3241e-12
0.146307	7.42432e-12
0.146329	7.47915e-12
0.146352	7.54933e-12
0.146374	7.61495e-12
0.146396	7.67621e-12
0.146418	7.72e-12
0.14644	7.79634e-12
0.146462	7.84532e-12
0.146485	7.91601e-12
0.146507	7.96942e-12
0.146529	8.03022e-12
0.146551	8.0721e-12
0.146573	8.13669e-12
0.146596	8.18827e-12
0.146618	8.23516e-12
0.14664	8.29405e-12
0.146662	8.34404e-12
0.146684	8.39577e-12
0.146706	8.44584e-12
0.146729	8.48563e-12
0.146751	8.53207e-12
0.146773	8.58271e-12
0.146795	8.63197e-12
0.146817	8.68995e-12
0.146839	8.66085e-12
0.146862	8.69767e-12
0.146884	8.75657e-12
0.146906	8.79583e-12
0.146928	8.85001e-12
0.14695	8.88168e-12
0.146972	8.93455e-12
0.146995	8.96903e-12
0.147017	9.03918e-12
0.147039	5.74527e-12
0.147061	5.76887e-12
0.147083	5.81182e-12
0.147105	5.80619e-12
0.147128	5.83674e-12
0.14715	5.8258e-12
0.147172	5.86321e-12
0.147194	5.84532e-12
0.147216	5.87888e-12
0.147238	5.87788e-12
0.147261	5.9071e-12
0.147283	5.88746e-12
0.147305	5.92018e-12
0.147327	5.90489e-12
0.147349	5.93503e-12
0.147371	5.87858e-12
0.147393	5.98864e-12
0.147416	5.93447e-12
0.147438	5.96233e-12
0.14746	5.94689e-12
0.147482	5.96988e-12
0.147504	5.96478e-12
0.147526	5.96482e-12
0.147549	5.95637e-12
0.147571	5.9612e-12
0.147593	5.95449e-12
0.147615	5.96958e-12
0.147637	5.965e-12
0.147659	5.97591e-12
0.147682	5.96771e-12
0.147704	5.98027e-12
0.147726	5.96925e-12
0.147748	5.97104e-12
0.14777	5.96673e-12
0.147792	5.97179e-12
0.147815	5.97722e-12
0.147837	5.97349e-12
0.147859	5.97687e-12
0.147881	5.97986e-12
0.147903	5.98323e-12
0.147925	5.9808e-12
0.147948	5.98872e-12
0.14797	5.9682e-12
0.147992	5.9901e-12
0.148014	5.9886e-12
0.148036	5.98651e-12
0.148058	5.91532e-12
0.148081	5.92298e-12
0.148103	5.91758e-12
0.148125	5.92396e-12
0.148147	5.92697e-12
0.148169	5.92663e-12
0.148191	5.92739e-12
0.148214	5.92808e-12
0.148236	5.92828e-12
0.148258	5.93216e-12
0.14828	6.02406e-12
0.148302	6.02781e-12
0.148324	6.02273e-12
0.148347	6.02013e-12
0.148369	6.01665e-12
0.148391	6.01775e-12
0.148413	6.00924e-12
0.148435	6.01481e-12
0.148458	6.00716e-12
0.14848	6.01055e-12
0.148502	6.00177e-12
0.148524	6.00583e-12
0.148546	5.99617e-12
0.148568	5.99847e-12
0.148591	5.99383e-12
0.148613	5.9907e-12
0.148635	5.98023e-12
0.148657	5.98242e-12
0.148679	5.96943e-12
0.148701	5.97132e-12
0.148724	5.95934e-12
0.148746	5.9634e-12
0.148768	5.95452e-12
0.14879	5.95111e-12
0.148812	5.93722e-12
0.148835	5.93092e-12
0.148857	5.92005e-12
0.148879	5.91392e-12
0.148901	5.90377e-12
0.148923	5.88779e-12
0.148945	5.87346e-12
0.148968	5.87136e-12
0.14899	5.85382e-12
0.149012	5.84948e-12
0.149034	5.83639e-12
0.149056	5.82675e-12
0.149079	5.8126e-12
0.149101	5.80739e-12
0.149123	5.79296e-12
0.149145	5.78859e-12
0.149167	5.77464e-12
0.149189	5.7707e-12
0.149212	5.75594e-12
0.149234	5.76749e-12
0.149256	5.75487e-12
0.149278	5.76191e-12
0.1493	5.76116e-12
0.149323	5.77045e-12
0.149345	5.77913e-12
0.149367	5.80357e-12
0.149389	5.81804e-12
0.149411	5.83525e-12
0.149434	5.84695e-12
0.149456	5.87776e-12
0.149478	5.89066e-12
0.1495	5.91841e-12
0.149522	5.92777e-12
0.149545	5.9574e-12
0.149567	5.97298e-12
0.149589	6.0009e-12
0.149611	6.01429e-12
0.149633	6.03427e-12
0.149656	6.04332e-12
0.149678	6.08924e-12
0.1497	6.10226e-12
0.149722	6.12533e-12
0.149744	6.13646e-12
0.149767	6.16573e-12
0.149789	6.18043e-12
0.149811	6.20177e-12
0.149833	6.2154e-12
0.149856	6.24633e-12
0.149878	6.25893e-12
0.1499	6.28034e-12
0.149922	6.29651e-12
0.149944	6.32184e-12
0.149967	6.33759e-12
0.149989	6.35541e-12
0.150011	6.38043e-12
