	1.00005
0.100017	1.00005
0.10004	1.00005
0.100063	1.00005
0.100086	1.00005
0.100109	1.00005
0.100132	1.00005
0.100154	1.00005
0.100177	1.00005
0.1002	1.00005
0.100223	1.00005
0.100246	1.00005
0.100269	1.00005
0.100292	1.00005
0.100314	1.00005
0.100337	1.00005
0.10036	1.00005
0.100383	1.00005
0.100406	1.00005
0.100429	1.00005
0.100451	1.00005
0.100474	1.00005
0.100497	1.00005
0.10052	1.00005
0.100543	1.00005
0.100566	1.00005
0.100588	1.00005
0.100611	1.00005
0.100634	1.00005
0.100657	1.00005
0.10068	1.00005
0.100703	1.00005
0.100725	1.00005
0.100748	1.00005
0.100771	1.00005
0.100794	1.00005
0.100817	1.00005
0.10084	1.00005
0.100862	1.00005
0.100885	1.00005
0.100908	1.00005
0.100931	1.00005
0.100954	1.00005
0.100976	1.00005
0.100999	1.00005
0.101022	1.00005
0.101045	1.00005
0.101068	1.00005
0.10109	1.00005
0.101113	1.00005
0.101136	1.00005
0.101159	1.00005
0.101182	1.00005
0.101205	1.00005
0.101227	1.00005
0.10125	1.00005
0.101273	1.00005
0.101296	1.00005
0.101319	1.00005
0.101341	1.00005
0.101364	1.00005
0.101387	1.00005
0.10141	1.00005
0.101432	1.00005
0.101455	1.00005
0.101478	1.00005
0.101501	1.00005
0.101524	1.00005
0.101546	1.00005
0.101569	1.00005
0.101592	1.00005
0.101615	1.00005
0.101638	1.00005
0.10166	1.00005
0.101683	1.00005
0.101706	1.00005
0.101729	1.00005
0.101751	1.00005
0.101774	1.00005
0.101797	1.00005
0.10182	1.00005
0.101843	1.00005
0.101865	1.00005
0.101888	1.00005
0.101911	1.00005
0.101934	1.00005
0.101956	1.00005
0.101979	1.00005
0.102002	1.00004
0.102025	1.00004
0.102047	1.00004
0.10207	1.00004
0.102093	1.00004
0.102116	1.00004
0.102138	1.00004
0.102161	1.00004
0.102184	1.00004
0.102207	1.00004
0.102229	1.00004
0.102252	1.00004
0.102275	1.00004
0.102298	1.00004
0.102321	1.00004
0.102343	1.00004
0.102366	1.00004
0.102389	1.00004
0.102411	1.00004
0.102434	1.00004
0.102457	1.00004
0.10248	1.00004
0.102502	1.00004
0.102525	1.00004
0.102548	1.00004
0.102571	1.00004
0.102593	1.00004
0.102616	1.00004
0.102639	1.00004
0.102662	1.00004
0.102684	1.00004
0.102707	1.00004
0.10273	1.00004
0.102753	1.00004
0.102775	1.00004
0.102798	1.00004
0.102821	1.00004
0.102844	1.00004
0.102866	1.00004
0.102889	1.00004
0.102912	1.00004
0.102934	1.00004
0.102957	1.00004
0.10298	1.00004
0.103003	1.00004
0.103025	1.00004
0.103048	1.00004
0.103071	1.00004
0.103093	1.00004
0.103116	1.00004
0.103139	1.00004
0.103162	1.00004
0.103184	1.00004
0.103207	1.00004
0.10323	1.00004
0.103252	1.00004
0.103275	1.00004
0.103298	1.00004
0.103321	1.00004
0.103343	1.00004
0.103366	1.00004
0.103389	1.00004
0.103411	1.00004
0.103434	1.00004
0.103457	1.00004
0.10348	1.00004
0.103502	1.00004
0.103525	1.00004
0.103548	1.00004
0.10357	1.00004
0.103593	1.00004
0.103616	1.00004
0.103638	1.00004
0.103661	1.00004
0.103684	1.00004
0.103707	1.00004
0.103729	1.00004
0.103752	1.00004
0.103775	1.00004
0.103797	1.00004
0.10382	1.00004
0.103843	1.00004
0.103865	1.00004
0.103888	1.00004
0.103911	1.00003
0.103933	1.00003
0.103956	1.00003
0.103979	1.00003
0.104001	1.00003
0.104024	1.00003
0.104047	1.00003
0.10407	1.00003
0.104092	1.00003
0.104115	1.00003
0.104138	1.00003
0.10416	1.00003
0.104183	1.00003
0.104206	1.00003
0.104228	1.00003
0.104251	1.00003
0.104274	1.00003
0.104296	1.00003
0.104319	1.00003
0.104342	1.00003
0.104364	1.00003
0.104387	1.00003
0.10441	1.00003
0.104432	1.00003
0.104455	1.00003
0.104478	1.00003
0.1045	1.00003
0.104523	1.00003
0.104546	1.00003
0.104568	1.00003
0.104591	1.00003
0.104614	1.00003
0.104636	1.00003
0.104659	1.00003
0.104682	1.00003
0.104704	1.00003
0.104727	1.00003
0.10475	1.00003
0.104772	1.00003
0.104795	1.00003
0.104818	1.00003
0.10484	1.00003
0.104863	1.00003
0.104886	1.00003
0.104908	1.00003
0.104931	1.00003
0.104954	1.00003
0.104976	1.00003
0.104999	1.00003
0.105022	1.00003
0.105044	1.00003
0.105067	1.00003
0.105089	1.00003
0.105112	1.00003
0.105135	1.00003
0.105157	1.00003
0.10518	1.00003
0.105203	1.00003
0.105225	1.00003
0.105248	1.00002
0.105271	1.00002
0.105293	1.00002
0.105316	1.00002
0.105339	1.00002
0.105361	1.00002
0.105384	1.00002
0.105407	1.00002
0.105429	1.00002
0.105452	1.00002
0.105474	1.00002
0.105497	1.00002
0.10552	1.00002
0.105542	1.00002
0.105565	1.00002
0.105588	1.00002
0.10561	1.00002
0.105633	1.00002
0.105656	1.00002
0.105678	1.00002
0.105701	1.00002
0.105724	1.00002
0.105746	1.00002
0.105769	1.00002
0.105791	1.00002
0.105814	1.00002
0.105837	1.00002
0.105859	1.00002
0.105882	1.00002
0.105905	1.00002
0.105927	1.00002
0.10595	1.00002
0.105972	1.00002
0.105995	1.00002
0.106018	1.00002
0.10604	1.00002
0.106063	1.00002
0.106086	1.00002
0.106108	1.00002
0.106131	1.00002
0.106154	1.00002
0.106176	1.00002
0.106199	1.00002
0.106221	1.00002
0.106244	1.00002
0.106267	1.00002
0.106289	1.00002
0.106312	1.00002
0.106335	1.00002
0.106357	1.00002
0.10638	1.00002
0.106402	1.00001
0.106425	1.00001
0.106448	1.00001
0.10647	1.00001
0.106493	1.00001
0.106516	1.00001
0.106538	1.00001
0.106561	1.00001
0.106583	1.00001
0.106606	1.00001
0.106629	1.00001
0.106651	1.00001
0.106674	1.00001
0.106696	1.00001
0.106719	1.00001
0.106742	1.00001
0.106764	1.00001
0.106787	1.00001
0.10681	1.00001
0.106832	1.00001
0.106855	1.00001
0.106877	1.00001
0.1069	1.00001
0.106923	1.00001
0.106945	1.00001
0.106968	1.00001
0.106991	1.00001
0.107013	1.00001
0.107036	1.00001
0.107058	1.00001
0.107081	1.00001
0.107104	1.00001
0.107126	1.00001
0.107149	1.00001
0.107171	1.00001
0.107194	1.00001
0.107217	1.00001
0.107239	1.00001
0.107262	1.00001
0.107285	1.00001
0.107307	1.00001
0.10733	1.00001
0.107352	1.00001
0.107375	1.00001
0.107398	1.00001
0.10742	1.00001
0.107443	1.00001
0.107465	1.00001
0.107488	1.00001
0.107511	1
0.107533	1
0.107556	1
0.107579	1
0.107601	1
0.107624	1
0.107646	1
0.107669	1
0.107692	1
0.107714	1
0.107737	1
0.107759	1
0.107782	1
0.107805	1
0.107827	1
0.10785	1
0.107872	1
0.107895	1
0.107918	1
0.10794	1
0.107963	1
0.107986	1
0.108008	1
0.108031	1
0.108053	1
0.108076	0.999999
0.108099	1
0.108121	0.999999
0.108144	0.999999
0.108166	0.999999
0.108189	0.999999
0.108212	0.999998
0.108234	0.999998
0.108257	0.999998
0.108279	0.999998
0.108302	0.999997
0.108325	0.999998
0.108347	0.999997
0.10837	0.999997
0.108393	0.999997
0.108415	0.999997
0.108438	0.999996
0.10846	0.999996
0.108483	0.999996
0.108506	0.999996
0.108528	0.999995
0.108551	0.999996
0.108573	0.999995
0.108596	0.999995
0.108619	0.999994
0.108641	0.999995
0.108664	0.999994
0.108687	0.999994
0.108709	0.999994
0.108732	0.999994
0.108754	0.999993
0.108777	0.999994
0.1088	0.999993
0.108822	0.999993
0.108845	0.999993
0.108867	0.999993
0.10889	0.999992
0.108913	0.999992
0.108935	0.999992
0.108958	0.999992
0.10898	0.999991
0.109003	0.999992
0.109026	0.999991
0.109048	0.999991
0.109071	0.999991
0.109094	0.999991
0.109116	0.99999
0.109139	0.99999
0.109161	0.99999
0.109184	0.99999
0.109207	0.999989
0.109229	0.99999
0.109252	0.999989
0.109275	0.999989
0.109297	0.999989
0.10932	0.999989
0.109342	0.999988
0.109365	0.999988
0.109388	0.999988
0.10941	0.999988
0.109433	0.999987
0.109455	0.999988
0.109478	0.999987
0.109501	0.999987
0.109523	0.999987
0.109546	0.999987
0.109569	0.999986
0.109591	0.999986
0.109614	0.999986
0.109636	0.999986
0.109659	0.999986
0.109682	0.999986
0.109704	0.999985
0.109727	0.999985
0.10975	0.999985
0.109772	0.999985
0.109795	0.999984
0.109817	0.999985
0.10984	0.999984
0.109863	0.999984
0.109885	0.999984
0.109908	0.999984
0.109931	0.999983
0.109953	0.999983
0.109976	0.999983
0.109998	0.999983
0.110021	0.999983
0.110044	0.999983
0.110066	0.999982
0.110089	0.999982
0.110112	0.999982
0.110134	0.999982
0.110157	0.999982
0.11018	0.999982
0.110202	0.999981
0.110225	0.999981
0.110247	0.999981
0.11027	0.999981
0.110293	0.999981
0.110315	0.999981
0.110338	0.99998
0.110361	0.99998
0.110383	0.99998
0.110406	0.99998
0.110428	0.99998
0.110451	0.99998
0.110474	0.999979
0.110496	0.999979
0.110519	0.999979
0.110542	0.999979
0.110564	0.999979
0.110587	0.999979
0.11061	0.999978
0.110632	0.999978
0.110655	0.999978
0.110678	0.999978
0.1107	0.999978
0.110723	0.999978
0.110745	0.999977
0.110768	0.999977
0.110791	0.999977
0.110813	0.999977
0.110836	0.999977
0.110859	0.999977
0.110881	0.999977
0.110904	0.999976
0.110927	0.999976
0.110949	0.999976
0.110972	0.999976
0.110995	0.999976
0.111017	0.999976
0.11104	0.999975
0.111063	0.999975
0.111085	0.999975
0.111108	0.999975
0.11113	0.999975
0.111153	0.999975
0.111176	0.999975
0.111198	0.999974
0.111221	0.999974
0.111244	0.999974
0.111266	0.999974
0.111289	0.999974
0.111312	0.999974
0.111334	0.999974
0.111357	0.999973
0.11138	0.999973
0.111402	0.999973
0.111425	0.999973
0.111448	0.999973
0.11147	0.999973
0.111493	0.999973
0.111516	0.999972
0.111538	0.999972
0.111561	0.999972
0.111584	0.999972
0.111606	0.999972
0.111629	0.999972
0.111652	0.999972
0.111674	0.999971
0.111697	0.999971
0.11172	0.999971
0.111742	0.999971
0.111765	0.999971
0.111788	0.999971
0.11181	0.999971
0.111833	0.999971
0.111856	0.99997
0.111878	0.99997
0.111901	0.99997
0.111924	0.99997
0.111946	0.99997
0.111969	0.99997
0.111992	0.99997
0.112014	0.99997
0.112037	0.99997
0.11206	0.999969
0.112082	0.999969
0.112105	0.999969
0.112128	0.999969
0.11215	0.999969
0.112173	0.999969
0.112196	0.999969
0.112219	0.999969
0.112241	0.999969
0.112264	0.999968
0.112287	0.999968
0.112309	0.999968
0.112332	0.999968
0.112355	0.999968
0.112377	0.999968
0.1124	0.999968
0.112423	0.999968
0.112445	0.999968
0.112468	0.999968
0.112491	0.999967
0.112513	0.999967
0.112536	0.999967
0.112559	0.999967
0.112582	0.999967
0.112604	0.999967
0.112627	0.999967
0.11265	0.999967
0.112672	0.999967
0.112695	0.999967
0.112718	0.999966
0.11274	0.999966
0.112763	0.999966
0.112786	0.999966
0.112809	0.999966
0.112831	0.999966
0.112854	0.999966
0.112877	0.999966
0.112899	0.999966
0.112922	0.999966
0.112945	0.999966
0.112967	0.999966
0.11299	0.999966
0.113013	0.999965
0.113036	0.999965
0.113058	0.999965
0.113081	0.999965
0.113104	0.999965
0.113126	0.999965
0.113149	0.999965
0.113172	0.999965
0.113195	0.999965
0.113217	0.999965
0.11324	0.999965
0.113263	0.999965
0.113285	0.999965
0.113308	0.999965
0.113331	0.999965
0.113354	0.999965
0.113376	0.999965
0.113399	0.999964
0.113422	0.999964
0.113445	0.999964
0.113467	0.999964
0.11349	0.999964
0.113513	0.999964
0.113535	0.999964
0.113558	0.999964
0.113581	0.999964
0.113604	0.999964
0.113626	0.999964
0.113649	0.999964
0.113672	0.999964
0.113695	0.999964
0.113717	0.999964
0.11374	0.999964
0.113763	0.999964
0.113786	0.999964
0.113808	0.999964
0.113831	1.00004
0.113854	1.00005
0.113876	1.00005
0.113899	1.00005
0.113922	1.00005
0.113945	1.00005
0.113967	1.00005
0.11399	1.00005
0.114013	1.00005
0.114036	1.00005
0.114058	1.00005
0.114081	1.00005
0.114104	1.00005
0.114126	1.00005
0.114149	1.00005
0.114172	1.00005
0.114195	1.00005
0.114217	1.00005
0.11424	1.00005
0.114263	1.00005
0.114286	1.00005
0.114308	1.00005
0.114331	1.00005
0.114354	1.00005
0.114376	1.00005
0.114399	1.00005
0.114422	1.00005
0.114444	1.00005
0.114467	1.00005
0.11449	1.00005
0.114513	1.00005
0.114535	1.00005
0.114558	1.00005
0.114581	1.00005
0.114603	1.00005
0.114626	1.00005
0.114649	1.00005
0.114671	1.00005
0.114694	1.00005
0.114717	1.00005
0.11474	1.00005
0.114762	1.00005
0.114785	1.00005
0.114808	1.00005
0.11483	1.00005
0.114853	1.00005
0.114876	1.00005
0.114898	1.00005
0.114921	1.00005
0.114944	1.00005
0.114966	1.00005
0.114989	1.00005
0.115012	1.00005
0.115034	1.00005
0.115057	1.00005
0.11508	1.00005
0.115102	1.00005
0.115125	1.00005
0.115148	1.00005
0.11517	1.00005
0.115193	1.00005
0.115216	1.00005
0.115238	1.00005
0.115261	1.00005
0.115284	1.00005
0.115306	1.00005
0.115329	1.00005
0.115352	1.00005
0.115374	1.00005
0.115397	1.00005
0.11542	1.00005
0.115442	1.00005
0.115465	1.00005
0.115488	1.00005
0.11551	1.00005
0.115533	1.00005
0.115556	1.00005
0.115578	1.00005
0.115601	1.00005
0.115624	1.00005
0.115646	1.00005
0.115669	1.00005
0.115691	1.00005
0.115714	1.00005
0.115737	1.00005
0.115759	1.00005
0.115782	1.00005
0.115805	1.00005
0.115827	1.00005
0.11585	1.00005
0.115873	1.00005
0.115895	1.00005
0.115918	1.00005
0.11594	1.00005
0.115963	1.00005
0.115986	1.00005
0.116008	1.00005
0.116031	1.00005
0.116054	1.00005
0.116076	1.00005
0.116099	1.00005
0.116121	1.00005
0.116144	1.00005
0.116167	1.00005
0.116189	1.00005
0.116212	1.00005
0.116235	1.00005
0.116257	1.00005
0.11628	1.00005
0.116302	1.00005
0.116325	1.00005
0.116348	1.00005
0.11637	1.00005
0.116393	1.00005
0.116415	1.00005
0.116438	1.00005
0.116461	1.00005
0.116483	1.00005
0.116506	1.00005
0.116528	1.00005
0.116551	1.00005
0.116574	1.00005
0.116596	1.00005
0.116619	1.00005
0.116641	1.00005
0.116664	1.00005
0.116687	1.00005
0.116709	1.00005
0.116732	1.00005
0.116754	1.00005
0.116777	1.00005
0.1168	1.00005
0.116822	1.00005
0.116845	1.00005
0.116867	1.00005
0.11689	1.00005
0.116912	1.00005
0.116935	1.00005
0.116958	1.00005
0.11698	1.00005
0.117003	1.00005
0.117025	1.00004
0.117048	1.00004
0.11707	1.00004
0.117093	1.00004
0.117116	1.00004
0.117138	1.00004
0.117161	1.00004
0.117183	1.00004
0.117206	1.00004
0.117228	1.00004
0.117251	1.00004
0.117274	1.00004
0.117296	1.00004
0.117319	1.00004
0.117341	1.00004
0.117364	1.00004
0.117386	1.00004
0.117409	1.00004
0.117432	1.00004
0.117454	1.00004
0.117477	1.00004
0.117499	1.00004
0.117522	1.00004
0.117544	1.00004
0.117567	1.00004
0.117589	1.00004
0.117612	1.00004
0.117635	1.00004
0.117657	1.00004
0.11768	1.00004
0.117702	1.00004
0.117725	1.00004
0.117747	1.00004
0.11777	1.00004
0.117792	1.00004
0.117815	1.00004
0.117837	1.00004
0.11786	1.00004
0.117883	1.00004
0.117905	1.00004
0.117928	1.00004
0.11795	1.00004
0.117973	1.00004
0.117995	1.00004
0.118018	1.00004
0.11804	1.00004
0.118063	1.00004
0.118085	1.00004
0.118108	1.00004
0.11813	1.00004
0.118153	1.00004
0.118175	1.00004
0.118198	1.00004
0.118221	1.00003
0.118243	1.00003
0.118266	1.00003
0.118288	1.00003
0.118311	1.00003
0.118333	1.00003
0.118356	1.00003
0.118378	1.00003
0.118401	1.00003
0.118423	1.00003
0.118446	1.00003
0.118468	1.00003
0.118491	1.00003
0.118513	1.00003
0.118536	1.00003
0.118558	1.00003
0.118581	1.00003
0.118603	1.00003
0.118626	1.00003
0.118648	1.00003
0.118671	1.00003
0.118693	1.00003
0.118716	1.00003
0.118738	1.00003
0.118761	1.00003
0.118783	1.00003
0.118806	1.00003
0.118829	1.00003
0.118851	1.00003
0.118874	1.00003
0.118896	1.00003
0.118919	1.00003
0.118941	1.00003
0.118964	1.00003
0.118986	1.00003
0.119009	1.00003
0.119031	1.00003
0.119054	1.00003
0.119076	1.00003
0.119099	1.00003
0.119121	1.00003
0.119144	1.00003
0.119166	1.00003
0.119189	1.00003
0.119211	1.00003
0.119234	1.00002
0.119256	1.00002
0.119279	1.00002
0.119301	1.00002
0.119324	1.00002
0.119346	1.00002
0.119369	1.00002
0.119391	1.00002
0.119414	1.00002
0.119436	1.00002
0.119459	1.00002
0.119481	1.00002
0.119504	1.00002
0.119526	1.00002
0.119548	1.00002
0.119571	1.00002
0.119593	1.00002
0.119616	1.00002
0.119638	1.00002
0.119661	1.00002
0.119683	1.00002
0.119706	1.00002
0.119728	1.00002
0.119751	1.00002
0.119773	1.00002
0.119796	1.00002
0.119818	1.00002
0.119841	1.00002
0.119863	1.00002
0.119886	1.00002
0.119908	1.00002
0.119931	1.00002
0.119953	1.00002
0.119976	1.00002
0.119998	1.00002
0.120021	1.00002
0.120043	1.00002
0.120066	1.00002
0.120088	1.00002
0.120111	1.00001
0.120133	1.00001
0.120156	1.00001
0.120178	1.00001
0.120201	1.00001
0.120223	1.00001
0.120245	1.00001
0.120268	1.00001
0.12029	1.00001
0.120313	1.00001
0.120335	1.00001
0.120358	1.00001
0.12038	1.00001
0.120403	1.00001
0.120425	1.00001
0.120448	1.00001
0.12047	1.00001
0.120493	1.00001
0.120515	1.00001
0.120538	1.00001
0.12056	1.00001
0.120583	1.00001
0.120605	1.00001
0.120628	1.00001
0.12065	1.00001
0.120673	1.00001
0.120695	1.00001
0.120717	1.00001
0.12074	1.00001
0.120762	1.00001
0.120785	1.00001
0.120807	1.00001
0.12083	1.00001
0.120852	1.00001
0.120875	1.00001
0.120897	1.00001
0.12092	1.00001
0.120942	1.00001
0.120965	1
0.120987	1
0.12101	1
0.121032	1
0.121055	1
0.121077	1
0.1211	1
0.121122	1
0.121144	1
0.121167	1
0.121189	1
0.121212	1
0.121234	1
0.121257	1
0.121279	1
0.121302	1
0.121324	1
0.121347	1
0.121369	1
0.121392	1
0.121414	1
0.121437	0.999999
0.121459	0.999999
0.121482	0.999999
0.121504	0.999998
0.121526	0.999998
0.121549	0.999998
0.121571	0.999998
0.121594	0.999997
0.121616	0.999997
0.121639	0.999997
0.121661	0.999997
0.121684	0.999996
0.121706	0.999996
0.121729	0.999996
0.121751	0.999996
0.121774	0.999995
0.121796	0.999995
0.121819	0.999995
0.121841	0.999994
0.121864	0.999994
0.121886	0.999994
0.121908	0.999994
0.121931	0.999993
0.121953	0.999993
0.121976	0.999993
0.121998	0.999993
0.122021	0.999992
0.122043	0.999992
0.122066	0.999992
0.122088	0.999992
0.122111	0.999991
0.122133	0.999991
0.122156	0.999991
0.122178	0.99999
0.122201	0.99999
0.122223	0.99999
0.122246	0.99999
0.122268	0.999989
0.122291	0.999989
0.122313	0.999989
0.122335	0.999989
0.122358	0.999988
0.12238	0.999988
0.122403	0.999988
0.122425	0.999988
0.122448	0.999987
0.12247	0.999987
0.122493	0.999987
0.122515	0.999987
0.122538	0.999986
0.12256	0.999986
0.122583	0.999986
0.122605	0.999986
0.122628	0.999985
0.12265	0.999985
0.122673	0.999985
0.122695	0.999984
0.122718	0.999984
0.12274	0.999984
0.122763	0.999984
0.122785	0.999983
0.122808	0.999983
0.12283	0.999983
0.122853	0.999983
0.122875	0.999982
0.122897	0.999982
0.12292	0.999982
0.122942	0.999982
0.122965	0.999981
0.122987	0.999981
0.12301	0.999981
0.123032	0.999981
0.123055	0.99998
0.123077	0.99998
0.1231	0.99998
0.123122	0.99998
0.123145	0.99998
0.123167	0.999979
0.12319	0.999979
0.123212	0.999979
0.123235	0.999979
0.123257	0.999978
0.12328	0.999978
0.123302	0.999978
0.123325	0.999978
0.123347	0.999977
0.12337	0.999977
0.123392	0.999977
0.123415	0.999977
0.123437	0.999976
0.12346	0.999976
0.123482	0.999976
0.123505	0.999976
0.123527	0.999975
0.12355	0.999975
0.123572	0.999976
0.123595	0.999976
0.123617	0.999976
0.12364	0.999976
0.123662	0.999976
0.123685	0.999975
0.123707	0.999975
0.12373	0.999975
0.123752	0.999975
0.123775	0.999974
0.123797	0.999974
0.12382	0.999974
0.123842	0.999974
0.123865	0.999973
0.123887	0.999973
0.12391	0.999973
0.123932	0.999973
0.123955	0.999973
0.123977	0.999972
0.124	0.999972
0.124022	0.999972
0.124045	0.999972
0.124067	0.999972
0.12409	0.999971
0.124112	0.999971
0.124135	0.999971
0.124157	0.999971
0.12418	0.999971
0.124202	0.99997
0.124225	0.99997
0.124247	0.99997
0.12427	0.99997
0.124292	0.99997
0.124315	0.999969
0.124338	0.999969
0.12436	0.999969
0.124383	0.999969
0.124405	0.999968
0.124428	0.999968
0.12445	0.999968
0.124473	0.999968
0.124495	0.999968
0.124518	0.999968
0.12454	0.999967
0.124563	0.999967
0.124585	0.999967
0.124608	0.999967
0.12463	0.999967
0.124653	0.999966
0.124675	0.999966
0.124698	0.999966
0.12472	0.999966
0.124743	0.999966
0.124766	0.999965
0.124788	0.999965
0.124811	0.999965
0.124833	0.999965
0.124856	0.999965
0.124878	0.999964
0.124901	0.999964
0.124923	0.999964
0.124946	0.999964
0.124968	0.999964
0.124991	0.999964
0.125013	0.999963
0.125036	0.999963
0.125059	0.999963
0.125081	0.999963
0.125104	0.999963
0.125126	0.999963
0.125149	0.999962
0.125171	0.999962
0.125194	0.999962
0.125216	0.999962
0.125239	0.999962
0.125261	0.999961
0.125284	0.999961
0.125307	0.999961
0.125329	0.999961
0.125352	0.999961
0.125374	0.999961
0.125397	0.99996
0.125419	0.99996
0.125442	0.99996
0.125464	0.99996
0.125487	0.99996
0.12551	0.99996
0.125532	0.999959
0.125555	0.999959
0.125577	0.999959
0.1256	0.999959
0.125622	0.999959
0.125645	0.999959
0.125668	0.999959
0.12569	0.999959
0.125713	0.999959
0.125735	0.999959
0.125758	0.999958
0.12578	0.999958
0.125803	0.999958
0.125826	0.999958
0.125848	0.999958
0.125871	0.999958
0.125893	0.999958
0.125916	0.999957
0.125938	0.999957
0.125961	0.999957
0.125984	0.999957
0.126006	0.999957
0.126029	0.999957
0.126051	0.999957
0.126074	0.999957
0.126097	0.999956
0.126119	0.999956
0.126142	0.999956
0.126164	0.999956
0.126187	0.999956
0.126209	0.999956
0.126232	0.999956
0.126255	0.999956
0.126277	0.999955
0.1263	0.999955
0.126322	0.999955
0.126345	0.999955
0.126368	0.999955
0.12639	0.999955
0.126413	0.999955
0.126435	0.999955
0.126458	0.999955
0.126481	0.999954
0.126503	0.999954
0.126526	0.999954
0.126548	0.999954
0.126571	0.999954
0.126594	0.999954
0.126616	0.999954
0.126639	0.999954
0.126662	0.999954
0.126684	0.999954
0.126707	0.999954
0.126729	0.999953
0.126752	0.999953
0.126775	0.999953
0.126797	0.999953
0.12682	0.999953
0.126842	0.999953
0.126865	0.999953
0.126888	0.999953
0.12691	0.999953
0.126933	0.999953
0.126956	0.999953
0.126978	0.999953
0.127001	0.999952
0.127023	0.999952
0.127046	0.999952
0.127069	0.999952
0.127091	0.999952
0.127114	0.999952
0.127137	0.999952
0.127159	0.999952
0.127182	0.999952
0.127205	0.999952
0.127227	0.999952
0.12725	0.999967
0.127272	1.00006
0.127295	1.00006
0.127318	1.00006
0.12734	1.00006
0.127363	1.00006
0.127386	1.00006
0.127408	1.00006
0.127431	1.00006
0.127453	1.00006
0.127476	1.00006
0.127499	1.00006
0.127521	1.00006
0.127544	1.00006
0.127567	1.00006
0.127589	1.00006
0.127612	1.00006
0.127634	1.00006
0.127657	1.00006
0.12768	1.00006
0.127702	1.00006
0.127725	1.00006
0.127748	1.00006
0.12777	1.00006
0.127793	1.00006
0.127815	1.00006
0.127838	1.00006
0.127861	1.00006
0.127883	1.00006
0.127906	1.00006
0.127928	1.00006
0.127951	1.00006
0.127974	1.00006
0.127996	1.00006
0.128019	1.00006
0.128041	1.00006
0.128064	1.00006
0.128087	1.00006
0.128109	1.00006
0.128132	1.00006
0.128154	1.00006
0.128177	1.00006
0.128199	1.00006
0.128222	1.00006
0.128245	1.00006
0.128267	1.00006
0.12829	1.00006
0.128312	1.00006
0.128335	1.00006
0.128358	1.00006
0.12838	1.00006
0.128403	1.00006
0.128425	1.00006
0.128448	1.00006
0.12847	1.00006
0.128493	1.00006
0.128516	1.00006
0.128538	1.00006
0.128561	1.00006
0.128583	1.00006
0.128606	1.00006
0.128628	1.00006
0.128651	1.00006
0.128673	1.00006
0.128696	1.00006
0.128719	1.00006
0.128741	1.00006
0.128764	1.00006
0.128786	1.00006
0.128809	1.00006
0.128831	1.00006
0.128854	1.00006
0.128876	1.00006
0.128899	1.00006
0.128921	1.00006
0.128944	1.00006
0.128967	1.00006
0.128989	1.00006
0.129012	1.00006
0.129034	1.00006
0.129057	1.00006
0.129079	1.00006
0.129102	1.00006
0.129124	1.00006
0.129147	1.00006
0.129169	1.00006
0.129192	1.00006
0.129214	1.00006
0.129237	1.00005
0.129259	1.00005
0.129282	1.00005
0.129305	1.00005
0.129327	1.00005
0.12935	1.00005
0.129372	1.00005
0.129395	1.00005
0.129417	1.00005
0.12944	1.00005
0.129462	1.00005
0.129485	1.00005
0.129507	1.00005
0.12953	1.00005
0.129552	1.00005
0.129575	1.00005
0.129597	1.00005
0.12962	1.00005
0.129642	1.00005
0.129665	1.00005
0.129687	1.00005
0.12971	1.00005
0.129732	1.00005
0.129755	1.00005
0.129777	1.00005
0.1298	1.00005
0.129822	1.00005
0.129845	1.00005
0.129867	1.00005
0.12989	1.00005
0.129912	1.00005
0.129935	1.00005
0.129957	1.00005
0.12998	1.00005
0.130002	1.00005
0.130025	1.00005
0.130047	1.00005
0.13007	1.00005
0.130092	1.00005
0.130114	1.00005
0.130137	1.00005
0.130159	1.00005
0.130182	1.00005
0.130204	1.00005
0.130227	1.00005
0.130249	1.00005
0.130272	1.00005
0.130294	1.00005
0.130317	1.00005
0.130339	1.00005
0.130362	1.00005
0.130384	1.00005
0.130407	1.00005
0.130429	1.00005
0.130452	1.00005
0.130474	1.00005
0.130496	1.00005
0.130519	1.00005
0.130541	1.00004
0.130564	1.00004
0.130586	1.00004
0.130609	1.00004
0.130631	1.00004
0.130654	1.00004
0.130676	1.00004
0.130699	1.00004
0.130721	1.00004
0.130743	1.00004
0.130766	1.00004
0.130788	1.00004
0.130811	1.00004
0.130833	1.00004
0.130856	1.00004
0.130878	1.00004
0.130901	1.00004
0.130923	1.00004
0.130945	1.00004
0.130968	1.00004
0.13099	1.00004
0.131013	1.00004
0.131035	1.00004
0.131058	1.00004
0.13108	1.00004
0.131103	1.00004
0.131125	1.00004
0.131147	1.00004
0.13117	1.00004
0.131192	1.00004
0.131215	1.00004
0.131237	1.00004
0.13126	1.00004
0.131282	1.00004
0.131304	1.00004
0.131327	1.00004
0.131349	1.00004
0.131372	1.00004
0.131394	1.00004
0.131417	1.00004
0.131439	1.00004
0.131461	1.00004
0.131484	1.00003
0.131506	1.00003
0.131529	1.00003
0.131551	1.00003
0.131573	1.00003
0.131596	1.00003
0.131618	1.00003
0.131641	1.00003
0.131663	1.00003
0.131686	1.00003
0.131708	1.00003
0.13173	1.00003
0.131753	1.00003
0.131775	1.00003
0.131798	1.00003
0.13182	1.00003
0.131842	1.00003
0.131865	1.00003
0.131887	1.00003
0.13191	1.00003
0.131932	1.00003
0.131954	1.00003
0.131977	1.00003
0.131999	1.00003
0.132022	1.00003
0.132044	1.00003
0.132067	1.00003
0.132089	1.00003
0.132111	1.00003
0.132134	1.00003
0.132156	1.00003
0.132179	1.00003
0.132201	1.00003
0.132223	1.00003
0.132246	1.00003
0.132268	1.00003
0.132291	1.00003
0.132313	1.00002
0.132335	1.00002
0.132358	1.00002
0.13238	1.00002
0.132402	1.00002
0.132425	1.00002
0.132447	1.00002
0.13247	1.00002
0.132492	1.00002
0.132514	1.00002
0.132537	1.00002
0.132559	1.00002
0.132582	1.00002
0.132604	1.00002
0.132626	1.00002
0.132649	1.00002
0.132671	1.00002
0.132694	1.00002
0.132716	1.00003
0.132738	1.00003
0.132761	1.00003
0.132783	1.00003
0.132805	1.00003
0.132828	1.00003
0.13285	1.00003
0.132873	1.00003
0.132895	1.00003
0.132917	1.00003
0.13294	1.00003
0.132962	1.00003
0.132985	1.00003
0.133007	1.00003
0.133029	1.00003
0.133052	1.00003
0.133074	1.00003
0.133096	1.00003
0.133119	1.00003
0.133141	1.00003
0.133164	1.00003
0.133186	1.00003
0.133208	1.00002
0.133231	1.00002
0.133253	1.00002
0.133275	1.00002
0.133298	1.00002
0.13332	1.00002
0.133343	1.00002
0.133365	1.00002
0.133387	1.00002
0.13341	1.00002
0.133432	1.00002
0.133454	1.00002
0.133477	1.00002
0.133499	1.00002
0.133521	1.00002
0.133544	1.00002
0.133566	1.00002
0.133589	1.00002
0.133611	1.00002
0.133633	1.00002
0.133656	1.00002
0.133678	1.00002
0.1337	1.00002
0.133723	1.00002
0.133745	1.00002
0.133767	1.00002
0.13379	1.00002
0.133812	1.00002
0.133835	1.00002
0.133857	1.00002
0.133879	1.00002
0.133902	1.00002
0.133924	1.00002
0.133946	1.00002
0.133969	1.00001
0.133991	1.00001
0.134013	1.00001
0.134036	1.00001
0.134058	1.00001
0.134081	1.00001
0.134103	1.00001
0.134125	1.00001
0.134148	1.00001
0.13417	1.00001
0.134192	1.00001
0.134215	1.00001
0.134237	1.00001
0.134259	1.00001
0.134282	1.00001
0.134304	1.00001
0.134326	1.00001
0.134349	1.00001
0.134371	1.00001
0.134393	1.00001
0.134416	1.00001
0.134438	1.00001
0.134461	1.00001
0.134483	1.00001
0.134505	1.00001
0.134528	1.00001
0.13455	1.00001
0.134572	1.00001
0.134595	1.00001
0.134617	1.00001
0.134639	1.00001
0.134662	1.00001
0.134684	1.00001
0.134706	1
0.134729	1
0.134751	1
0.134773	1
0.134796	1
0.134818	1
0.134841	1
0.134863	1
0.134885	1
0.134908	1
0.13493	1
0.134952	1
0.134975	1
0.134997	1
0.135019	1
0.135042	1
0.135064	1
0.135086	1
0.135109	1
0.135131	0.999999
0.135153	0.999999
0.135176	0.999999
0.135198	0.999998
0.13522	0.999998
0.135243	0.999998
0.135265	0.999998
0.135288	0.999997
0.13531	0.999997
0.135332	0.999997
0.135355	0.999996
0.135377	0.999996
0.135399	0.999996
0.135422	0.999995
0.135444	0.999995
0.135466	0.999995
0.135489	0.999995
0.135511	0.999994
0.135533	0.999994
0.135556	0.999994
0.135578	0.999993
0.1356	0.999993
0.135623	0.999993
0.135645	0.999993
0.135667	0.999992
0.13569	0.999992
0.135712	0.999992
0.135735	0.999991
0.135757	0.999991
0.135779	0.999991
0.135802	0.99999
0.135824	0.99999
0.135846	0.99999
0.135869	0.99999
0.135891	0.999989
0.135913	0.999989
0.135936	0.999989
0.135958	0.999988
0.13598	0.999988
0.136003	0.999988
0.136025	0.999988
0.136048	0.999987
0.13607	0.999987
0.136092	0.999987
0.136115	0.999986
0.136137	0.999986
0.136159	0.999986
0.136182	0.999986
0.136204	0.999985
0.136226	0.999985
0.136249	0.999985
0.136271	0.999985
0.136293	0.999984
0.136316	0.999984
0.136338	0.999984
0.136361	0.999983
0.136383	0.999983
0.136405	0.999983
0.136428	0.999983
0.13645	0.999982
0.136472	0.999982
0.136495	0.999982
0.136517	0.999981
0.136539	0.999981
0.136562	0.999981
0.136584	0.999981
0.136607	0.99998
0.136629	0.99998
0.136651	0.99998
0.136674	0.99998
0.136696	0.999979
0.136718	0.999979
0.136741	0.999979
0.136763	0.999978
0.136785	0.999978
0.136808	0.999978
0.13683	0.999978
0.136853	0.999977
0.136875	0.999977
0.136897	0.999977
0.13692	0.999977
0.136942	0.999976
0.136964	0.999976
0.136987	0.999976
0.137009	0.999976
0.137032	0.999975
0.137054	0.999975
0.137076	0.999975
0.137099	0.999975
0.137121	0.999974
0.137143	0.999974
0.137166	0.999974
0.137188	0.999974
0.137211	0.999973
0.137233	0.999973
0.137255	0.999973
0.137278	0.999973
0.1373	0.999972
0.137322	0.999972
0.137345	0.999972
0.137367	0.999972
0.13739	0.999971
0.137412	0.999971
0.137434	0.999971
0.137457	0.999971
0.137479	0.99997
0.137502	0.99997
0.137524	0.99997
0.137546	0.99997
0.137569	0.999969
0.137591	0.999969
0.137613	0.999969
0.137636	0.999969
0.137658	0.999969
0.137681	0.999968
0.137703	0.999968
0.137725	0.999968
0.137748	0.999968
0.13777	0.999967
0.137793	0.999967
0.137815	0.999967
0.137837	0.999967
0.13786	0.999967
0.137882	0.999966
0.137905	0.999966
0.137927	0.999966
0.137949	0.999966
0.137972	0.999966
0.137994	0.999965
0.138017	0.999965
0.138039	0.999965
0.138061	0.999965
0.138084	0.999964
0.138106	0.999964
0.138129	0.999964
0.138151	0.999964
0.138173	0.999964
0.138196	0.999963
0.138218	0.999963
0.138241	0.999963
0.138263	0.999963
0.138286	0.999963
0.138308	0.999963
0.13833	0.999962
0.138353	0.999962
0.138375	0.999962
0.138398	0.999962
0.13842	0.999962
0.138442	0.999961
0.138465	0.999961
0.138487	0.999961
0.13851	0.999961
0.138532	0.999961
0.138555	0.99996
0.138577	0.99996
0.138599	0.99996
0.138622	0.99996
0.138644	0.99996
0.138667	0.99996
0.138689	0.999959
0.138712	0.999959
0.138734	0.999959
0.138756	0.999959
0.138779	0.999959
0.138801	0.999959
0.138824	0.999958
0.138846	0.999958
0.138869	0.999958
0.138891	0.999958
0.138913	0.999958
0.138936	0.999958
0.138958	0.999957
0.138981	0.999957
0.139003	0.999957
0.139026	0.999957
0.139048	0.999957
0.139071	0.999957
0.139093	0.999957
0.139115	0.999956
0.139138	0.999956
0.13916	0.999956
0.139183	0.999956
0.139205	0.999956
0.139228	0.999956
0.13925	0.999956
0.139273	0.999956
0.139295	0.999955
0.139318	0.999955
0.13934	0.999955
0.139362	0.999955
0.139385	0.999955
0.139407	0.999955
0.13943	0.999955
0.139452	0.999955
0.139475	0.999954
0.139497	0.999954
0.13952	0.999954
0.139542	0.999954
0.139565	0.999954
0.139587	0.999954
0.13961	0.999954
0.139632	0.999954
0.139655	0.999954
0.139677	0.999953
0.139699	0.999953
0.139722	0.999953
0.139744	0.999953
0.139767	0.999953
0.139789	0.999953
0.139812	0.999953
0.139834	0.999953
0.139857	0.999953
0.139879	0.999953
0.139902	0.999952
0.139924	0.999952
0.139947	0.999952
0.139969	0.999952
0.139992	0.999952
0.140014	0.999952
0.140037	0.999952
0.140059	0.999952
0.140082	0.999952
0.140104	0.999952
0.140127	0.999952
0.140149	0.999952
0.140172	0.999952
0.140194	0.999951
0.140217	0.999951
0.140239	0.999951
0.140262	0.999951
0.140284	1.00005
0.140307	1.00007
0.140329	1.00007
0.140352	1.00007
0.140374	1.00007
0.140397	1.00007
0.140419	1.00007
0.140442	1.00007
0.140464	1.00007
0.140487	1.00007
0.140509	1.00007
0.140532	1.00007
0.140554	1.00007
0.140577	1.00007
0.140599	1.00007
0.140621	1.00007
0.140644	1.00007
0.140666	1.00007
0.140689	1.00007
0.140711	1.00007
0.140734	1.00007
0.140756	1.00007
0.140779	1.00007
0.140801	1.00007
0.140824	1.00007
0.140846	1.00007
0.140869	1.00007
0.140891	1.00007
0.140914	1.00007
0.140936	1.00007
0.140958	1.00007
0.140981	1.00007
0.141003	1.00007
0.141026	1.00007
0.141048	1.00007
0.141071	1.00007
0.141093	1.00007
0.141116	1.00007
0.141138	1.00007
0.14116	1.00007
0.141183	1.00007
0.141205	1.00007
0.141228	1.00007
0.14125	1.00007
0.141273	1.00007
0.141295	1.00007
0.141317	1.00007
0.14134	1.00007
0.141362	1.00007
0.141385	1.00007
0.141407	1.00007
0.14143	1.00007
0.141452	1.00007
0.141474	1.00007
0.141497	1.00007
0.141519	1.00007
0.141542	1.00007
0.141564	1.00007
0.141586	1.00007
0.141609	1.00007
0.141631	1.00007
0.141654	1.00007
0.141676	1.00007
0.141698	1.00007
0.141721	1.00007
0.141743	1.00007
0.141766	1.00007
0.141788	1.00007
0.14181	1.00007
0.141833	1.00007
0.141855	1.00007
0.141878	1.00007
0.1419	1.00007
0.141922	1.00007
0.141945	1.00007
0.141967	1.00007
0.141989	1.00007
0.142012	1.00007
0.142034	1.00007
0.142057	1.00007
0.142079	1.00007
0.142101	1.00007
0.142124	1.00007
0.142146	1.00007
0.142168	1.00007
0.142191	1.00007
0.142213	1.00007
0.142236	1.00007
0.142258	1.00007
0.14228	1.00007
0.142303	1.00007
0.142325	1.00007
0.142347	1.00007
0.14237	1.00007
0.142392	1.00007
0.142414	1.00007
0.142437	1.00007
0.142459	1.00007
0.142481	1.00007
0.142504	1.00007
0.142526	1.00007
0.142548	1.00007
0.142571	1.00007
0.142593	1.00007
0.142615	1.00006
0.142638	1.00006
0.14266	1.00006
0.142682	1.00006
0.142705	1.00006
0.142727	1.00006
0.142749	1.00006
0.142772	1.00006
0.142794	1.00006
0.142816	1.00006
0.142839	1.00006
0.142861	1.00006
0.142883	1.00006
0.142906	1.00006
0.142928	1.00006
0.14295	1.00006
0.142973	1.00006
0.142995	1.00006
0.143017	1.00006
0.14304	1.00006
0.143062	1.00006
0.143084	1.00006
0.143106	1.00006
0.143129	1.00006
0.143151	1.00006
0.143173	1.00006
0.143196	1.00006
0.143218	1.00006
0.14324	1.00006
0.143263	1.00006
0.143285	1.00006
0.143307	1.00006
0.143329	1.00006
0.143352	1.00006
0.143374	1.00006
0.143396	1.00006
0.143419	1.00006
0.143441	1.00006
0.143463	1.00006
0.143485	1.00006
0.143508	1.00006
0.14353	1.00006
0.143552	1.00006
0.143575	1.00006
0.143597	1.00006
0.143619	1.00006
0.143641	1.00005
0.143664	1.00005
0.143686	1.00005
0.143708	1.00005
0.14373	1.00005
0.143753	1.00005
0.143775	1.00005
0.143797	1.00005
0.14382	1.00005
0.143842	1.00005
0.143864	1.00005
0.143886	1.00005
0.143909	1.00005
0.143931	1.00005
0.143953	1.00005
0.143975	1.00005
0.143998	1.00005
0.14402	1.00005
0.144042	1.00005
0.144064	1.00005
0.144087	1.00005
0.144109	1.00005
0.144131	1.00005
0.144153	1.00005
0.144176	1.00005
0.144198	1.00005
0.14422	1.00005
0.144242	1.00005
0.144265	1.00005
0.144287	1.00005
0.144309	1.00005
0.144331	1.00005
0.144354	1.00005
0.144376	1.00005
0.144398	1.00005
0.14442	1.00005
0.144443	1.00005
0.144465	1.00004
0.144487	1.00004
0.144509	1.00004
0.144531	1.00004
0.144554	1.00004
0.144576	1.00004
0.144598	1.00004
0.14462	1.00004
0.144643	1.00004
0.144665	1.00004
0.144687	1.00004
0.144709	1.00004
0.144731	1.00004
0.144754	1.00004
0.144776	1.00004
0.144798	1.00004
0.14482	1.00004
0.144843	1.00004
0.144865	1.00004
0.144887	1.00004
0.144909	1.00004
0.144931	1.00004
0.144954	1.00004
0.144976	1.00004
0.144998	1.00004
0.14502	1.00004
0.145042	1.00004
0.145065	1.00004
0.145087	1.00004
0.145109	1.00004
0.145131	1.00004
0.145154	1.00004
0.145176	1.00004
0.145198	1.00003
0.14522	1.00003
0.145242	1.00003
0.145265	1.00003
0.145287	1.00003
0.145309	1.00003
0.145331	1.00003
0.145353	1.00003
0.145376	1.00003
0.145398	1.00003
0.14542	1.00003
0.145442	1.00003
0.145464	1.00003
0.145487	1.00003
0.145509	1.00003
0.145531	1.00003
0.145553	1.00003
0.145575	1.00003
0.145597	1.00003
0.14562	1.00003
0.145642	1.00003
0.145664	1.00003
0.145686	1.00003
0.145708	1.00003
0.145731	1.00003
0.145753	1.00003
0.145775	1.00003
0.145797	1.00003
0.145819	1.00003
0.145842	1.00003
0.145864	1.00002
0.145886	1.00002
0.145908	1.00002
0.14593	1.00002
0.145952	1.00002
0.145975	1.00002
0.145997	1.00002
0.146019	1.00002
0.146041	1.00002
0.146063	1.00002
0.146086	1.00002
0.146108	1.00002
0.14613	1.00002
0.146152	1.00002
0.146174	1.00002
0.146196	1.00002
0.146219	1.00002
0.146241	1.00002
0.146263	1.00002
0.146285	1.00002
0.146307	1.00002
0.146329	1.00002
0.146352	1.00002
0.146374	1.00002
0.146396	1.00002
0.146418	1.00002
0.14644	1.00002
0.146462	1.00002
0.146485	1.00002
0.146507	1.00001
0.146529	1.00001
0.146551	1.00001
0.146573	1.00001
0.146596	1.00001
0.146618	1.00001
0.14664	1.00001
0.146662	1.00001
0.146684	1.00001
0.146706	1.00001
0.146729	1.00001
0.146751	1.00001
0.146773	1.00001
0.146795	1.00001
0.146817	1.00001
0.146839	1.00001
0.146862	1.00001
0.146884	1.00001
0.146906	1.00001
0.146928	1.00001
0.14695	1.00001
0.146972	1.00001
0.146995	1.00001
0.147017	1.00001
0.147039	1.00001
0.147061	1.00001
0.147083	1.00001
0.147105	1
0.147128	1
0.14715	1
0.147172	1
0.147194	1
0.147216	1
0.147238	1
0.147261	1
0.147283	1
0.147305	1
0.147327	1
0.147349	1
0.147371	1
0.147393	1
0.147416	1
0.147438	0.999999
0.14746	0.999999
0.147482	0.999999
0.147504	0.999998
0.147526	0.999998
0.147549	0.999998
0.147571	0.999997
0.147593	0.999997
0.147615	0.999997
0.147637	0.999996
0.147659	0.999996
0.147682	0.999995
0.147704	0.999995
0.147726	0.999995
0.147748	0.999994
0.14777	0.999994
0.147792	0.999994
0.147815	0.999993
0.147837	0.999993
0.147859	0.999993
0.147881	0.999992
0.147903	0.999992
0.147925	0.999991
0.147948	0.999991
0.14797	0.999991
0.147992	0.99999
0.148014	0.99999
0.148036	0.99999
0.148058	0.999989
0.148081	0.999989
0.148103	0.999988
0.148125	0.999988
0.148147	0.999988
0.148169	0.999987
0.148191	0.999987
0.148214	0.999987
0.148236	0.999986
0.148258	0.999986
0.14828	0.999986
0.148302	0.999985
0.148324	0.999985
0.148347	0.999985
0.148369	0.999984
0.148391	0.999984
0.148413	0.999983
0.148435	0.999983
0.148458	0.999983
0.14848	0.999982
0.148502	0.999982
0.148524	0.999982
0.148546	0.999981
0.148568	0.999981
0.148591	0.999981
0.148613	0.99998
0.148635	0.99998
0.148657	0.99998
0.148679	0.999979
0.148701	0.999979
0.148724	0.999979
0.148746	0.999978
0.148768	0.999978
0.14879	0.999977
0.148812	0.999977
0.148835	0.999977
0.148857	0.999976
0.148879	0.999976
0.148901	0.999976
0.148923	0.999975
0.148945	0.999975
0.148968	0.999975
0.14899	0.999974
0.149012	0.999974
0.149034	0.999974
0.149056	0.999973
0.149079	0.999973
0.149101	0.999973
0.149123	0.999972
0.149145	0.999972
0.149167	0.999972
0.149189	0.999971
0.149212	0.999971
0.149234	0.999971
0.149256	0.99997
0.149278	0.99997
0.1493	0.99997
0.149323	0.999969
0.149345	0.999969
0.149367	0.999969
0.149389	0.999968
0.149411	0.999968
0.149434	0.999968
0.149456	0.999967
0.149478	0.999967
0.1495	0.999967
0.149522	0.999966
0.149545	0.999966
0.149567	0.999966
0.149589	0.999965
0.149611	0.999965
0.149633	0.999965
0.149656	0.999964
0.149678	0.999964
0.1497	0.999964
0.149722	0.999964
0.149744	0.999963
0.149767	0.999963
0.149789	0.999963
0.149811	0.999962
0.149833	0.999962
0.149856	0.999962
0.149878	0.999962
0.1499	0.999961
0.149922	0.999961
0.149944	0.999961
0.149967	0.99996
0.149989	0.99996
