	0.0431837
0.100017	0.0431824
0.10004	0.043181
0.100063	0.0431796
0.100086	0.0431781
0.100109	0.0431767
0.100132	0.0431753
0.100154	0.0431738
0.100177	0.0431724
0.1002	0.043171
0.100223	0.0431695
0.100246	0.0431681
0.100269	0.0431667
0.100292	0.0431653
0.100314	0.0431639
0.100337	0.0431624
0.10036	0.043161
0.100383	0.0431596
0.100406	0.0431582
0.100429	0.0431568
0.100451	0.0431554
0.100474	0.043154
0.100497	0.0431526
0.10052	0.0431512
0.100543	0.0431498
0.100566	0.0431484
0.100588	0.043147
0.100611	0.0431456
0.100634	0.0431442
0.100657	0.0431428
0.10068	0.0431414
0.100703	0.04314
0.100725	0.0431386
0.100748	0.0431372
0.100771	0.0431358
0.100794	0.0431344
0.100817	0.0431331
0.10084	0.0431317
0.100862	0.0431303
0.100885	0.043129
0.100908	0.0431276
0.100931	0.0431262
0.100954	0.0431249
0.100976	0.0431235
0.100999	0.0431222
0.101022	0.0431208
0.101045	0.0431195
0.101068	0.0431181
0.10109	0.0431168
0.101113	0.0431154
0.101136	0.0431141
0.101159	0.0431128
0.101182	0.0431115
0.101205	0.0431101
0.101227	0.0431088
0.10125	0.0431075
0.101273	0.0431063
0.101296	0.043105
0.101319	0.0431037
0.101341	0.0431024
0.101364	0.0431012
0.101387	0.0430999
0.10141	0.0430986
0.101432	0.0430974
0.101455	0.0430961
0.101478	0.0430949
0.101501	0.0430936
0.101524	0.0430924
0.101546	0.0430911
0.101569	0.0430899
0.101592	0.0430886
0.101615	0.0430874
0.101638	0.0430861
0.10166	0.0430849
0.101683	0.0430836
0.101706	0.0430824
0.101729	0.0430812
0.101751	0.04308
0.101774	0.0430787
0.101797	0.0430775
0.10182	0.0430763
0.101843	0.043075
0.101865	0.0430738
0.101888	0.0430726
0.101911	0.0430714
0.101934	0.0430702
0.101956	0.0430689
0.101979	0.0430677
0.102002	0.0430665
0.102025	0.0430653
0.102047	0.0430641
0.10207	0.0430629
0.102093	0.0430617
0.102116	0.0430605
0.102138	0.0430593
0.102161	0.0430581
0.102184	0.0430569
0.102207	0.0430557
0.102229	0.0430545
0.102252	0.0430533
0.102275	0.0430521
0.102298	0.0430509
0.102321	0.0430497
0.102343	0.0430486
0.102366	0.0430474
0.102389	0.0430462
0.102411	0.043045
0.102434	0.0430439
0.102457	0.0430427
0.10248	0.0430415
0.102502	0.0430404
0.102525	0.0430392
0.102548	0.043038
0.102571	0.0430369
0.102593	0.0430357
0.102616	0.0430346
0.102639	0.0430334
0.102662	0.0430323
0.102684	0.0430311
0.102707	0.04303
0.10273	0.0430288
0.102753	0.0430277
0.102775	0.0430266
0.102798	0.0430254
0.102821	0.0430243
0.102844	0.0430232
0.102866	0.043022
0.102889	0.0430209
0.102912	0.0430198
0.102934	0.0430187
0.102957	0.0430176
0.10298	0.0430165
0.103003	0.0430154
0.103025	0.0430144
0.103048	0.0430133
0.103071	0.0430122
0.103093	0.0430112
0.103116	0.0430101
0.103139	0.0430091
0.103162	0.043008
0.103184	0.043007
0.103207	0.0430059
0.10323	0.0430049
0.103252	0.0430038
0.103275	0.0430028
0.103298	0.0430018
0.103321	0.0430007
0.103343	0.0429997
0.103366	0.0429987
0.103389	0.0429976
0.103411	0.0429966
0.103434	0.0429955
0.103457	0.0429945
0.10348	0.0429935
0.103502	0.0429925
0.103525	0.0429915
0.103548	0.0429904
0.10357	0.0429894
0.103593	0.0429884
0.103616	0.0429874
0.103638	0.0429864
0.103661	0.0429854
0.103684	0.0429844
0.103707	0.0429834
0.103729	0.0429824
0.103752	0.0429814
0.103775	0.0429804
0.103797	0.0429794
0.10382	0.0429784
0.103843	0.0429774
0.103865	0.0429765
0.103888	0.0429755
0.103911	0.0429745
0.103933	0.0429735
0.103956	0.0429726
0.103979	0.0429716
0.104001	0.0429706
0.104024	0.0429697
0.104047	0.0429687
0.10407	0.0429678
0.104092	0.0429668
0.104115	0.0429659
0.104138	0.0429649
0.10416	0.042964
0.104183	0.042963
0.104206	0.0429621
0.104228	0.0429612
0.104251	0.0429602
0.104274	0.0429593
0.104296	0.0429584
0.104319	0.0429574
0.104342	0.0429565
0.104364	0.0429556
0.104387	0.0429547
0.10441	0.0429538
0.104432	0.0429528
0.104455	0.0429519
0.104478	0.042951
0.1045	0.0429501
0.104523	0.0429492
0.104546	0.0429484
0.104568	0.0429475
0.104591	0.0429466
0.104614	0.0429457
0.104636	0.0429448
0.104659	0.042944
0.104682	0.0429431
0.104704	0.0429423
0.104727	0.0429415
0.10475	0.0429407
0.104772	0.0429398
0.104795	0.042939
0.104818	0.0429382
0.10484	0.0429375
0.104863	0.0429367
0.104886	0.0429359
0.104908	0.0429351
0.104931	0.0429343
0.104954	0.0429336
0.104976	0.0429328
0.104999	0.0429321
0.105022	0.0429313
0.105044	0.0429306
0.105067	0.0429298
0.105089	0.0429291
0.105112	0.0429284
0.105135	0.0429277
0.105157	0.042927
0.10518	0.0429262
0.105203	0.0429255
0.105225	0.0429248
0.105248	0.0429241
0.105271	0.0429234
0.105293	0.0429228
0.105316	0.0429221
0.105339	0.0429214
0.105361	0.0429207
0.105384	0.0429201
0.105407	0.0429194
0.105429	0.0429187
0.105452	0.042918
0.105474	0.0429174
0.105497	0.0429167
0.10552	0.0429161
0.105542	0.0429154
0.105565	0.0429148
0.105588	0.0429142
0.10561	0.0429135
0.105633	0.0429129
0.105656	0.0429123
0.105678	0.0429117
0.105701	0.0429111
0.105724	0.0429105
0.105746	0.0429099
0.105769	0.0429093
0.105791	0.0429087
0.105814	0.0429081
0.105837	0.0429075
0.105859	0.042907
0.105882	0.0429064
0.105905	0.0429058
0.105927	0.0429053
0.10595	0.0429047
0.105972	0.0429042
0.105995	0.0429036
0.106018	0.0429031
0.10604	0.0429025
0.106063	0.042902
0.106086	0.0429015
0.106108	0.042901
0.106131	0.0429005
0.106154	0.0429
0.106176	0.0428995
0.106199	0.042899
0.106221	0.0428985
0.106244	0.042898
0.106267	0.0428976
0.106289	0.0428971
0.106312	0.0428967
0.106335	0.0428962
0.106357	0.0428958
0.10638	0.0428954
0.106402	0.042895
0.106425	0.0428946
0.106448	0.0428942
0.10647	0.0428938
0.106493	0.0428934
0.106516	0.0428931
0.106538	0.0428927
0.106561	0.0428924
0.106583	0.0428921
0.106606	0.0428918
0.106629	0.0428915
0.106651	0.0428912
0.106674	0.0428909
0.106696	0.0428906
0.106719	0.0428904
0.106742	0.0428901
0.106764	0.0428899
0.106787	0.0428896
0.10681	0.0428894
0.106832	0.0428892
0.106855	0.0428889
0.106877	0.0428887
0.1069	0.0428885
0.106923	0.0428883
0.106945	0.0428881
0.106968	0.0428879
0.106991	0.0428878
0.107013	0.0428876
0.107036	0.0428874
0.107058	0.0428873
0.107081	0.0428871
0.107104	0.042887
0.107126	0.0428869
0.107149	0.0428868
0.107171	0.0428867
0.107194	0.0428866
0.107217	0.0428865
0.107239	0.0428864
0.107262	0.0428863
0.107285	0.0428862
0.107307	0.0428862
0.10733	0.0428861
0.107352	0.042886
0.107375	0.042886
0.107398	0.0428859
0.10742	0.0428859
0.107443	0.0428859
0.107465	0.0428858
0.107488	0.0428858
0.107511	0.0428858
0.107533	0.0428858
0.107556	0.0428858
0.107579	0.0428858
0.107601	0.0428859
0.107624	0.0428859
0.107646	0.0428859
0.107669	0.042886
0.107692	0.042886
0.107714	0.0428861
0.107737	0.0428861
0.107759	0.0428862
0.107782	0.0428863
0.107805	0.0428864
0.107827	0.0428865
0.10785	0.0428866
0.107872	0.0428867
0.107895	0.0428868
0.107918	0.0428869
0.10794	0.042887
0.107963	0.0428871
0.107986	0.0428873
0.108008	0.0428874
0.108031	0.0428876
0.108053	0.0428878
0.108076	0.0428879
0.108099	0.0428881
0.108121	0.0428883
0.108144	0.0428885
0.108166	0.0428887
0.108189	0.042889
0.108212	0.0428892
0.108234	0.0428895
0.108257	0.0428898
0.108279	0.0428901
0.108302	0.0428904
0.108325	0.0428907
0.108347	0.042891
0.10837	0.0428913
0.108393	0.0428917
0.108415	0.042892
0.108438	0.0428924
0.10846	0.0428927
0.108483	0.0428931
0.108506	0.0428935
0.108528	0.0428938
0.108551	0.0428942
0.108573	0.0428946
0.108596	0.042895
0.108619	0.0428954
0.108641	0.0428958
0.108664	0.0428962
0.108687	0.0428967
0.108709	0.0428971
0.108732	0.0428976
0.108754	0.042898
0.108777	0.0428985
0.1088	0.0428989
0.108822	0.0428994
0.108845	0.0428999
0.108867	0.0429004
0.10889	0.0429009
0.108913	0.0429014
0.108935	0.0429019
0.108958	0.0429025
0.10898	0.042903
0.109003	0.0429035
0.109026	0.0429041
0.109048	0.0429046
0.109071	0.0429052
0.109094	0.0429058
0.109116	0.0429063
0.109139	0.0429069
0.109161	0.0429075
0.109184	0.0429081
0.109207	0.0429087
0.109229	0.0429093
0.109252	0.0429099
0.109275	0.0429105
0.109297	0.0429112
0.10932	0.0429118
0.109342	0.0429125
0.109365	0.0429131
0.109388	0.0429138
0.10941	0.0429144
0.109433	0.0429151
0.109455	0.0429158
0.109478	0.0429165
0.109501	0.0429172
0.109523	0.0429179
0.109546	0.0429186
0.109569	0.0429193
0.109591	0.04292
0.109614	0.0429207
0.109636	0.0429215
0.109659	0.0429222
0.109682	0.0429229
0.109704	0.0429237
0.109727	0.0429245
0.10975	0.0429252
0.109772	0.042926
0.109795	0.0429268
0.109817	0.0429276
0.10984	0.0429284
0.109863	0.0429292
0.109885	0.04293
0.109908	0.0429309
0.109931	0.0429317
0.109953	0.0429326
0.109976	0.0429335
0.109998	0.0429344
0.110021	0.0429353
0.110044	0.0429362
0.110066	0.0429371
0.110089	0.042938
0.110112	0.042939
0.110134	0.0429399
0.110157	0.0429408
0.11018	0.0429418
0.110202	0.0429428
0.110225	0.0429438
0.110247	0.0429447
0.11027	0.0429457
0.110293	0.0429467
0.110315	0.0429477
0.110338	0.0429487
0.110361	0.0429497
0.110383	0.0429508
0.110406	0.0429518
0.110428	0.0429528
0.110451	0.0429539
0.110474	0.0429549
0.110496	0.0429559
0.110519	0.042957
0.110542	0.0429581
0.110564	0.0429591
0.110587	0.0429602
0.11061	0.0429613
0.110632	0.0429624
0.110655	0.0429635
0.110678	0.0429646
0.1107	0.0429658
0.110723	0.0429669
0.110745	0.042968
0.110768	0.0429691
0.110791	0.0429703
0.110813	0.0429714
0.110836	0.0429726
0.110859	0.0429737
0.110881	0.0429749
0.110904	0.0429761
0.110927	0.0429772
0.110949	0.0429784
0.110972	0.0429796
0.110995	0.0429808
0.111017	0.042982
0.11104	0.0429832
0.111063	0.0429844
0.111085	0.0429857
0.111108	0.0429869
0.11113	0.0429881
0.111153	0.0429894
0.111176	0.0429906
0.111198	0.0429919
0.111221	0.0429932
0.111244	0.0429944
0.111266	0.0429957
0.111289	0.042997
0.111312	0.0429983
0.111334	0.0429996
0.111357	0.0430009
0.11138	0.0430022
0.111402	0.0430035
0.111425	0.0430048
0.111448	0.0430061
0.11147	0.0430075
0.111493	0.0430088
0.111516	0.0430102
0.111538	0.0430115
0.111561	0.0430129
0.111584	0.0430143
0.111606	0.0430156
0.111629	0.0430171
0.111652	0.0430185
0.111674	0.0430199
0.111697	0.0430214
0.11172	0.0430228
0.111742	0.0430243
0.111765	0.0430258
0.111788	0.0430272
0.11181	0.0430287
0.111833	0.0430302
0.111856	0.0430318
0.111878	0.0430333
0.111901	0.0430348
0.111924	0.0430363
0.111946	0.0430379
0.111969	0.0430394
0.111992	0.043041
0.112014	0.0430425
0.112037	0.0430441
0.11206	0.0430457
0.112082	0.0430473
0.112105	0.0430489
0.112128	0.0430505
0.11215	0.0430521
0.112173	0.0430537
0.112196	0.0430553
0.112219	0.043057
0.112241	0.0430586
0.112264	0.0430603
0.112287	0.0430619
0.112309	0.0430636
0.112332	0.0430652
0.112355	0.0430669
0.112377	0.0430686
0.1124	0.0430703
0.112423	0.043072
0.112445	0.0430737
0.112468	0.0430754
0.112491	0.0430772
0.112513	0.0430789
0.112536	0.0430806
0.112559	0.0430824
0.112582	0.0430841
0.112604	0.0430859
0.112627	0.0430877
0.11265	0.0430895
0.112672	0.0430912
0.112695	0.043093
0.112718	0.0430948
0.11274	0.0430966
0.112763	0.0430984
0.112786	0.0431003
0.112809	0.0431021
0.112831	0.0431039
0.112854	0.0431058
0.112877	0.0431076
0.112899	0.0431095
0.112922	0.0431114
0.112945	0.0431132
0.112967	0.0431151
0.11299	0.043117
0.113013	0.0431189
0.113036	0.0431208
0.113058	0.0431228
0.113081	0.0431247
0.113104	0.0431266
0.113126	0.0431285
0.113149	0.0431305
0.113172	0.0431325
0.113195	0.0431344
0.113217	0.0431364
0.11324	0.0431384
0.113263	0.0431403
0.113285	0.0431423
0.113308	0.0431443
0.113331	0.0431463
0.113354	0.0431484
0.113376	0.0431504
0.113399	0.0431525
0.113422	0.0431545
0.113445	0.0431566
0.113467	0.0431587
0.11349	0.0431608
0.113513	0.0431629
0.113535	0.0431651
0.113558	0.0431672
0.113581	0.0431693
0.113604	0.0431715
0.113626	0.0431736
0.113649	0.0431758
0.113672	0.043178
0.113695	0.0431802
0.113717	0.0431823
0.11374	0.0431845
0.113763	0.0431867
0.113786	0.0431889
0.113808	0.0431912
0.113831	0.0431934
0.113854	0.0431922
0.113876	0.0431905
0.113899	0.0431889
0.113922	0.0431872
0.113945	0.0431856
0.113967	0.043184
0.11399	0.0431824
0.114013	0.0431807
0.114036	0.0431791
0.114058	0.0431775
0.114081	0.0431759
0.114104	0.0431743
0.114126	0.0431727
0.114149	0.0431712
0.114172	0.0431696
0.114195	0.043168
0.114217	0.0431665
0.11424	0.0431649
0.114263	0.0431634
0.114286	0.0431619
0.114308	0.0431603
0.114331	0.0431588
0.114354	0.0431573
0.114376	0.0431557
0.114399	0.0431542
0.114422	0.0431527
0.114444	0.0431512
0.114467	0.0431497
0.11449	0.0431482
0.114513	0.0431467
0.114535	0.0431452
0.114558	0.0431437
0.114581	0.0431422
0.114603	0.0431408
0.114626	0.0431393
0.114649	0.0431379
0.114671	0.0431364
0.114694	0.043135
0.114717	0.0431335
0.11474	0.0431321
0.114762	0.0431307
0.114785	0.0431292
0.114808	0.0431278
0.11483	0.0431264
0.114853	0.043125
0.114876	0.0431236
0.114898	0.0431222
0.114921	0.0431208
0.114944	0.0431194
0.114966	0.043118
0.114989	0.0431166
0.115012	0.0431152
0.115034	0.0431139
0.115057	0.0431125
0.11508	0.0431112
0.115102	0.0431098
0.115125	0.0431085
0.115148	0.0431072
0.11517	0.0431059
0.115193	0.0431046
0.115216	0.0431033
0.115238	0.043102
0.115261	0.0431007
0.115284	0.0430994
0.115306	0.0430981
0.115329	0.0430969
0.115352	0.0430956
0.115374	0.0430944
0.115397	0.0430931
0.11542	0.0430919
0.115442	0.0430907
0.115465	0.0430894
0.115488	0.0430882
0.11551	0.043087
0.115533	0.0430858
0.115556	0.0430845
0.115578	0.0430833
0.115601	0.0430821
0.115624	0.043081
0.115646	0.0430798
0.115669	0.0430786
0.115691	0.0430774
0.115714	0.0430763
0.115737	0.0430751
0.115759	0.0430739
0.115782	0.0430728
0.115805	0.0430716
0.115827	0.0430704
0.11585	0.0430693
0.115873	0.0430681
0.115895	0.043067
0.115918	0.0430659
0.11594	0.0430647
0.115963	0.0430636
0.115986	0.0430625
0.116008	0.0430614
0.116031	0.0430603
0.116054	0.0430592
0.116076	0.043058
0.116099	0.0430569
0.116121	0.0430559
0.116144	0.0430548
0.116167	0.0430537
0.116189	0.0430526
0.116212	0.0430515
0.116235	0.0430504
0.116257	0.0430493
0.11628	0.0430482
0.116302	0.0430472
0.116325	0.0430461
0.116348	0.043045
0.11637	0.0430439
0.116393	0.0430428
0.116415	0.0430416
0.116438	0.0430405
0.116461	0.0430393
0.116483	0.0430382
0.116506	0.0430371
0.116528	0.043036
0.116551	0.0430349
0.116574	0.0430338
0.116596	0.0430327
0.116619	0.0430316
0.116641	0.0430305
0.116664	0.0430294
0.116687	0.0430283
0.116709	0.0430272
0.116732	0.0430261
0.116754	0.0430251
0.116777	0.043024
0.1168	0.0430229
0.116822	0.0430219
0.116845	0.0430209
0.116867	0.0430198
0.11689	0.0430188
0.116912	0.0430177
0.116935	0.0430167
0.116958	0.0430157
0.11698	0.0430147
0.117003	0.0430137
0.117025	0.0430127
0.117048	0.0430117
0.11707	0.0430108
0.117093	0.0430098
0.117116	0.0430088
0.117138	0.0430079
0.117161	0.0430069
0.117183	0.0430059
0.117206	0.043005
0.117228	0.043004
0.117251	0.043003
0.117274	0.0430021
0.117296	0.0430011
0.117319	0.0430002
0.117341	0.0429992
0.117364	0.0429983
0.117386	0.0429973
0.117409	0.0429964
0.117432	0.0429954
0.117454	0.0429945
0.117477	0.0429936
0.117499	0.0429926
0.117522	0.0429917
0.117544	0.0429908
0.117567	0.0429899
0.117589	0.0429889
0.117612	0.042988
0.117635	0.0429871
0.117657	0.0429862
0.11768	0.0429853
0.117702	0.0429844
0.117725	0.0429835
0.117747	0.0429826
0.11777	0.0429817
0.117792	0.0429808
0.117815	0.04298
0.117837	0.0429791
0.11786	0.0429782
0.117883	0.0429773
0.117905	0.0429765
0.117928	0.0429756
0.11795	0.0429747
0.117973	0.0429739
0.117995	0.042973
0.118018	0.0429722
0.11804	0.0429713
0.118063	0.0429705
0.118085	0.0429696
0.118108	0.0429688
0.11813	0.042968
0.118153	0.0429671
0.118175	0.0429663
0.118198	0.0429655
0.118221	0.0429647
0.118243	0.0429639
0.118266	0.0429631
0.118288	0.0429623
0.118311	0.0429615
0.118333	0.0429607
0.118356	0.0429599
0.118378	0.0429592
0.118401	0.0429584
0.118423	0.0429576
0.118446	0.0429568
0.118468	0.0429561
0.118491	0.0429553
0.118513	0.0429546
0.118536	0.0429538
0.118558	0.0429531
0.118581	0.0429524
0.118603	0.0429517
0.118626	0.042951
0.118648	0.0429503
0.118671	0.0429496
0.118693	0.0429489
0.118716	0.0429482
0.118738	0.0429476
0.118761	0.0429469
0.118783	0.0429463
0.118806	0.0429456
0.118829	0.042945
0.118851	0.0429444
0.118874	0.0429438
0.118896	0.0429432
0.118919	0.0429426
0.118941	0.042942
0.118964	0.0429414
0.118986	0.0429408
0.119009	0.0429402
0.119031	0.0429396
0.119054	0.042939
0.119076	0.0429384
0.119099	0.0429378
0.119121	0.0429373
0.119144	0.0429367
0.119166	0.0429362
0.119189	0.0429356
0.119211	0.0429351
0.119234	0.0429346
0.119256	0.0429341
0.119279	0.0429336
0.119301	0.0429331
0.119324	0.0429326
0.119346	0.0429321
0.119369	0.0429316
0.119391	0.0429311
0.119414	0.0429306
0.119436	0.0429301
0.119459	0.0429297
0.119481	0.0429292
0.119504	0.0429288
0.119526	0.0429283
0.119548	0.0429279
0.119571	0.0429275
0.119593	0.042927
0.119616	0.0429266
0.119638	0.0429262
0.119661	0.0429258
0.119683	0.0429254
0.119706	0.0429251
0.119728	0.0429247
0.119751	0.0429243
0.119773	0.042924
0.119796	0.0429236
0.119818	0.0429233
0.119841	0.0429229
0.119863	0.0429226
0.119886	0.0429223
0.119908	0.042922
0.119931	0.0429217
0.119953	0.0429214
0.119976	0.0429211
0.119998	0.0429208
0.120021	0.0429205
0.120043	0.0429203
0.120066	0.04292
0.120088	0.0429198
0.120111	0.0429195
0.120133	0.0429193
0.120156	0.0429191
0.120178	0.0429189
0.120201	0.0429187
0.120223	0.0429185
0.120245	0.0429184
0.120268	0.0429182
0.12029	0.0429181
0.120313	0.042918
0.120335	0.0429179
0.120358	0.0429178
0.12038	0.0429177
0.120403	0.0429176
0.120425	0.0429176
0.120448	0.0429175
0.12047	0.0429175
0.120493	0.0429174
0.120515	0.0429174
0.120538	0.0429174
0.12056	0.0429174
0.120583	0.0429174
0.120605	0.0429174
0.120628	0.0429175
0.12065	0.0429175
0.120673	0.0429176
0.120695	0.0429176
0.120717	0.0429177
0.12074	0.0429178
0.120762	0.0429179
0.120785	0.042918
0.120807	0.0429181
0.12083	0.0429182
0.120852	0.0429183
0.120875	0.0429184
0.120897	0.0429186
0.12092	0.0429187
0.120942	0.0429189
0.120965	0.0429191
0.120987	0.0429193
0.12101	0.0429195
0.121032	0.0429196
0.121055	0.0429199
0.121077	0.0429201
0.1211	0.0429203
0.121122	0.0429205
0.121144	0.0429207
0.121167	0.042921
0.121189	0.0429212
0.121212	0.0429215
0.121234	0.0429218
0.121257	0.0429221
0.121279	0.0429224
0.121302	0.0429227
0.121324	0.042923
0.121347	0.0429234
0.121369	0.0429237
0.121392	0.0429241
0.121414	0.0429244
0.121437	0.0429248
0.121459	0.0429252
0.121482	0.0429255
0.121504	0.0429259
0.121526	0.0429263
0.121549	0.0429267
0.121571	0.0429272
0.121594	0.0429276
0.121616	0.042928
0.121639	0.0429284
0.121661	0.0429289
0.121684	0.0429294
0.121706	0.0429298
0.121729	0.0429303
0.121751	0.0429308
0.121774	0.0429313
0.121796	0.0429318
0.121819	0.0429323
0.121841	0.0429329
0.121864	0.0429334
0.121886	0.042934
0.121908	0.0429345
0.121931	0.0429351
0.121953	0.0429357
0.121976	0.0429363
0.121998	0.0429369
0.122021	0.0429376
0.122043	0.0429382
0.122066	0.0429388
0.122088	0.0429395
0.122111	0.0429402
0.122133	0.0429408
0.122156	0.0429415
0.122178	0.0429422
0.122201	0.0429429
0.122223	0.0429437
0.122246	0.0429444
0.122268	0.0429452
0.122291	0.0429459
0.122313	0.0429467
0.122335	0.0429475
0.122358	0.0429483
0.12238	0.0429491
0.122403	0.0429499
0.122425	0.0429508
0.122448	0.0429516
0.12247	0.0429525
0.122493	0.0429533
0.122515	0.0429542
0.122538	0.0429551
0.12256	0.0429559
0.122583	0.0429568
0.122605	0.0429577
0.122628	0.0429586
0.12265	0.0429595
0.122673	0.0429605
0.122695	0.0429614
0.122718	0.0429623
0.12274	0.0429633
0.122763	0.0429642
0.122785	0.0429652
0.122808	0.0429662
0.12283	0.0429672
0.122853	0.0429682
0.122875	0.0429692
0.122897	0.0429702
0.12292	0.0429712
0.122942	0.0429723
0.122965	0.0429733
0.122987	0.0429744
0.12301	0.0429754
0.123032	0.0429765
0.123055	0.0429776
0.123077	0.0429787
0.1231	0.0429798
0.123122	0.0429809
0.123145	0.042982
0.123167	0.0429831
0.12319	0.0429842
0.123212	0.0429853
0.123235	0.0429865
0.123257	0.0429876
0.12328	0.0429888
0.123302	0.04299
0.123325	0.0429911
0.123347	0.0429923
0.12337	0.0429935
0.123392	0.0429947
0.123415	0.042996
0.123437	0.0429972
0.12346	0.0429984
0.123482	0.0429996
0.123505	0.0430009
0.123527	0.0430022
0.12355	0.0430034
0.123572	0.0430047
0.123595	0.0430059
0.123617	0.0430071
0.12364	0.0430083
0.123662	0.0430095
0.123685	0.0430108
0.123707	0.0430121
0.12373	0.0430133
0.123752	0.0430146
0.123775	0.0430159
0.123797	0.0430172
0.12382	0.0430185
0.123842	0.0430199
0.123865	0.0430212
0.123887	0.0430226
0.12391	0.043024
0.123932	0.0430253
0.123955	0.0430267
0.123977	0.0430281
0.124	0.0430295
0.124022	0.0430309
0.124045	0.0430323
0.124067	0.0430338
0.12409	0.0430352
0.124112	0.0430366
0.124135	0.0430381
0.124157	0.0430395
0.12418	0.043041
0.124202	0.0430424
0.124225	0.0430439
0.124247	0.0430454
0.12427	0.0430469
0.124292	0.0430484
0.124315	0.0430499
0.124338	0.0430514
0.12436	0.043053
0.124383	0.0430545
0.124405	0.0430561
0.124428	0.0430576
0.12445	0.0430592
0.124473	0.0430607
0.124495	0.0430623
0.124518	0.0430639
0.12454	0.0430655
0.124563	0.043067
0.124585	0.0430686
0.124608	0.0430702
0.12463	0.0430718
0.124653	0.0430734
0.124675	0.043075
0.124698	0.0430767
0.12472	0.0430783
0.124743	0.0430799
0.124766	0.0430815
0.124788	0.0430832
0.124811	0.0430849
0.124833	0.0430865
0.124856	0.0430882
0.124878	0.0430899
0.124901	0.0430916
0.124923	0.0430933
0.124946	0.043095
0.124968	0.0430967
0.124991	0.0430984
0.125013	0.0431001
0.125036	0.0431019
0.125059	0.0431036
0.125081	0.0431053
0.125104	0.043107
0.125126	0.0431088
0.125149	0.0431105
0.125171	0.0431122
0.125194	0.043114
0.125216	0.0431157
0.125239	0.0431175
0.125261	0.0431193
0.125284	0.0431211
0.125307	0.0431229
0.125329	0.0431247
0.125352	0.0431265
0.125374	0.0431283
0.125397	0.0431301
0.125419	0.043132
0.125442	0.0431338
0.125464	0.0431357
0.125487	0.0431375
0.12551	0.0431394
0.125532	0.0431413
0.125555	0.0431432
0.125577	0.043145
0.1256	0.0431469
0.125622	0.0431488
0.125645	0.0431507
0.125668	0.0431525
0.12569	0.0431545
0.125713	0.0431564
0.125735	0.0431583
0.125758	0.0431602
0.12578	0.0431621
0.125803	0.043164
0.125826	0.043166
0.125848	0.0431679
0.125871	0.0431699
0.125893	0.0431718
0.125916	0.0431738
0.125938	0.0431758
0.125961	0.0431778
0.125984	0.0431798
0.126006	0.0431817
0.126029	0.0431837
0.126051	0.0431857
0.126074	0.0431877
0.126097	0.0431897
0.126119	0.0431917
0.126142	0.0431937
0.126164	0.0431957
0.126187	0.0431977
0.126209	0.0431997
0.126232	0.0432017
0.126255	0.0432038
0.126277	0.0432058
0.1263	0.0432079
0.126322	0.0432099
0.126345	0.043212
0.126368	0.0432141
0.12639	0.0432161
0.126413	0.0432182
0.126435	0.0432203
0.126458	0.0432224
0.126481	0.0432245
0.126503	0.0432265
0.126526	0.0432286
0.126548	0.0432307
0.126571	0.0432328
0.126594	0.0432349
0.126616	0.043237
0.126639	0.0432391
0.126662	0.0432412
0.126684	0.0432433
0.126707	0.0432454
0.126729	0.0432475
0.126752	0.0432496
0.126775	0.0432518
0.126797	0.0432539
0.12682	0.043256
0.126842	0.0432582
0.126865	0.0432604
0.126888	0.0432625
0.12691	0.0432647
0.126933	0.0432668
0.126956	0.043269
0.126978	0.0432711
0.127001	0.0432733
0.127023	0.0432755
0.127046	0.0432776
0.127069	0.0432798
0.127091	0.043282
0.127114	0.0432842
0.127137	0.0432863
0.127159	0.0432885
0.127182	0.0432907
0.127205	0.0432929
0.127227	0.0432952
0.12725	0.0432974
0.127272	0.043299
0.127295	0.0432965
0.127318	0.0432941
0.12734	0.0432916
0.127363	0.0432892
0.127386	0.0432867
0.127408	0.0432843
0.127431	0.0432818
0.127453	0.0432794
0.127476	0.0432769
0.127499	0.0432745
0.127521	0.043272
0.127544	0.0432696
0.127567	0.0432671
0.127589	0.0432647
0.127612	0.0432622
0.127634	0.0432598
0.127657	0.0432574
0.12768	0.043255
0.127702	0.0432526
0.127725	0.0432502
0.127748	0.0432478
0.12777	0.0432454
0.127793	0.0432431
0.127815	0.0432407
0.127838	0.0432383
0.127861	0.043236
0.127883	0.0432336
0.127906	0.0432312
0.127928	0.0432289
0.127951	0.0432265
0.127974	0.0432242
0.127996	0.0432218
0.128019	0.0432195
0.128041	0.0432171
0.128064	0.0432148
0.128087	0.0432124
0.128109	0.0432101
0.128132	0.0432078
0.128154	0.0432054
0.128177	0.0432031
0.128199	0.0432008
0.128222	0.0431986
0.128245	0.0431963
0.128267	0.043194
0.12829	0.0431918
0.128312	0.0431895
0.128335	0.0431873
0.128358	0.0431851
0.12838	0.0431828
0.128403	0.0431806
0.128425	0.0431784
0.128448	0.0431762
0.12847	0.043174
0.128493	0.0431718
0.128516	0.0431696
0.128538	0.0431674
0.128561	0.0431652
0.128583	0.043163
0.128606	0.0431608
0.128628	0.0431587
0.128651	0.0431565
0.128673	0.0431544
0.128696	0.0431523
0.128719	0.0431502
0.128741	0.0431481
0.128764	0.043146
0.128786	0.0431439
0.128809	0.0431419
0.128831	0.0431398
0.128854	0.0431378
0.128876	0.0431358
0.128899	0.0431338
0.128921	0.0431318
0.128944	0.0431298
0.128967	0.0431278
0.128989	0.0431258
0.129012	0.0431239
0.129034	0.0431219
0.129057	0.04312
0.129079	0.043118
0.129102	0.0431161
0.129124	0.0431142
0.129147	0.0431123
0.129169	0.0431105
0.129192	0.0431086
0.129214	0.0431068
0.129237	0.043105
0.129259	0.0431032
0.129282	0.0431014
0.129305	0.0430996
0.129327	0.0430978
0.12935	0.0430961
0.129372	0.0430944
0.129395	0.0430926
0.129417	0.0430909
0.12944	0.0430892
0.129462	0.0430875
0.129485	0.0430858
0.129507	0.0430842
0.12953	0.0430825
0.129552	0.0430809
0.129575	0.0430792
0.129597	0.0430776
0.12962	0.043076
0.129642	0.0430744
0.129665	0.0430729
0.129687	0.0430714
0.12971	0.0430698
0.129732	0.0430683
0.129755	0.0430669
0.129777	0.0430654
0.1298	0.0430639
0.129822	0.0430625
0.129845	0.0430611
0.129867	0.0430596
0.12989	0.0430582
0.129912	0.0430568
0.129935	0.0430554
0.129957	0.043054
0.12998	0.0430527
0.130002	0.0430513
0.130025	0.04305
0.130047	0.0430486
0.13007	0.0430473
0.130092	0.043046
0.130114	0.0430447
0.130137	0.0430434
0.130159	0.0430421
0.130182	0.0430409
0.130204	0.0430397
0.130227	0.0430385
0.130249	0.0430373
0.130272	0.0430361
0.130294	0.0430349
0.130317	0.0430338
0.130339	0.0430326
0.130362	0.0430315
0.130384	0.0430303
0.130407	0.0430292
0.130429	0.0430281
0.130452	0.043027
0.130474	0.0430259
0.130496	0.0430248
0.130519	0.0430237
0.130541	0.0430226
0.130564	0.0430215
0.130586	0.0430205
0.130609	0.0430195
0.130631	0.0430185
0.130654	0.0430176
0.130676	0.0430166
0.130699	0.0430156
0.130721	0.0430147
0.130743	0.0430138
0.130766	0.0430129
0.130788	0.0430119
0.130811	0.043011
0.130833	0.0430101
0.130856	0.0430092
0.130878	0.0430083
0.130901	0.0430075
0.130923	0.0430066
0.130945	0.0430057
0.130968	0.0430048
0.13099	0.043004
0.131013	0.0430031
0.131035	0.0430023
0.131058	0.0430015
0.13108	0.0430007
0.131103	0.043
0.131125	0.0429992
0.131147	0.0429985
0.13117	0.0429978
0.131192	0.0429971
0.131215	0.0429964
0.131237	0.0429957
0.13126	0.042995
0.131282	0.0429944
0.131304	0.0429937
0.131327	0.0429931
0.131349	0.0429925
0.131372	0.0429919
0.131394	0.0429912
0.131417	0.0429906
0.131439	0.04299
0.131461	0.0429894
0.131484	0.0429888
0.131506	0.0429883
0.131529	0.0429877
0.131551	0.0429872
0.131573	0.0429867
0.131596	0.0429862
0.131618	0.0429858
0.131641	0.0429853
0.131663	0.0429849
0.131686	0.0429845
0.131708	0.042984
0.13173	0.0429836
0.131753	0.0429832
0.131775	0.0429828
0.131798	0.0429824
0.13182	0.0429819
0.131842	0.0429815
0.131865	0.0429811
0.131887	0.0429807
0.13191	0.0429803
0.131932	0.0429799
0.131954	0.0429795
0.131977	0.0429791
0.131999	0.0429787
0.132022	0.0429784
0.132044	0.0429781
0.132067	0.0429778
0.132089	0.0429775
0.132111	0.0429772
0.132134	0.042977
0.132156	0.0429767
0.132179	0.0429764
0.132201	0.0429762
0.132223	0.0429759
0.132246	0.0429757
0.132268	0.0429755
0.132291	0.0429752
0.132313	0.042975
0.132335	0.0429747
0.132358	0.0429745
0.13238	0.0429743
0.132402	0.042974
0.132425	0.0429738
0.132447	0.0429736
0.13247	0.0429734
0.132492	0.0429733
0.132514	0.0429731
0.132537	0.042973
0.132559	0.0429729
0.132582	0.0429728
0.132604	0.0429727
0.132626	0.0429726
0.132649	0.0429726
0.132671	0.0429725
0.132694	0.0429724
0.132716	0.0429724
0.132738	0.042972
0.132761	0.0429715
0.132783	0.0429709
0.132805	0.0429704
0.132828	0.0429698
0.13285	0.0429693
0.132873	0.0429688
0.132895	0.0429682
0.132917	0.0429677
0.13294	0.0429672
0.132962	0.0429667
0.132985	0.0429663
0.133007	0.0429659
0.133029	0.0429654
0.133052	0.042965
0.133074	0.0429646
0.133096	0.0429642
0.133119	0.0429638
0.133141	0.0429635
0.133164	0.0429631
0.133186	0.0429627
0.133208	0.0429623
0.133231	0.042962
0.133253	0.0429616
0.133275	0.0429613
0.133298	0.0429609
0.13332	0.0429606
0.133343	0.0429602
0.133365	0.0429599
0.133387	0.0429596
0.13341	0.0429593
0.133432	0.042959
0.133454	0.0429588
0.133477	0.0429585
0.133499	0.0429583
0.133521	0.0429581
0.133544	0.0429579
0.133566	0.0429577
0.133589	0.0429575
0.133611	0.0429573
0.133633	0.0429572
0.133656	0.042957
0.133678	0.0429568
0.1337	0.0429567
0.133723	0.0429565
0.133745	0.0429564
0.133767	0.0429562
0.13379	0.0429561
0.133812	0.042956
0.133835	0.0429559
0.133857	0.0429558
0.133879	0.0429557
0.133902	0.0429556
0.133924	0.0429556
0.133946	0.0429556
0.133969	0.0429556
0.133991	0.0429556
0.134013	0.0429556
0.134036	0.0429556
0.134058	0.0429557
0.134081	0.0429557
0.134103	0.0429557
0.134125	0.0429558
0.134148	0.0429558
0.13417	0.0429559
0.134192	0.0429559
0.134215	0.042956
0.134237	0.0429561
0.134259	0.0429561
0.134282	0.0429562
0.134304	0.0429563
0.134326	0.0429564
0.134349	0.0429565
0.134371	0.0429567
0.134393	0.0429569
0.134416	0.0429571
0.134438	0.0429573
0.134461	0.0429575
0.134483	0.0429577
0.134505	0.0429579
0.134528	0.0429581
0.13455	0.0429584
0.134572	0.0429586
0.134595	0.0429589
0.134617	0.0429591
0.134639	0.0429594
0.134662	0.0429596
0.134684	0.0429599
0.134706	0.0429602
0.134729	0.0429605
0.134751	0.0429608
0.134773	0.0429611
0.134796	0.0429614
0.134818	0.0429617
0.134841	0.0429621
0.134863	0.0429625
0.134885	0.0429629
0.134908	0.0429633
0.13493	0.0429638
0.134952	0.0429642
0.134975	0.0429646
0.134997	0.0429651
0.135019	0.0429655
0.135042	0.042966
0.135064	0.0429664
0.135086	0.0429669
0.135109	0.0429674
0.135131	0.0429679
0.135153	0.0429684
0.135176	0.0429689
0.135198	0.0429694
0.13522	0.0429699
0.135243	0.0429705
0.135265	0.042971
0.135288	0.0429716
0.13531	0.0429722
0.135332	0.0429729
0.135355	0.0429735
0.135377	0.0429742
0.135399	0.0429748
0.135422	0.0429755
0.135444	0.0429761
0.135466	0.0429768
0.135489	0.0429774
0.135511	0.0429781
0.135533	0.0429788
0.135556	0.0429795
0.135578	0.0429802
0.1356	0.0429809
0.135623	0.0429816
0.135645	0.0429823
0.135667	0.0429831
0.13569	0.0429838
0.135712	0.0429846
0.135735	0.0429854
0.135757	0.0429862
0.135779	0.042987
0.135802	0.0429879
0.135824	0.0429887
0.135846	0.0429896
0.135869	0.0429904
0.135891	0.0429913
0.135913	0.0429922
0.135936	0.0429931
0.135958	0.042994
0.13598	0.0429948
0.136003	0.0429957
0.136025	0.0429967
0.136048	0.0429976
0.13607	0.0429985
0.136092	0.0429994
0.136115	0.0430004
0.136137	0.0430013
0.136159	0.0430023
0.136182	0.0430033
0.136204	0.0430043
0.136226	0.0430053
0.136249	0.0430063
0.136271	0.0430074
0.136293	0.0430084
0.136316	0.0430095
0.136338	0.0430106
0.136361	0.0430117
0.136383	0.0430128
0.136405	0.0430138
0.136428	0.043015
0.13645	0.0430161
0.136472	0.0430172
0.136495	0.0430183
0.136517	0.0430194
0.136539	0.0430206
0.136562	0.0430217
0.136584	0.0430229
0.136607	0.043024
0.136629	0.0430252
0.136651	0.0430264
0.136674	0.0430276
0.136696	0.0430289
0.136718	0.0430301
0.136741	0.0430314
0.136763	0.0430326
0.136785	0.0430339
0.136808	0.0430352
0.13683	0.0430365
0.136853	0.0430378
0.136875	0.0430391
0.136897	0.0430404
0.13692	0.0430418
0.136942	0.0430431
0.136964	0.0430444
0.136987	0.0430458
0.137009	0.0430472
0.137032	0.0430485
0.137054	0.0430499
0.137076	0.0430513
0.137099	0.0430527
0.137121	0.0430541
0.137143	0.0430555
0.137166	0.043057
0.137188	0.0430585
0.137211	0.04306
0.137233	0.0430615
0.137255	0.043063
0.137278	0.0430645
0.1373	0.043066
0.137322	0.0430675
0.137345	0.0430691
0.137367	0.0430706
0.13739	0.0430721
0.137412	0.0430737
0.137434	0.0430752
0.137457	0.0430768
0.137479	0.0430783
0.137502	0.0430799
0.137524	0.0430815
0.137546	0.043083
0.137569	0.0430846
0.137591	0.0430863
0.137613	0.0430879
0.137636	0.0430896
0.137658	0.0430912
0.137681	0.0430929
0.137703	0.0430946
0.137725	0.0430963
0.137748	0.043098
0.13777	0.0430998
0.137793	0.0431015
0.137815	0.0431032
0.137837	0.0431049
0.13786	0.0431066
0.137882	0.0431084
0.137905	0.0431101
0.137927	0.0431118
0.137949	0.0431136
0.137972	0.0431153
0.137994	0.0431171
0.138017	0.0431188
0.138039	0.0431206
0.138061	0.0431224
0.138084	0.0431242
0.138106	0.0431261
0.138129	0.0431279
0.138151	0.0431298
0.138173	0.0431316
0.138196	0.0431335
0.138218	0.0431354
0.138241	0.0431372
0.138263	0.0431391
0.138286	0.043141
0.138308	0.0431429
0.13833	0.0431448
0.138353	0.0431466
0.138375	0.0431485
0.138398	0.0431504
0.13842	0.0431523
0.138442	0.0431542
0.138465	0.0431561
0.138487	0.0431581
0.13851	0.04316
0.138532	0.043162
0.138555	0.0431639
0.138577	0.0431659
0.138599	0.0431679
0.138622	0.0431699
0.138644	0.0431719
0.138667	0.0431739
0.138689	0.0431759
0.138712	0.043178
0.138734	0.04318
0.138756	0.043182
0.138779	0.043184
0.138801	0.0431861
0.138824	0.0431881
0.138846	0.0431901
0.138869	0.0431921
0.138891	0.0431941
0.138913	0.0431962
0.138936	0.0431982
0.138958	0.0432003
0.138981	0.0432023
0.139003	0.0432044
0.139026	0.0432065
0.139048	0.0432086
0.139071	0.0432107
0.139093	0.0432128
0.139115	0.043215
0.139138	0.0432171
0.13916	0.0432192
0.139183	0.0432214
0.139205	0.0432235
0.139228	0.0432256
0.13925	0.0432278
0.139273	0.0432299
0.139295	0.043232
0.139318	0.0432342
0.13934	0.0432363
0.139362	0.0432384
0.139385	0.0432406
0.139407	0.0432427
0.13943	0.0432449
0.139452	0.043247
0.139475	0.0432492
0.139497	0.0432514
0.13952	0.0432536
0.139542	0.0432558
0.139565	0.043258
0.139587	0.0432602
0.13961	0.0432624
0.139632	0.0432646
0.139655	0.0432669
0.139677	0.0432691
0.139699	0.0432713
0.139722	0.0432735
0.139744	0.0432757
0.139767	0.043278
0.139789	0.0432802
0.139812	0.0432824
0.139834	0.0432846
0.139857	0.0432868
0.139879	0.0432891
0.139902	0.0432913
0.139924	0.0432935
0.139947	0.0432958
0.139969	0.0432981
0.139992	0.0433003
0.140014	0.0433026
0.140037	0.0433049
0.140059	0.0433072
0.140082	0.0433095
0.140104	0.0433118
0.140127	0.0433141
0.140149	0.0433164
0.140172	0.0433187
0.140194	0.043321
0.140217	0.0433232
0.140239	0.0433255
0.140262	0.0433278
0.140284	0.0433301
0.140307	0.0433282
0.140329	0.0433251
0.140352	0.0433221
0.140374	0.043319
0.140397	0.043316
0.140419	0.0433129
0.140442	0.0433099
0.140464	0.0433069
0.140487	0.0433039
0.140509	0.0433008
0.140532	0.0432978
0.140554	0.0432948
0.140577	0.0432918
0.140599	0.0432888
0.140621	0.0432858
0.140644	0.0432828
0.140666	0.0432797
0.140689	0.0432767
0.140711	0.0432737
0.140734	0.0432706
0.140756	0.0432676
0.140779	0.0432646
0.140801	0.0432615
0.140824	0.0432585
0.140846	0.0432555
0.140869	0.0432525
0.140891	0.0432495
0.140914	0.0432465
0.140936	0.0432435
0.140958	0.0432405
0.140981	0.0432375
0.141003	0.0432345
0.141026	0.0432316
0.141048	0.0432286
0.141071	0.0432256
0.141093	0.0432226
0.141116	0.0432197
0.141138	0.0432167
0.14116	0.0432137
0.141183	0.0432108
0.141205	0.0432078
0.141228	0.0432048
0.14125	0.0432018
0.141273	0.0431989
0.141295	0.0431959
0.141317	0.0431929
0.14134	0.04319
0.141362	0.0431871
0.141385	0.0431841
0.141407	0.0431812
0.14143	0.0431783
0.141452	0.0431754
0.141474	0.0431725
0.141497	0.0431696
0.141519	0.0431667
0.141542	0.0431639
0.141564	0.043161
0.141586	0.0431581
0.141609	0.0431552
0.141631	0.0431524
0.141654	0.0431495
0.141676	0.0431466
0.141698	0.0431438
0.141721	0.0431409
0.141743	0.0431381
0.141766	0.0431353
0.141788	0.0431325
0.14181	0.0431296
0.141833	0.0431269
0.141855	0.0431241
0.141878	0.0431213
0.1419	0.0431186
0.141922	0.0431158
0.141945	0.0431131
0.141967	0.0431104
0.141989	0.0431077
0.142012	0.043105
0.142034	0.0431023
0.142057	0.0430996
0.142079	0.0430969
0.142101	0.0430942
0.142124	0.0430915
0.142146	0.0430888
0.142168	0.0430862
0.142191	0.0430835
0.142213	0.0430809
0.142236	0.0430782
0.142258	0.0430756
0.14228	0.043073
0.142303	0.0430704
0.142325	0.0430678
0.142347	0.0430653
0.14237	0.0430627
0.142392	0.0430602
0.142414	0.0430577
0.142437	0.0430552
0.142459	0.0430527
0.142481	0.0430502
0.142504	0.0430477
0.142526	0.0430452
0.142548	0.0430428
0.142571	0.0430403
0.142593	0.0430379
0.142615	0.0430355
0.142638	0.043033
0.14266	0.0430306
0.142682	0.0430282
0.142705	0.0430259
0.142727	0.0430235
0.142749	0.0430211
0.142772	0.0430188
0.142794	0.0430165
0.142816	0.0430142
0.142839	0.0430119
0.142861	0.0430097
0.142883	0.0430075
0.142906	0.0430052
0.142928	0.043003
0.14295	0.0430008
0.142973	0.0429986
0.142995	0.0429965
0.143017	0.0429943
0.14304	0.0429922
0.143062	0.04299
0.143084	0.0429879
0.143106	0.0429858
0.143129	0.0429837
0.143151	0.0429816
0.143173	0.0429795
0.143196	0.0429775
0.143218	0.0429755
0.14324	0.0429735
0.143263	0.0429715
0.143285	0.0429695
0.143307	0.0429676
0.143329	0.0429656
0.143352	0.0429637
0.143374	0.0429618
0.143396	0.04296
0.143419	0.0429581
0.143441	0.0429563
0.143463	0.0429545
0.143485	0.0429527
0.143508	0.0429509
0.14353	0.0429491
0.143552	0.0429473
0.143575	0.0429456
0.143597	0.0429439
0.143619	0.0429422
0.143641	0.0429405
0.143664	0.0429388
0.143686	0.0429371
0.143708	0.0429355
0.14373	0.0429339
0.143753	0.0429323
0.143775	0.0429308
0.143797	0.0429293
0.14382	0.0429277
0.143842	0.0429262
0.143864	0.0429248
0.143886	0.0429233
0.143909	0.0429218
0.143931	0.0429204
0.143953	0.042919
0.143975	0.0429176
0.143998	0.0429162
0.14402	0.0429148
0.144042	0.0429134
0.144064	0.042912
0.144087	0.0429107
0.144109	0.0429093
0.144131	0.042908
0.144153	0.0429067
0.144176	0.0429054
0.144198	0.0429041
0.14422	0.0429029
0.144242	0.0429016
0.144265	0.0429004
0.144287	0.0428992
0.144309	0.042898
0.144331	0.0428968
0.144354	0.0428957
0.144376	0.0428945
0.144398	0.0428934
0.14442	0.0428922
0.144443	0.0428911
0.144465	0.04289
0.144487	0.042889
0.144509	0.0428879
0.144531	0.0428868
0.144554	0.0428857
0.144576	0.0428847
0.144598	0.0428837
0.14462	0.0428827
0.144643	0.0428817
0.144665	0.0428807
0.144687	0.0428797
0.144709	0.0428788
0.144731	0.0428779
0.144754	0.042877
0.144776	0.0428761
0.144798	0.0428752
0.14482	0.0428743
0.144843	0.0428735
0.144865	0.0428726
0.144887	0.0428718
0.144909	0.042871
0.144931	0.0428702
0.144954	0.0428694
0.144976	0.0428686
0.144998	0.0428679
0.14502	0.0428671
0.145042	0.0428664
0.145065	0.0428657
0.145087	0.042865
0.145109	0.0428643
0.145131	0.0428636
0.145154	0.0428629
0.145176	0.0428623
0.145198	0.0428617
0.14522	0.0428612
0.145242	0.0428606
0.145265	0.04286
0.145287	0.0428595
0.145309	0.042859
0.145331	0.0428585
0.145353	0.042858
0.145376	0.0428575
0.145398	0.042857
0.14542	0.0428565
0.145442	0.042856
0.145464	0.0428556
0.145487	0.0428551
0.145509	0.0428546
0.145531	0.0428542
0.145553	0.0428538
0.145575	0.0428534
0.145597	0.042853
0.14562	0.0428526
0.145642	0.0428522
0.145664	0.0428518
0.145686	0.0428515
0.145708	0.0428512
0.145731	0.0428508
0.145753	0.0428505
0.145775	0.0428502
0.145797	0.04285
0.145819	0.0428497
0.145842	0.0428494
0.145864	0.0428491
0.145886	0.0428489
0.145908	0.0428486
0.14593	0.0428483
0.145952	0.0428481
0.145975	0.0428478
0.145997	0.0428476
0.146019	0.0428474
0.146041	0.0428472
0.146063	0.042847
0.146086	0.0428468
0.146108	0.0428466
0.14613	0.0428465
0.146152	0.0428464
0.146174	0.0428462
0.146196	0.0428461
0.146219	0.042846
0.146241	0.042846
0.146263	0.0428459
0.146285	0.0428458
0.146307	0.0428458
0.146329	0.0428457
0.146352	0.0428456
0.146374	0.0428456
0.146396	0.0428455
0.146418	0.0428455
0.14644	0.0428454
0.146462	0.0428454
0.146485	0.0428454
0.146507	0.0428453
0.146529	0.0428453
0.146551	0.0428454
0.146573	0.0428454
0.146596	0.0428455
0.146618	0.0428455
0.14664	0.0428456
0.146662	0.0428457
0.146684	0.0428458
0.146706	0.0428459
0.146729	0.042846
0.146751	0.0428462
0.146773	0.0428463
0.146795	0.0428464
0.146817	0.0428466
0.146839	0.0428467
0.146862	0.0428469
0.146884	0.042847
0.146906	0.0428472
0.146928	0.0428474
0.14695	0.0428475
0.146972	0.0428477
0.146995	0.0428479
0.147017	0.0428481
0.147039	0.0428484
0.147061	0.0428486
0.147083	0.0428489
0.147105	0.0428492
0.147128	0.0428495
0.14715	0.0428498
0.147172	0.0428502
0.147194	0.0428505
0.147216	0.0428508
0.147238	0.0428512
0.147261	0.0428515
0.147283	0.0428519
0.147305	0.0428523
0.147327	0.0428526
0.147349	0.042853
0.147371	0.0428533
0.147393	0.0428537
0.147416	0.0428541
0.147438	0.0428545
0.14746	0.0428549
0.147482	0.0428553
0.147504	0.0428558
0.147526	0.0428563
0.147549	0.0428568
0.147571	0.0428573
0.147593	0.0428578
0.147615	0.0428584
0.147637	0.0428589
0.147659	0.0428594
0.147682	0.04286
0.147704	0.0428606
0.147726	0.0428611
0.147748	0.0428617
0.14777	0.0428623
0.147792	0.0428629
0.147815	0.0428634
0.147837	0.042864
0.147859	0.0428646
0.147881	0.0428652
0.147903	0.0428658
0.147925	0.0428664
0.147948	0.0428671
0.14797	0.0428678
0.147992	0.0428685
0.148014	0.0428692
0.148036	0.04287
0.148058	0.0428707
0.148081	0.0428715
0.148103	0.0428723
0.148125	0.0428731
0.148147	0.0428738
0.148169	0.0428746
0.148191	0.0428754
0.148214	0.0428763
0.148236	0.0428771
0.148258	0.0428779
0.14828	0.0428787
0.148302	0.0428795
0.148324	0.0428803
0.148347	0.0428812
0.148369	0.042882
0.148391	0.0428829
0.148413	0.0428838
0.148435	0.0428847
0.148458	0.0428856
0.14848	0.0428866
0.148502	0.0428876
0.148524	0.0428886
0.148546	0.0428895
0.148568	0.0428906
0.148591	0.0428916
0.148613	0.0428926
0.148635	0.0428936
0.148657	0.0428947
0.148679	0.0428957
0.148701	0.0428967
0.148724	0.0428978
0.148746	0.0428988
0.148768	0.0428999
0.14879	0.0429009
0.148812	0.042902
0.148835	0.0429031
0.148857	0.0429042
0.148879	0.0429054
0.148901	0.0429065
0.148923	0.0429077
0.148945	0.0429089
0.148968	0.0429101
0.14899	0.0429113
0.149012	0.0429126
0.149034	0.0429138
0.149056	0.0429151
0.149079	0.0429163
0.149101	0.0429176
0.149123	0.0429189
0.149145	0.0429202
0.149167	0.0429215
0.149189	0.0429228
0.149212	0.0429241
0.149234	0.0429254
0.149256	0.0429267
0.149278	0.042928
0.1493	0.0429293
0.149323	0.0429307
0.149345	0.0429321
0.149367	0.0429335
0.149389	0.0429349
0.149411	0.0429364
0.149434	0.0429378
0.149456	0.0429393
0.149478	0.0429408
0.1495	0.0429423
0.149522	0.0429438
0.149545	0.0429453
0.149567	0.0429468
0.149589	0.0429483
0.149611	0.0429498
0.149633	0.0429513
0.149656	0.0429529
0.149678	0.0429544
0.1497	0.0429559
0.149722	0.0429575
0.149744	0.042959
0.149767	0.0429606
0.149789	0.0429622
0.149811	0.0429638
0.149833	0.0429655
0.149856	0.0429671
0.149878	0.0429688
0.1499	0.0429705
0.149922	0.0429722
0.149944	0.0429739
0.149967	0.0429756
0.149989	0.0429773
