	2.28594e-05
0.100017	2.28583e-05
0.10004	2.28572e-05
0.100063	2.28561e-05
0.100086	2.28549e-05
0.100109	2.28538e-05
0.100132	2.28527e-05
0.100154	2.28516e-05
0.100177	2.28504e-05
0.1002	2.28493e-05
0.100223	2.28482e-05
0.100246	2.28471e-05
0.100269	2.2846e-05
0.100292	2.28448e-05
0.100314	2.28437e-05
0.100337	2.28426e-05
0.10036	2.28415e-05
0.100383	2.28404e-05
0.100406	2.28392e-05
0.100429	2.28381e-05
0.100451	2.2837e-05
0.100474	2.28359e-05
0.100497	2.28348e-05
0.10052	2.28337e-05
0.100543	2.28325e-05
0.100566	2.28314e-05
0.100588	2.28303e-05
0.100611	2.28292e-05
0.100634	2.28281e-05
0.100657	2.2827e-05
0.10068	2.28259e-05
0.100703	2.28248e-05
0.100725	2.28237e-05
0.100748	2.28226e-05
0.100771	2.28215e-05
0.100794	2.28204e-05
0.100817	2.28193e-05
0.10084	2.28182e-05
0.100862	2.28171e-05
0.100885	2.2816e-05
0.100908	2.28149e-05
0.100931	2.28138e-05
0.100954	2.28127e-05
0.100976	2.28116e-05
0.100999	2.28105e-05
0.101022	2.28094e-05
0.101045	2.28083e-05
0.101068	2.28072e-05
0.10109	2.28061e-05
0.101113	2.28051e-05
0.101136	2.2804e-05
0.101159	2.28029e-05
0.101182	2.28018e-05
0.101205	2.28007e-05
0.101227	2.27996e-05
0.10125	2.27986e-05
0.101273	2.27975e-05
0.101296	2.27964e-05
0.101319	2.27953e-05
0.101341	2.27943e-05
0.101364	2.27932e-05
0.101387	2.27921e-05
0.10141	2.2791e-05
0.101432	2.279e-05
0.101455	2.27889e-05
0.101478	2.27878e-05
0.101501	2.27868e-05
0.101524	2.27857e-05
0.101546	2.27847e-05
0.101569	2.27836e-05
0.101592	2.27825e-05
0.101615	2.27815e-05
0.101638	2.27804e-05
0.10166	2.27794e-05
0.101683	2.27783e-05
0.101706	2.27773e-05
0.101729	2.27762e-05
0.101751	2.27752e-05
0.101774	2.27742e-05
0.101797	2.27731e-05
0.10182	2.27721e-05
0.101843	2.2771e-05
0.101865	2.277e-05
0.101888	2.2769e-05
0.101911	2.27679e-05
0.101934	2.27669e-05
0.101956	2.27659e-05
0.101979	2.27649e-05
0.102002	2.27638e-05
0.102025	2.27628e-05
0.102047	2.27618e-05
0.10207	2.27608e-05
0.102093	2.27598e-05
0.102116	2.27587e-05
0.102138	2.27577e-05
0.102161	2.27567e-05
0.102184	2.27557e-05
0.102207	2.27547e-05
0.102229	2.27537e-05
0.102252	2.27527e-05
0.102275	2.27517e-05
0.102298	2.27507e-05
0.102321	2.27497e-05
0.102343	2.27487e-05
0.102366	2.27477e-05
0.102389	2.27468e-05
0.102411	2.27458e-05
0.102434	2.27448e-05
0.102457	2.27438e-05
0.10248	2.27428e-05
0.102502	2.27419e-05
0.102525	2.27409e-05
0.102548	2.27399e-05
0.102571	2.2739e-05
0.102593	2.2738e-05
0.102616	2.2737e-05
0.102639	2.27361e-05
0.102662	2.27351e-05
0.102684	2.27342e-05
0.102707	2.27332e-05
0.10273	2.27323e-05
0.102753	2.27313e-05
0.102775	2.27304e-05
0.102798	2.27294e-05
0.102821	2.27285e-05
0.102844	2.27276e-05
0.102866	2.27266e-05
0.102889	2.27257e-05
0.102912	2.27248e-05
0.102934	2.27239e-05
0.102957	2.27229e-05
0.10298	2.2722e-05
0.103003	2.27211e-05
0.103025	2.27202e-05
0.103048	2.27193e-05
0.103071	2.27184e-05
0.103093	2.27175e-05
0.103116	2.27165e-05
0.103139	2.27156e-05
0.103162	2.27148e-05
0.103184	2.27139e-05
0.103207	2.2713e-05
0.10323	2.27121e-05
0.103252	2.27112e-05
0.103275	2.27103e-05
0.103298	2.27094e-05
0.103321	2.27085e-05
0.103343	2.27077e-05
0.103366	2.27068e-05
0.103389	2.27059e-05
0.103411	2.27051e-05
0.103434	2.27042e-05
0.103457	2.27033e-05
0.10348	2.27025e-05
0.103502	2.27016e-05
0.103525	2.27008e-05
0.103548	2.26999e-05
0.10357	2.26991e-05
0.103593	2.26983e-05
0.103616	2.26974e-05
0.103638	2.26966e-05
0.103661	2.26958e-05
0.103684	2.26949e-05
0.103707	2.26941e-05
0.103729	2.26933e-05
0.103752	2.26925e-05
0.103775	2.26917e-05
0.103797	2.26909e-05
0.10382	2.26901e-05
0.103843	2.26893e-05
0.103865	2.26885e-05
0.103888	2.26877e-05
0.103911	2.26869e-05
0.103933	2.26861e-05
0.103956	2.26853e-05
0.103979	2.26845e-05
0.104001	2.26837e-05
0.104024	2.2683e-05
0.104047	2.26822e-05
0.10407	2.26814e-05
0.104092	2.26807e-05
0.104115	2.26799e-05
0.104138	2.26792e-05
0.10416	2.26784e-05
0.104183	2.26777e-05
0.104206	2.26769e-05
0.104228	2.26762e-05
0.104251	2.26754e-05
0.104274	2.26747e-05
0.104296	2.2674e-05
0.104319	2.26732e-05
0.104342	2.26725e-05
0.104364	2.26718e-05
0.104387	2.26711e-05
0.10441	2.26704e-05
0.104432	2.26697e-05
0.104455	2.2669e-05
0.104478	2.26683e-05
0.1045	2.26676e-05
0.104523	2.26669e-05
0.104546	2.26662e-05
0.104568	2.26655e-05
0.104591	2.26648e-05
0.104614	2.26642e-05
0.104636	2.26635e-05
0.104659	2.26628e-05
0.104682	2.26622e-05
0.104704	2.26615e-05
0.104727	2.26608e-05
0.10475	2.26602e-05
0.104772	2.26595e-05
0.104795	2.26589e-05
0.104818	2.26583e-05
0.10484	2.26576e-05
0.104863	2.2657e-05
0.104886	2.26564e-05
0.104908	2.26557e-05
0.104931	2.26551e-05
0.104954	2.26545e-05
0.104976	2.26539e-05
0.104999	2.26533e-05
0.105022	2.26527e-05
0.105044	2.26521e-05
0.105067	2.26515e-05
0.105089	2.26509e-05
0.105112	2.26503e-05
0.105135	2.26497e-05
0.105157	2.26491e-05
0.10518	2.26486e-05
0.105203	2.2648e-05
0.105225	2.26474e-05
0.105248	2.26469e-05
0.105271	2.26463e-05
0.105293	2.26457e-05
0.105316	2.26452e-05
0.105339	2.26446e-05
0.105361	2.26441e-05
0.105384	2.26436e-05
0.105407	2.2643e-05
0.105429	2.26425e-05
0.105452	2.2642e-05
0.105474	2.26415e-05
0.105497	2.26409e-05
0.10552	2.26404e-05
0.105542	2.26399e-05
0.105565	2.26394e-05
0.105588	2.26389e-05
0.10561	2.26384e-05
0.105633	2.26379e-05
0.105656	2.26375e-05
0.105678	2.2637e-05
0.105701	2.26365e-05
0.105724	2.2636e-05
0.105746	2.26356e-05
0.105769	2.26351e-05
0.105791	2.26346e-05
0.105814	2.26342e-05
0.105837	2.26337e-05
0.105859	2.26333e-05
0.105882	2.26328e-05
0.105905	2.26324e-05
0.105927	2.2632e-05
0.10595	2.26315e-05
0.105972	2.26311e-05
0.105995	2.26307e-05
0.106018	2.26303e-05
0.10604	2.26299e-05
0.106063	2.26295e-05
0.106086	2.26291e-05
0.106108	2.26287e-05
0.106131	2.26283e-05
0.106154	2.26279e-05
0.106176	2.26275e-05
0.106199	2.26271e-05
0.106221	2.26267e-05
0.106244	2.26264e-05
0.106267	2.2626e-05
0.106289	2.26256e-05
0.106312	2.26253e-05
0.106335	2.26249e-05
0.106357	2.26246e-05
0.10638	2.26243e-05
0.106402	2.26239e-05
0.106425	2.26236e-05
0.106448	2.26232e-05
0.10647	2.26229e-05
0.106493	2.26226e-05
0.106516	2.26223e-05
0.106538	2.2622e-05
0.106561	2.26217e-05
0.106583	2.26214e-05
0.106606	2.26211e-05
0.106629	2.26208e-05
0.106651	2.26205e-05
0.106674	2.26202e-05
0.106696	2.26199e-05
0.106719	2.26197e-05
0.106742	2.26194e-05
0.106764	2.26191e-05
0.106787	2.26189e-05
0.10681	2.26186e-05
0.106832	2.26184e-05
0.106855	2.26181e-05
0.106877	2.26179e-05
0.1069	2.26176e-05
0.106923	2.26174e-05
0.106945	2.26172e-05
0.106968	2.2617e-05
0.106991	2.26167e-05
0.107013	2.26165e-05
0.107036	2.26163e-05
0.107058	2.26161e-05
0.107081	2.26159e-05
0.107104	2.26157e-05
0.107126	2.26155e-05
0.107149	2.26153e-05
0.107171	2.26152e-05
0.107194	2.2615e-05
0.107217	2.26148e-05
0.107239	2.26146e-05
0.107262	2.26145e-05
0.107285	2.26143e-05
0.107307	2.26142e-05
0.10733	2.2614e-05
0.107352	2.26139e-05
0.107375	2.26137e-05
0.107398	2.26136e-05
0.10742	2.26135e-05
0.107443	2.26134e-05
0.107465	2.26132e-05
0.107488	2.26131e-05
0.107511	2.2613e-05
0.107533	2.26129e-05
0.107556	2.26128e-05
0.107579	2.26127e-05
0.107601	2.26126e-05
0.107624	2.26125e-05
0.107646	2.26124e-05
0.107669	2.26124e-05
0.107692	2.26123e-05
0.107714	2.26122e-05
0.107737	2.26122e-05
0.107759	2.26121e-05
0.107782	2.26121e-05
0.107805	2.2612e-05
0.107827	2.2612e-05
0.10785	2.26119e-05
0.107872	2.26119e-05
0.107895	2.26119e-05
0.107918	2.26118e-05
0.10794	2.26118e-05
0.107963	2.26118e-05
0.107986	2.26118e-05
0.108008	2.26118e-05
0.108031	2.26118e-05
0.108053	2.26118e-05
0.108076	2.26118e-05
0.108099	2.26118e-05
0.108121	2.26118e-05
0.108144	2.26118e-05
0.108166	2.26119e-05
0.108189	2.26119e-05
0.108212	2.26119e-05
0.108234	2.2612e-05
0.108257	2.2612e-05
0.108279	2.26121e-05
0.108302	2.26121e-05
0.108325	2.26122e-05
0.108347	2.26122e-05
0.10837	2.26123e-05
0.108393	2.26124e-05
0.108415	2.26125e-05
0.108438	2.26125e-05
0.10846	2.26126e-05
0.108483	2.26127e-05
0.108506	2.26128e-05
0.108528	2.26129e-05
0.108551	2.2613e-05
0.108573	2.26131e-05
0.108596	2.26132e-05
0.108619	2.26134e-05
0.108641	2.26135e-05
0.108664	2.26136e-05
0.108687	2.26137e-05
0.108709	2.26139e-05
0.108732	2.2614e-05
0.108754	2.26142e-05
0.108777	2.26143e-05
0.1088	2.26145e-05
0.108822	2.26146e-05
0.108845	2.26148e-05
0.108867	2.2615e-05
0.10889	2.26151e-05
0.108913	2.26153e-05
0.108935	2.26155e-05
0.108958	2.26157e-05
0.10898	2.26159e-05
0.109003	2.26161e-05
0.109026	2.26163e-05
0.109048	2.26165e-05
0.109071	2.26167e-05
0.109094	2.26169e-05
0.109116	2.26171e-05
0.109139	2.26173e-05
0.109161	2.26176e-05
0.109184	2.26178e-05
0.109207	2.2618e-05
0.109229	2.26183e-05
0.109252	2.26185e-05
0.109275	2.26188e-05
0.109297	2.2619e-05
0.10932	2.26193e-05
0.109342	2.26195e-05
0.109365	2.26198e-05
0.109388	2.26201e-05
0.10941	2.26204e-05
0.109433	2.26206e-05
0.109455	2.26209e-05
0.109478	2.26212e-05
0.109501	2.26215e-05
0.109523	2.26218e-05
0.109546	2.26221e-05
0.109569	2.26224e-05
0.109591	2.26227e-05
0.109614	2.2623e-05
0.109636	2.26233e-05
0.109659	2.26237e-05
0.109682	2.2624e-05
0.109704	2.26243e-05
0.109727	2.26247e-05
0.10975	2.2625e-05
0.109772	2.26254e-05
0.109795	2.26257e-05
0.109817	2.26261e-05
0.10984	2.26264e-05
0.109863	2.26268e-05
0.109885	2.26271e-05
0.109908	2.26275e-05
0.109931	2.26279e-05
0.109953	2.26283e-05
0.109976	2.26286e-05
0.109998	2.2629e-05
0.110021	2.26294e-05
0.110044	2.26298e-05
0.110066	2.26302e-05
0.110089	2.26306e-05
0.110112	2.2631e-05
0.110134	2.26314e-05
0.110157	2.26318e-05
0.11018	2.26322e-05
0.110202	2.26327e-05
0.110225	2.26331e-05
0.110247	2.26335e-05
0.11027	2.2634e-05
0.110293	2.26344e-05
0.110315	2.26348e-05
0.110338	2.26353e-05
0.110361	2.26357e-05
0.110383	2.26362e-05
0.110406	2.26366e-05
0.110428	2.26371e-05
0.110451	2.26376e-05
0.110474	2.2638e-05
0.110496	2.26385e-05
0.110519	2.2639e-05
0.110542	2.26395e-05
0.110564	2.26399e-05
0.110587	2.26404e-05
0.11061	2.26409e-05
0.110632	2.26414e-05
0.110655	2.26419e-05
0.110678	2.26424e-05
0.1107	2.26429e-05
0.110723	2.26434e-05
0.110745	2.26439e-05
0.110768	2.26444e-05
0.110791	2.2645e-05
0.110813	2.26455e-05
0.110836	2.2646e-05
0.110859	2.26465e-05
0.110881	2.26471e-05
0.110904	2.26476e-05
0.110927	2.26481e-05
0.110949	2.26487e-05
0.110972	2.26492e-05
0.110995	2.26498e-05
0.111017	2.26503e-05
0.11104	2.26509e-05
0.111063	2.26515e-05
0.111085	2.2652e-05
0.111108	2.26526e-05
0.11113	2.26532e-05
0.111153	2.26537e-05
0.111176	2.26543e-05
0.111198	2.26549e-05
0.111221	2.26555e-05
0.111244	2.26561e-05
0.111266	2.26566e-05
0.111289	2.26572e-05
0.111312	2.26578e-05
0.111334	2.26584e-05
0.111357	2.2659e-05
0.11138	2.26596e-05
0.111402	2.26602e-05
0.111425	2.26609e-05
0.111448	2.26615e-05
0.11147	2.26621e-05
0.111493	2.26627e-05
0.111516	2.26633e-05
0.111538	2.2664e-05
0.111561	2.26646e-05
0.111584	2.26652e-05
0.111606	2.26659e-05
0.111629	2.26665e-05
0.111652	2.26671e-05
0.111674	2.26678e-05
0.111697	2.26684e-05
0.11172	2.26691e-05
0.111742	2.26698e-05
0.111765	2.26704e-05
0.111788	2.26711e-05
0.11181	2.26717e-05
0.111833	2.26724e-05
0.111856	2.26731e-05
0.111878	2.26737e-05
0.111901	2.26744e-05
0.111924	2.26751e-05
0.111946	2.26758e-05
0.111969	2.26765e-05
0.111992	2.26771e-05
0.112014	2.26778e-05
0.112037	2.26785e-05
0.11206	2.26792e-05
0.112082	2.26799e-05
0.112105	2.26806e-05
0.112128	2.26813e-05
0.11215	2.2682e-05
0.112173	2.26827e-05
0.112196	2.26834e-05
0.112219	2.26841e-05
0.112241	2.26849e-05
0.112264	2.26856e-05
0.112287	2.26863e-05
0.112309	2.2687e-05
0.112332	2.26877e-05
0.112355	2.26885e-05
0.112377	2.26892e-05
0.1124	2.26899e-05
0.112423	2.26907e-05
0.112445	2.26914e-05
0.112468	2.26921e-05
0.112491	2.26929e-05
0.112513	2.26936e-05
0.112536	2.26944e-05
0.112559	2.26951e-05
0.112582	2.26959e-05
0.112604	2.26966e-05
0.112627	2.26974e-05
0.11265	2.26981e-05
0.112672	2.26989e-05
0.112695	2.26996e-05
0.112718	2.27004e-05
0.11274	2.27012e-05
0.112763	2.27019e-05
0.112786	2.27027e-05
0.112809	2.27035e-05
0.112831	2.27042e-05
0.112854	2.2705e-05
0.112877	2.27058e-05
0.112899	2.27065e-05
0.112922	2.27073e-05
0.112945	2.27081e-05
0.112967	2.27089e-05
0.11299	2.27097e-05
0.113013	2.27104e-05
0.113036	2.27112e-05
0.113058	2.2712e-05
0.113081	2.27128e-05
0.113104	2.27136e-05
0.113126	2.27144e-05
0.113149	2.27152e-05
0.113172	2.2716e-05
0.113195	2.27168e-05
0.113217	2.27176e-05
0.11324	2.27184e-05
0.113263	2.27192e-05
0.113285	2.272e-05
0.113308	2.27208e-05
0.113331	2.27216e-05
0.113354	2.27224e-05
0.113376	2.27232e-05
0.113399	2.2724e-05
0.113422	2.27248e-05
0.113445	2.27256e-05
0.113467	2.27264e-05
0.11349	2.27272e-05
0.113513	2.2728e-05
0.113535	2.27289e-05
0.113558	2.27297e-05
0.113581	2.27305e-05
0.113604	2.27313e-05
0.113626	2.27321e-05
0.113649	2.27329e-05
0.113672	2.27338e-05
0.113695	2.27346e-05
0.113717	2.27354e-05
0.11374	2.27362e-05
0.113763	2.2737e-05
0.113786	2.27379e-05
0.113808	2.27387e-05
0.113831	2.27377e-05
0.113854	2.27365e-05
0.113876	2.27352e-05
0.113899	2.2734e-05
0.113922	2.27328e-05
0.113945	2.27316e-05
0.113967	2.27303e-05
0.11399	2.27291e-05
0.114013	2.27279e-05
0.114036	2.27267e-05
0.114058	2.27255e-05
0.114081	2.27242e-05
0.114104	2.2723e-05
0.114126	2.27218e-05
0.114149	2.27206e-05
0.114172	2.27193e-05
0.114195	2.27181e-05
0.114217	2.27169e-05
0.11424	2.27157e-05
0.114263	2.27145e-05
0.114286	2.27132e-05
0.114308	2.2712e-05
0.114331	2.27108e-05
0.114354	2.27096e-05
0.114376	2.27084e-05
0.114399	2.27072e-05
0.114422	2.27059e-05
0.114444	2.27047e-05
0.114467	2.27035e-05
0.11449	2.27023e-05
0.114513	2.27011e-05
0.114535	2.26999e-05
0.114558	2.26987e-05
0.114581	2.26974e-05
0.114603	2.26962e-05
0.114626	2.2695e-05
0.114649	2.26938e-05
0.114671	2.26926e-05
0.114694	2.26914e-05
0.114717	2.26902e-05
0.11474	2.2689e-05
0.114762	2.26878e-05
0.114785	2.26866e-05
0.114808	2.26854e-05
0.11483	2.26842e-05
0.114853	2.2683e-05
0.114876	2.26818e-05
0.114898	2.26806e-05
0.114921	2.26794e-05
0.114944	2.26782e-05
0.114966	2.2677e-05
0.114989	2.26758e-05
0.115012	2.26746e-05
0.115034	2.26735e-05
0.115057	2.26723e-05
0.11508	2.26711e-05
0.115102	2.26699e-05
0.115125	2.26687e-05
0.115148	2.26675e-05
0.11517	2.26664e-05
0.115193	2.26652e-05
0.115216	2.2664e-05
0.115238	2.26628e-05
0.115261	2.26617e-05
0.115284	2.26605e-05
0.115306	2.26593e-05
0.115329	2.26581e-05
0.115352	2.2657e-05
0.115374	2.26558e-05
0.115397	2.26546e-05
0.11542	2.26535e-05
0.115442	2.26523e-05
0.115465	2.26512e-05
0.115488	2.265e-05
0.11551	2.26488e-05
0.115533	2.26477e-05
0.115556	2.26465e-05
0.115578	2.26454e-05
0.115601	2.26442e-05
0.115624	2.26431e-05
0.115646	2.2642e-05
0.115669	2.26408e-05
0.115691	2.26397e-05
0.115714	2.26385e-05
0.115737	2.26374e-05
0.115759	2.26363e-05
0.115782	2.26351e-05
0.115805	2.2634e-05
0.115827	2.26329e-05
0.11585	2.26317e-05
0.115873	2.26306e-05
0.115895	2.26295e-05
0.115918	2.26284e-05
0.11594	2.26273e-05
0.115963	2.26262e-05
0.115986	2.2625e-05
0.116008	2.26239e-05
0.116031	2.26228e-05
0.116054	2.26217e-05
0.116076	2.26206e-05
0.116099	2.26195e-05
0.116121	2.26184e-05
0.116144	2.26173e-05
0.116167	2.26162e-05
0.116189	2.26151e-05
0.116212	2.2614e-05
0.116235	2.2613e-05
0.116257	2.26119e-05
0.11628	2.26108e-05
0.116302	2.26097e-05
0.116325	2.26086e-05
0.116348	2.26076e-05
0.11637	2.26065e-05
0.116393	2.26054e-05
0.116415	2.26042e-05
0.116438	2.26031e-05
0.116461	2.2602e-05
0.116483	2.26009e-05
0.116506	2.25999e-05
0.116528	2.25988e-05
0.116551	2.25977e-05
0.116574	2.25966e-05
0.116596	2.25955e-05
0.116619	2.25944e-05
0.116641	2.25934e-05
0.116664	2.25923e-05
0.116687	2.25912e-05
0.116709	2.25902e-05
0.116732	2.25891e-05
0.116754	2.2588e-05
0.116777	2.2587e-05
0.1168	2.25859e-05
0.116822	2.25849e-05
0.116845	2.25838e-05
0.116867	2.25828e-05
0.11689	2.25818e-05
0.116912	2.25807e-05
0.116935	2.25797e-05
0.116958	2.25787e-05
0.11698	2.25777e-05
0.117003	2.25766e-05
0.117025	2.25756e-05
0.117048	2.25746e-05
0.11707	2.25736e-05
0.117093	2.25726e-05
0.117116	2.25716e-05
0.117138	2.25706e-05
0.117161	2.25696e-05
0.117183	2.25686e-05
0.117206	2.25677e-05
0.117228	2.25667e-05
0.117251	2.25657e-05
0.117274	2.25647e-05
0.117296	2.25638e-05
0.117319	2.25628e-05
0.117341	2.25618e-05
0.117364	2.25609e-05
0.117386	2.25599e-05
0.117409	2.2559e-05
0.117432	2.2558e-05
0.117454	2.25571e-05
0.117477	2.25562e-05
0.117499	2.25552e-05
0.117522	2.25543e-05
0.117544	2.25534e-05
0.117567	2.25525e-05
0.117589	2.25516e-05
0.117612	2.25506e-05
0.117635	2.25497e-05
0.117657	2.25488e-05
0.11768	2.25479e-05
0.117702	2.2547e-05
0.117725	2.25462e-05
0.117747	2.25453e-05
0.11777	2.25444e-05
0.117792	2.25435e-05
0.117815	2.25426e-05
0.117837	2.25418e-05
0.11786	2.25409e-05
0.117883	2.25401e-05
0.117905	2.25392e-05
0.117928	2.25384e-05
0.11795	2.25375e-05
0.117973	2.25367e-05
0.117995	2.25358e-05
0.118018	2.2535e-05
0.11804	2.25342e-05
0.118063	2.25334e-05
0.118085	2.25326e-05
0.118108	2.25317e-05
0.11813	2.25309e-05
0.118153	2.25301e-05
0.118175	2.25293e-05
0.118198	2.25285e-05
0.118221	2.25278e-05
0.118243	2.2527e-05
0.118266	2.25262e-05
0.118288	2.25254e-05
0.118311	2.25247e-05
0.118333	2.25239e-05
0.118356	2.25231e-05
0.118378	2.25224e-05
0.118401	2.25216e-05
0.118423	2.25209e-05
0.118446	2.25201e-05
0.118468	2.25194e-05
0.118491	2.25187e-05
0.118513	2.2518e-05
0.118536	2.25172e-05
0.118558	2.25165e-05
0.118581	2.25158e-05
0.118603	2.25151e-05
0.118626	2.25144e-05
0.118648	2.25137e-05
0.118671	2.2513e-05
0.118693	2.25123e-05
0.118716	2.25117e-05
0.118738	2.2511e-05
0.118761	2.25103e-05
0.118783	2.25097e-05
0.118806	2.2509e-05
0.118829	2.25083e-05
0.118851	2.25077e-05
0.118874	2.25071e-05
0.118896	2.25064e-05
0.118919	2.25058e-05
0.118941	2.25052e-05
0.118964	2.25045e-05
0.118986	2.25039e-05
0.119009	2.25033e-05
0.119031	2.25027e-05
0.119054	2.25021e-05
0.119076	2.25015e-05
0.119099	2.25009e-05
0.119121	2.25003e-05
0.119144	2.24998e-05
0.119166	2.24992e-05
0.119189	2.24986e-05
0.119211	2.2498e-05
0.119234	2.24975e-05
0.119256	2.24969e-05
0.119279	2.24964e-05
0.119301	2.24958e-05
0.119324	2.24953e-05
0.119346	2.24948e-05
0.119369	2.24943e-05
0.119391	2.24937e-05
0.119414	2.24932e-05
0.119436	2.24927e-05
0.119459	2.24922e-05
0.119481	2.24917e-05
0.119504	2.24912e-05
0.119526	2.24907e-05
0.119548	2.24903e-05
0.119571	2.24898e-05
0.119593	2.24893e-05
0.119616	2.24889e-05
0.119638	2.24884e-05
0.119661	2.24879e-05
0.119683	2.24875e-05
0.119706	2.24871e-05
0.119728	2.24866e-05
0.119751	2.24862e-05
0.119773	2.24858e-05
0.119796	2.24854e-05
0.119818	2.24849e-05
0.119841	2.24845e-05
0.119863	2.24841e-05
0.119886	2.24838e-05
0.119908	2.24834e-05
0.119931	2.2483e-05
0.119953	2.24826e-05
0.119976	2.24822e-05
0.119998	2.24819e-05
0.120021	2.24815e-05
0.120043	2.24812e-05
0.120066	2.24808e-05
0.120088	2.24805e-05
0.120111	2.24801e-05
0.120133	2.24798e-05
0.120156	2.24795e-05
0.120178	2.24792e-05
0.120201	2.24789e-05
0.120223	2.24786e-05
0.120245	2.24783e-05
0.120268	2.2478e-05
0.12029	2.24777e-05
0.120313	2.24774e-05
0.120335	2.24771e-05
0.120358	2.24769e-05
0.12038	2.24766e-05
0.120403	2.24763e-05
0.120425	2.24761e-05
0.120448	2.24758e-05
0.12047	2.24756e-05
0.120493	2.24754e-05
0.120515	2.24751e-05
0.120538	2.24749e-05
0.12056	2.24747e-05
0.120583	2.24745e-05
0.120605	2.24743e-05
0.120628	2.24741e-05
0.12065	2.24739e-05
0.120673	2.24737e-05
0.120695	2.24735e-05
0.120717	2.24733e-05
0.12074	2.24732e-05
0.120762	2.2473e-05
0.120785	2.24729e-05
0.120807	2.24727e-05
0.12083	2.24726e-05
0.120852	2.24724e-05
0.120875	2.24723e-05
0.120897	2.24722e-05
0.12092	2.2472e-05
0.120942	2.24719e-05
0.120965	2.24718e-05
0.120987	2.24717e-05
0.12101	2.24716e-05
0.121032	2.24715e-05
0.121055	2.24714e-05
0.121077	2.24714e-05
0.1211	2.24713e-05
0.121122	2.24712e-05
0.121144	2.24711e-05
0.121167	2.24711e-05
0.121189	2.2471e-05
0.121212	2.2471e-05
0.121234	2.2471e-05
0.121257	2.24709e-05
0.121279	2.24709e-05
0.121302	2.24709e-05
0.121324	2.24709e-05
0.121347	2.24709e-05
0.121369	2.24709e-05
0.121392	2.24709e-05
0.121414	2.24709e-05
0.121437	2.24709e-05
0.121459	2.24709e-05
0.121482	2.24709e-05
0.121504	2.2471e-05
0.121526	2.2471e-05
0.121549	2.24711e-05
0.121571	2.24711e-05
0.121594	2.24712e-05
0.121616	2.24712e-05
0.121639	2.24713e-05
0.121661	2.24714e-05
0.121684	2.24715e-05
0.121706	2.24716e-05
0.121729	2.24717e-05
0.121751	2.24718e-05
0.121774	2.24719e-05
0.121796	2.2472e-05
0.121819	2.24721e-05
0.121841	2.24722e-05
0.121864	2.24724e-05
0.121886	2.24725e-05
0.121908	2.24726e-05
0.121931	2.24728e-05
0.121953	2.24729e-05
0.121976	2.24731e-05
0.121998	2.24733e-05
0.122021	2.24734e-05
0.122043	2.24736e-05
0.122066	2.24738e-05
0.122088	2.2474e-05
0.122111	2.24742e-05
0.122133	2.24744e-05
0.122156	2.24746e-05
0.122178	2.24748e-05
0.122201	2.2475e-05
0.122223	2.24753e-05
0.122246	2.24755e-05
0.122268	2.24757e-05
0.122291	2.2476e-05
0.122313	2.24762e-05
0.122335	2.24765e-05
0.122358	2.24767e-05
0.12238	2.2477e-05
0.122403	2.24773e-05
0.122425	2.24776e-05
0.122448	2.24778e-05
0.12247	2.24781e-05
0.122493	2.24784e-05
0.122515	2.24787e-05
0.122538	2.2479e-05
0.12256	2.24794e-05
0.122583	2.24797e-05
0.122605	2.248e-05
0.122628	2.24803e-05
0.12265	2.24807e-05
0.122673	2.2481e-05
0.122695	2.24814e-05
0.122718	2.24817e-05
0.12274	2.24821e-05
0.122763	2.24824e-05
0.122785	2.24828e-05
0.122808	2.24832e-05
0.12283	2.24836e-05
0.122853	2.2484e-05
0.122875	2.24844e-05
0.122897	2.24847e-05
0.12292	2.24852e-05
0.122942	2.24856e-05
0.122965	2.2486e-05
0.122987	2.24864e-05
0.12301	2.24868e-05
0.123032	2.24873e-05
0.123055	2.24877e-05
0.123077	2.24881e-05
0.1231	2.24886e-05
0.123122	2.24891e-05
0.123145	2.24895e-05
0.123167	2.249e-05
0.12319	2.24905e-05
0.123212	2.24909e-05
0.123235	2.24914e-05
0.123257	2.24919e-05
0.12328	2.24924e-05
0.123302	2.24929e-05
0.123325	2.24934e-05
0.123347	2.24939e-05
0.12337	2.24944e-05
0.123392	2.24949e-05
0.123415	2.24955e-05
0.123437	2.2496e-05
0.12346	2.24965e-05
0.123482	2.24971e-05
0.123505	2.24976e-05
0.123527	2.24982e-05
0.12355	2.24987e-05
0.123572	2.24993e-05
0.123595	2.24998e-05
0.123617	2.25003e-05
0.12364	2.25009e-05
0.123662	2.25014e-05
0.123685	2.2502e-05
0.123707	2.25026e-05
0.12373	2.25031e-05
0.123752	2.25037e-05
0.123775	2.25043e-05
0.123797	2.25049e-05
0.12382	2.25054e-05
0.123842	2.2506e-05
0.123865	2.25066e-05
0.123887	2.25072e-05
0.12391	2.25078e-05
0.123932	2.25084e-05
0.123955	2.25091e-05
0.123977	2.25097e-05
0.124	2.25103e-05
0.124022	2.25109e-05
0.124045	2.25116e-05
0.124067	2.25122e-05
0.12409	2.25129e-05
0.124112	2.25135e-05
0.124135	2.25142e-05
0.124157	2.25148e-05
0.12418	2.25155e-05
0.124202	2.25162e-05
0.124225	2.25168e-05
0.124247	2.25175e-05
0.12427	2.25182e-05
0.124292	2.25189e-05
0.124315	2.25196e-05
0.124338	2.25203e-05
0.12436	2.2521e-05
0.124383	2.25217e-05
0.124405	2.25224e-05
0.124428	2.25231e-05
0.12445	2.25238e-05
0.124473	2.25245e-05
0.124495	2.25253e-05
0.124518	2.2526e-05
0.12454	2.25267e-05
0.124563	2.25275e-05
0.124585	2.25282e-05
0.124608	2.2529e-05
0.12463	2.25297e-05
0.124653	2.25305e-05
0.124675	2.25312e-05
0.124698	2.2532e-05
0.12472	2.25328e-05
0.124743	2.25335e-05
0.124766	2.25343e-05
0.124788	2.25351e-05
0.124811	2.25359e-05
0.124833	2.25367e-05
0.124856	2.25375e-05
0.124878	2.25383e-05
0.124901	2.25391e-05
0.124923	2.25399e-05
0.124946	2.25407e-05
0.124968	2.25415e-05
0.124991	2.25424e-05
0.125013	2.25432e-05
0.125036	2.2544e-05
0.125059	2.25448e-05
0.125081	2.25457e-05
0.125104	2.25465e-05
0.125126	2.25474e-05
0.125149	2.25482e-05
0.125171	2.25491e-05
0.125194	2.25499e-05
0.125216	2.25508e-05
0.125239	2.25516e-05
0.125261	2.25525e-05
0.125284	2.25534e-05
0.125307	2.25543e-05
0.125329	2.25552e-05
0.125352	2.2556e-05
0.125374	2.25569e-05
0.125397	2.25578e-05
0.125419	2.25587e-05
0.125442	2.25596e-05
0.125464	2.25605e-05
0.125487	2.25614e-05
0.12551	2.25623e-05
0.125532	2.25633e-05
0.125555	2.25642e-05
0.125577	2.25651e-05
0.1256	2.2566e-05
0.125622	2.25669e-05
0.125645	2.25679e-05
0.125668	2.25688e-05
0.12569	2.25697e-05
0.125713	2.25707e-05
0.125735	2.25716e-05
0.125758	2.25725e-05
0.12578	2.25735e-05
0.125803	2.25744e-05
0.125826	2.25754e-05
0.125848	2.25763e-05
0.125871	2.25773e-05
0.125893	2.25782e-05
0.125916	2.25792e-05
0.125938	2.25802e-05
0.125961	2.25811e-05
0.125984	2.25821e-05
0.126006	2.25831e-05
0.126029	2.2584e-05
0.126051	2.2585e-05
0.126074	2.2586e-05
0.126097	2.2587e-05
0.126119	2.2588e-05
0.126142	2.2589e-05
0.126164	2.259e-05
0.126187	2.2591e-05
0.126209	2.2592e-05
0.126232	2.2593e-05
0.126255	2.2594e-05
0.126277	2.2595e-05
0.1263	2.2596e-05
0.126322	2.2597e-05
0.126345	2.2598e-05
0.126368	2.2599e-05
0.12639	2.26001e-05
0.126413	2.26011e-05
0.126435	2.26021e-05
0.126458	2.26031e-05
0.126481	2.26042e-05
0.126503	2.26052e-05
0.126526	2.26062e-05
0.126548	2.26073e-05
0.126571	2.26083e-05
0.126594	2.26093e-05
0.126616	2.26104e-05
0.126639	2.26114e-05
0.126662	2.26125e-05
0.126684	2.26135e-05
0.126707	2.26146e-05
0.126729	2.26156e-05
0.126752	2.26167e-05
0.126775	2.26177e-05
0.126797	2.26188e-05
0.12682	2.26199e-05
0.126842	2.26209e-05
0.126865	2.2622e-05
0.126888	2.26231e-05
0.12691	2.26241e-05
0.126933	2.26252e-05
0.126956	2.26263e-05
0.126978	2.26273e-05
0.127001	2.26284e-05
0.127023	2.26295e-05
0.127046	2.26306e-05
0.127069	2.26317e-05
0.127091	2.26327e-05
0.127114	2.26338e-05
0.127137	2.26349e-05
0.127159	2.2636e-05
0.127182	2.26371e-05
0.127205	2.26382e-05
0.127227	2.26393e-05
0.12725	2.264e-05
0.127272	2.26386e-05
0.127295	2.26373e-05
0.127318	2.26359e-05
0.12734	2.26345e-05
0.127363	2.26331e-05
0.127386	2.26318e-05
0.127408	2.26304e-05
0.127431	2.2629e-05
0.127453	2.26276e-05
0.127476	2.26263e-05
0.127499	2.26249e-05
0.127521	2.26235e-05
0.127544	2.26222e-05
0.127567	2.26208e-05
0.127589	2.26194e-05
0.127612	2.26181e-05
0.127634	2.26167e-05
0.127657	2.26153e-05
0.12768	2.2614e-05
0.127702	2.26126e-05
0.127725	2.26113e-05
0.127748	2.26099e-05
0.12777	2.26085e-05
0.127793	2.26072e-05
0.127815	2.26058e-05
0.127838	2.26045e-05
0.127861	2.26031e-05
0.127883	2.26018e-05
0.127906	2.26004e-05
0.127928	2.2599e-05
0.127951	2.25977e-05
0.127974	2.25963e-05
0.127996	2.2595e-05
0.128019	2.25936e-05
0.128041	2.25923e-05
0.128064	2.25909e-05
0.128087	2.25896e-05
0.128109	2.25882e-05
0.128132	2.25869e-05
0.128154	2.25855e-05
0.128177	2.25842e-05
0.128199	2.25829e-05
0.128222	2.25815e-05
0.128245	2.25802e-05
0.128267	2.25789e-05
0.12829	2.25775e-05
0.128312	2.25762e-05
0.128335	2.25749e-05
0.128358	2.25735e-05
0.12838	2.25722e-05
0.128403	2.25709e-05
0.128425	2.25696e-05
0.128448	2.25682e-05
0.12847	2.25669e-05
0.128493	2.25656e-05
0.128516	2.25643e-05
0.128538	2.2563e-05
0.128561	2.25617e-05
0.128583	2.25604e-05
0.128606	2.25591e-05
0.128628	2.25578e-05
0.128651	2.25565e-05
0.128673	2.25552e-05
0.128696	2.25539e-05
0.128719	2.25526e-05
0.128741	2.25513e-05
0.128764	2.255e-05
0.128786	2.25487e-05
0.128809	2.25474e-05
0.128831	2.25461e-05
0.128854	2.25448e-05
0.128876	2.25436e-05
0.128899	2.25423e-05
0.128921	2.2541e-05
0.128944	2.25397e-05
0.128967	2.25385e-05
0.128989	2.25372e-05
0.129012	2.25359e-05
0.129034	2.25347e-05
0.129057	2.25334e-05
0.129079	2.25321e-05
0.129102	2.25309e-05
0.129124	2.25296e-05
0.129147	2.25284e-05
0.129169	2.25271e-05
0.129192	2.25259e-05
0.129214	2.25247e-05
0.129237	2.25234e-05
0.129259	2.25222e-05
0.129282	2.2521e-05
0.129305	2.25197e-05
0.129327	2.25185e-05
0.12935	2.25173e-05
0.129372	2.25161e-05
0.129395	2.25149e-05
0.129417	2.25136e-05
0.12944	2.25124e-05
0.129462	2.25112e-05
0.129485	2.251e-05
0.129507	2.25088e-05
0.12953	2.25076e-05
0.129552	2.25065e-05
0.129575	2.25053e-05
0.129597	2.25041e-05
0.12962	2.25029e-05
0.129642	2.25017e-05
0.129665	2.25006e-05
0.129687	2.24994e-05
0.12971	2.24982e-05
0.129732	2.24971e-05
0.129755	2.24959e-05
0.129777	2.24948e-05
0.1298	2.24936e-05
0.129822	2.24925e-05
0.129845	2.24913e-05
0.129867	2.24902e-05
0.12989	2.24891e-05
0.129912	2.24879e-05
0.129935	2.24868e-05
0.129957	2.24857e-05
0.12998	2.24846e-05
0.130002	2.24835e-05
0.130025	2.24823e-05
0.130047	2.24812e-05
0.13007	2.24801e-05
0.130092	2.2479e-05
0.130114	2.2478e-05
0.130137	2.24769e-05
0.130159	2.24758e-05
0.130182	2.24747e-05
0.130204	2.24736e-05
0.130227	2.24725e-05
0.130249	2.24715e-05
0.130272	2.24704e-05
0.130294	2.24694e-05
0.130317	2.24683e-05
0.130339	2.24673e-05
0.130362	2.24662e-05
0.130384	2.24652e-05
0.130407	2.24641e-05
0.130429	2.24631e-05
0.130452	2.24621e-05
0.130474	2.24611e-05
0.130496	2.246e-05
0.130519	2.2459e-05
0.130541	2.2458e-05
0.130564	2.2457e-05
0.130586	2.2456e-05
0.130609	2.2455e-05
0.130631	2.24541e-05
0.130654	2.24531e-05
0.130676	2.24521e-05
0.130699	2.24511e-05
0.130721	2.24502e-05
0.130743	2.24492e-05
0.130766	2.24482e-05
0.130788	2.24473e-05
0.130811	2.24464e-05
0.130833	2.24454e-05
0.130856	2.24445e-05
0.130878	2.24435e-05
0.130901	2.24426e-05
0.130923	2.24417e-05
0.130945	2.24408e-05
0.130968	2.24399e-05
0.13099	2.2439e-05
0.131013	2.24381e-05
0.131035	2.24372e-05
0.131058	2.24363e-05
0.13108	2.24354e-05
0.131103	2.24345e-05
0.131125	2.24337e-05
0.131147	2.24328e-05
0.13117	2.24319e-05
0.131192	2.24311e-05
0.131215	2.24302e-05
0.131237	2.24294e-05
0.13126	2.24286e-05
0.131282	2.24277e-05
0.131304	2.24269e-05
0.131327	2.24261e-05
0.131349	2.24253e-05
0.131372	2.24245e-05
0.131394	2.24236e-05
0.131417	2.24228e-05
0.131439	2.24221e-05
0.131461	2.24213e-05
0.131484	2.24205e-05
0.131506	2.24197e-05
0.131529	2.24189e-05
0.131551	2.24182e-05
0.131573	2.24174e-05
0.131596	2.24167e-05
0.131618	2.24159e-05
0.131641	2.24152e-05
0.131663	2.24144e-05
0.131686	2.24137e-05
0.131708	2.2413e-05
0.13173	2.24123e-05
0.131753	2.24116e-05
0.131775	2.24109e-05
0.131798	2.24102e-05
0.13182	2.24095e-05
0.131842	2.24088e-05
0.131865	2.24081e-05
0.131887	2.24074e-05
0.13191	2.24067e-05
0.131932	2.24061e-05
0.131954	2.24054e-05
0.131977	2.24048e-05
0.131999	2.24041e-05
0.132022	2.24035e-05
0.132044	2.24029e-05
0.132067	2.24022e-05
0.132089	2.24016e-05
0.132111	2.2401e-05
0.132134	2.24004e-05
0.132156	2.23998e-05
0.132179	2.23992e-05
0.132201	2.23986e-05
0.132223	2.2398e-05
0.132246	2.23975e-05
0.132268	2.23969e-05
0.132291	2.23963e-05
0.132313	2.23958e-05
0.132335	2.23952e-05
0.132358	2.23947e-05
0.13238	2.23942e-05
0.132402	2.23936e-05
0.132425	2.23931e-05
0.132447	2.23926e-05
0.13247	2.23921e-05
0.132492	2.23916e-05
0.132514	2.23911e-05
0.132537	2.23906e-05
0.132559	2.23901e-05
0.132582	2.23896e-05
0.132604	2.23892e-05
0.132626	2.23887e-05
0.132649	2.23883e-05
0.132671	2.23878e-05
0.132694	2.23874e-05
0.132716	2.23868e-05
0.132738	2.23861e-05
0.132761	2.23854e-05
0.132783	2.23847e-05
0.132805	2.23841e-05
0.132828	2.23834e-05
0.13285	2.23827e-05
0.132873	2.23821e-05
0.132895	2.23815e-05
0.132917	2.23808e-05
0.13294	2.23802e-05
0.132962	2.23796e-05
0.132985	2.2379e-05
0.133007	2.23783e-05
0.133029	2.23777e-05
0.133052	2.23771e-05
0.133074	2.23766e-05
0.133096	2.2376e-05
0.133119	2.23754e-05
0.133141	2.23748e-05
0.133164	2.23742e-05
0.133186	2.23737e-05
0.133208	2.23731e-05
0.133231	2.23726e-05
0.133253	2.2372e-05
0.133275	2.23715e-05
0.133298	2.2371e-05
0.13332	2.23705e-05
0.133343	2.23699e-05
0.133365	2.23694e-05
0.133387	2.23689e-05
0.13341	2.23684e-05
0.133432	2.2368e-05
0.133454	2.23675e-05
0.133477	2.2367e-05
0.133499	2.23665e-05
0.133521	2.23661e-05
0.133544	2.23656e-05
0.133566	2.23652e-05
0.133589	2.23647e-05
0.133611	2.23643e-05
0.133633	2.23638e-05
0.133656	2.23634e-05
0.133678	2.2363e-05
0.1337	2.23626e-05
0.133723	2.23622e-05
0.133745	2.23618e-05
0.133767	2.23614e-05
0.13379	2.2361e-05
0.133812	2.23606e-05
0.133835	2.23603e-05
0.133857	2.23599e-05
0.133879	2.23595e-05
0.133902	2.23592e-05
0.133924	2.23588e-05
0.133946	2.23585e-05
0.133969	2.23582e-05
0.133991	2.23578e-05
0.134013	2.23575e-05
0.134036	2.23572e-05
0.134058	2.23569e-05
0.134081	2.23566e-05
0.134103	2.23563e-05
0.134125	2.2356e-05
0.134148	2.23557e-05
0.13417	2.23555e-05
0.134192	2.23552e-05
0.134215	2.23549e-05
0.134237	2.23547e-05
0.134259	2.23545e-05
0.134282	2.23542e-05
0.134304	2.2354e-05
0.134326	2.23538e-05
0.134349	2.23535e-05
0.134371	2.23533e-05
0.134393	2.23531e-05
0.134416	2.23529e-05
0.134438	2.23527e-05
0.134461	2.23525e-05
0.134483	2.23524e-05
0.134505	2.23522e-05
0.134528	2.2352e-05
0.13455	2.23519e-05
0.134572	2.23517e-05
0.134595	2.23516e-05
0.134617	2.23514e-05
0.134639	2.23513e-05
0.134662	2.23512e-05
0.134684	2.23511e-05
0.134706	2.23509e-05
0.134729	2.23508e-05
0.134751	2.23507e-05
0.134773	2.23507e-05
0.134796	2.23506e-05
0.134818	2.23505e-05
0.134841	2.23504e-05
0.134863	2.23504e-05
0.134885	2.23503e-05
0.134908	2.23502e-05
0.13493	2.23502e-05
0.134952	2.23502e-05
0.134975	2.23501e-05
0.134997	2.23501e-05
0.135019	2.23501e-05
0.135042	2.23501e-05
0.135064	2.23501e-05
0.135086	2.23501e-05
0.135109	2.23501e-05
0.135131	2.23501e-05
0.135153	2.23501e-05
0.135176	2.23501e-05
0.135198	2.23502e-05
0.13522	2.23502e-05
0.135243	2.23503e-05
0.135265	2.23503e-05
0.135288	2.23504e-05
0.13531	2.23505e-05
0.135332	2.23505e-05
0.135355	2.23506e-05
0.135377	2.23507e-05
0.135399	2.23508e-05
0.135422	2.23509e-05
0.135444	2.2351e-05
0.135466	2.23511e-05
0.135489	2.23512e-05
0.135511	2.23514e-05
0.135533	2.23515e-05
0.135556	2.23516e-05
0.135578	2.23518e-05
0.1356	2.2352e-05
0.135623	2.23521e-05
0.135645	2.23523e-05
0.135667	2.23525e-05
0.13569	2.23526e-05
0.135712	2.23528e-05
0.135735	2.2353e-05
0.135757	2.23532e-05
0.135779	2.23534e-05
0.135802	2.23536e-05
0.135824	2.23539e-05
0.135846	2.23541e-05
0.135869	2.23543e-05
0.135891	2.23545e-05
0.135913	2.23548e-05
0.135936	2.2355e-05
0.135958	2.23553e-05
0.13598	2.23556e-05
0.136003	2.23558e-05
0.136025	2.23561e-05
0.136048	2.23564e-05
0.13607	2.23567e-05
0.136092	2.2357e-05
0.136115	2.23573e-05
0.136137	2.23576e-05
0.136159	2.23579e-05
0.136182	2.23582e-05
0.136204	2.23586e-05
0.136226	2.23589e-05
0.136249	2.23592e-05
0.136271	2.23596e-05
0.136293	2.23599e-05
0.136316	2.23603e-05
0.136338	2.23606e-05
0.136361	2.2361e-05
0.136383	2.23614e-05
0.136405	2.23618e-05
0.136428	2.23622e-05
0.13645	2.23626e-05
0.136472	2.2363e-05
0.136495	2.23634e-05
0.136517	2.23638e-05
0.136539	2.23642e-05
0.136562	2.23646e-05
0.136584	2.23651e-05
0.136607	2.23655e-05
0.136629	2.23659e-05
0.136651	2.23664e-05
0.136674	2.23669e-05
0.136696	2.23673e-05
0.136718	2.23678e-05
0.136741	2.23683e-05
0.136763	2.23687e-05
0.136785	2.23692e-05
0.136808	2.23697e-05
0.13683	2.23702e-05
0.136853	2.23707e-05
0.136875	2.23712e-05
0.136897	2.23718e-05
0.13692	2.23723e-05
0.136942	2.23728e-05
0.136964	2.23733e-05
0.136987	2.23739e-05
0.137009	2.23744e-05
0.137032	2.2375e-05
0.137054	2.23755e-05
0.137076	2.23761e-05
0.137099	2.23767e-05
0.137121	2.23773e-05
0.137143	2.23778e-05
0.137166	2.23784e-05
0.137188	2.2379e-05
0.137211	2.23796e-05
0.137233	2.23802e-05
0.137255	2.23808e-05
0.137278	2.23814e-05
0.1373	2.2382e-05
0.137322	2.23827e-05
0.137345	2.23833e-05
0.137367	2.23839e-05
0.13739	2.23846e-05
0.137412	2.23852e-05
0.137434	2.23859e-05
0.137457	2.23865e-05
0.137479	2.23872e-05
0.137502	2.23879e-05
0.137524	2.23885e-05
0.137546	2.23892e-05
0.137569	2.23899e-05
0.137591	2.23906e-05
0.137613	2.23913e-05
0.137636	2.2392e-05
0.137658	2.23927e-05
0.137681	2.23934e-05
0.137703	2.23941e-05
0.137725	2.23948e-05
0.137748	2.23955e-05
0.13777	2.23963e-05
0.137793	2.2397e-05
0.137815	2.23977e-05
0.137837	2.23985e-05
0.13786	2.23992e-05
0.137882	2.24e-05
0.137905	2.24007e-05
0.137927	2.24015e-05
0.137949	2.24023e-05
0.137972	2.2403e-05
0.137994	2.24038e-05
0.138017	2.24046e-05
0.138039	2.24054e-05
0.138061	2.24062e-05
0.138084	2.2407e-05
0.138106	2.24078e-05
0.138129	2.24086e-05
0.138151	2.24094e-05
0.138173	2.24102e-05
0.138196	2.2411e-05
0.138218	2.24118e-05
0.138241	2.24127e-05
0.138263	2.24135e-05
0.138286	2.24143e-05
0.138308	2.24152e-05
0.13833	2.2416e-05
0.138353	2.24169e-05
0.138375	2.24177e-05
0.138398	2.24186e-05
0.13842	2.24194e-05
0.138442	2.24203e-05
0.138465	2.24212e-05
0.138487	2.24221e-05
0.13851	2.24229e-05
0.138532	2.24238e-05
0.138555	2.24247e-05
0.138577	2.24256e-05
0.138599	2.24265e-05
0.138622	2.24274e-05
0.138644	2.24283e-05
0.138667	2.24292e-05
0.138689	2.24301e-05
0.138712	2.2431e-05
0.138734	2.24319e-05
0.138756	2.24329e-05
0.138779	2.24338e-05
0.138801	2.24347e-05
0.138824	2.24356e-05
0.138846	2.24366e-05
0.138869	2.24375e-05
0.138891	2.24385e-05
0.138913	2.24394e-05
0.138936	2.24404e-05
0.138958	2.24413e-05
0.138981	2.24423e-05
0.139003	2.24432e-05
0.139026	2.24442e-05
0.139048	2.24452e-05
0.139071	2.24461e-05
0.139093	2.24471e-05
0.139115	2.24481e-05
0.139138	2.24491e-05
0.13916	2.24501e-05
0.139183	2.2451e-05
0.139205	2.2452e-05
0.139228	2.2453e-05
0.13925	2.2454e-05
0.139273	2.2455e-05
0.139295	2.2456e-05
0.139318	2.2457e-05
0.13934	2.2458e-05
0.139362	2.2459e-05
0.139385	2.24601e-05
0.139407	2.24611e-05
0.13943	2.24621e-05
0.139452	2.24631e-05
0.139475	2.24641e-05
0.139497	2.24652e-05
0.13952	2.24662e-05
0.139542	2.24672e-05
0.139565	2.24683e-05
0.139587	2.24693e-05
0.13961	2.24703e-05
0.139632	2.24714e-05
0.139655	2.24724e-05
0.139677	2.24735e-05
0.139699	2.24745e-05
0.139722	2.24756e-05
0.139744	2.24766e-05
0.139767	2.24777e-05
0.139789	2.24787e-05
0.139812	2.24798e-05
0.139834	2.24809e-05
0.139857	2.24819e-05
0.139879	2.2483e-05
0.139902	2.24841e-05
0.139924	2.24851e-05
0.139947	2.24862e-05
0.139969	2.24873e-05
0.139992	2.24884e-05
0.140014	2.24894e-05
0.140037	2.24905e-05
0.140059	2.24916e-05
0.140082	2.24927e-05
0.140104	2.24938e-05
0.140127	2.24949e-05
0.140149	2.24959e-05
0.140172	2.2497e-05
0.140194	2.24981e-05
0.140217	2.24992e-05
0.140239	2.25003e-05
0.140262	2.25014e-05
0.140284	2.25003e-05
0.140307	2.24987e-05
0.140329	2.2497e-05
0.140352	2.24953e-05
0.140374	2.24937e-05
0.140397	2.2492e-05
0.140419	2.24903e-05
0.140442	2.24887e-05
0.140464	2.2487e-05
0.140487	2.24853e-05
0.140509	2.24837e-05
0.140532	2.2482e-05
0.140554	2.24803e-05
0.140577	2.24787e-05
0.140599	2.2477e-05
0.140621	2.24753e-05
0.140644	2.24737e-05
0.140666	2.2472e-05
0.140689	2.24704e-05
0.140711	2.24687e-05
0.140734	2.2467e-05
0.140756	2.24654e-05
0.140779	2.24637e-05
0.140801	2.24621e-05
0.140824	2.24604e-05
0.140846	2.24588e-05
0.140869	2.24571e-05
0.140891	2.24554e-05
0.140914	2.24538e-05
0.140936	2.24521e-05
0.140958	2.24505e-05
0.140981	2.24488e-05
0.141003	2.24472e-05
0.141026	2.24456e-05
0.141048	2.24439e-05
0.141071	2.24423e-05
0.141093	2.24406e-05
0.141116	2.2439e-05
0.141138	2.24373e-05
0.14116	2.24357e-05
0.141183	2.24341e-05
0.141205	2.24324e-05
0.141228	2.24308e-05
0.14125	2.24292e-05
0.141273	2.24276e-05
0.141295	2.24259e-05
0.141317	2.24243e-05
0.14134	2.24227e-05
0.141362	2.24211e-05
0.141385	2.24194e-05
0.141407	2.24178e-05
0.14143	2.24162e-05
0.141452	2.24146e-05
0.141474	2.2413e-05
0.141497	2.24114e-05
0.141519	2.24098e-05
0.141542	2.24082e-05
0.141564	2.24066e-05
0.141586	2.2405e-05
0.141609	2.24034e-05
0.141631	2.24018e-05
0.141654	2.24002e-05
0.141676	2.23986e-05
0.141698	2.2397e-05
0.141721	2.23955e-05
0.141743	2.23939e-05
0.141766	2.23923e-05
0.141788	2.23907e-05
0.14181	2.23892e-05
0.141833	2.23876e-05
0.141855	2.2386e-05
0.141878	2.23845e-05
0.1419	2.23829e-05
0.141922	2.23813e-05
0.141945	2.23798e-05
0.141967	2.23782e-05
0.141989	2.23767e-05
0.142012	2.23751e-05
0.142034	2.23736e-05
0.142057	2.23721e-05
0.142079	2.23705e-05
0.142101	2.2369e-05
0.142124	2.23675e-05
0.142146	2.2366e-05
0.142168	2.23644e-05
0.142191	2.23629e-05
0.142213	2.23614e-05
0.142236	2.23599e-05
0.142258	2.23584e-05
0.14228	2.23569e-05
0.142303	2.23554e-05
0.142325	2.23539e-05
0.142347	2.23524e-05
0.14237	2.23509e-05
0.142392	2.23494e-05
0.142414	2.23479e-05
0.142437	2.23464e-05
0.142459	2.23449e-05
0.142481	2.23435e-05
0.142504	2.2342e-05
0.142526	2.23405e-05
0.142548	2.23391e-05
0.142571	2.23376e-05
0.142593	2.23362e-05
0.142615	2.23347e-05
0.142638	2.23333e-05
0.14266	2.23318e-05
0.142682	2.23304e-05
0.142705	2.2329e-05
0.142727	2.23275e-05
0.142749	2.23261e-05
0.142772	2.23247e-05
0.142794	2.23233e-05
0.142816	2.23219e-05
0.142839	2.23205e-05
0.142861	2.23191e-05
0.142883	2.23177e-05
0.142906	2.23163e-05
0.142928	2.23149e-05
0.14295	2.23135e-05
0.142973	2.23121e-05
0.142995	2.23107e-05
0.143017	2.23094e-05
0.14304	2.2308e-05
0.143062	2.23067e-05
0.143084	2.23053e-05
0.143106	2.23039e-05
0.143129	2.23026e-05
0.143151	2.23013e-05
0.143173	2.22999e-05
0.143196	2.22986e-05
0.143218	2.22973e-05
0.14324	2.2296e-05
0.143263	2.22946e-05
0.143285	2.22933e-05
0.143307	2.2292e-05
0.143329	2.22907e-05
0.143352	2.22894e-05
0.143374	2.22881e-05
0.143396	2.22869e-05
0.143419	2.22856e-05
0.143441	2.22843e-05
0.143463	2.2283e-05
0.143485	2.22818e-05
0.143508	2.22805e-05
0.14353	2.22793e-05
0.143552	2.2278e-05
0.143575	2.22768e-05
0.143597	2.22756e-05
0.143619	2.22743e-05
0.143641	2.22731e-05
0.143664	2.22719e-05
0.143686	2.22707e-05
0.143708	2.22695e-05
0.14373	2.22683e-05
0.143753	2.22671e-05
0.143775	2.22659e-05
0.143797	2.22647e-05
0.14382	2.22635e-05
0.143842	2.22624e-05
0.143864	2.22612e-05
0.143886	2.226e-05
0.143909	2.22589e-05
0.143931	2.22577e-05
0.143953	2.22566e-05
0.143975	2.22555e-05
0.143998	2.22543e-05
0.14402	2.22532e-05
0.144042	2.22521e-05
0.144064	2.2251e-05
0.144087	2.22499e-05
0.144109	2.22488e-05
0.144131	2.22477e-05
0.144153	2.22466e-05
0.144176	2.22455e-05
0.144198	2.22444e-05
0.14422	2.22434e-05
0.144242	2.22423e-05
0.144265	2.22413e-05
0.144287	2.22402e-05
0.144309	2.22392e-05
0.144331	2.22381e-05
0.144354	2.22371e-05
0.144376	2.22361e-05
0.144398	2.22351e-05
0.14442	2.2234e-05
0.144443	2.2233e-05
0.144465	2.2232e-05
0.144487	2.22311e-05
0.144509	2.22301e-05
0.144531	2.22291e-05
0.144554	2.22281e-05
0.144576	2.22272e-05
0.144598	2.22262e-05
0.14462	2.22253e-05
0.144643	2.22243e-05
0.144665	2.22234e-05
0.144687	2.22224e-05
0.144709	2.22215e-05
0.144731	2.22206e-05
0.144754	2.22197e-05
0.144776	2.22188e-05
0.144798	2.22179e-05
0.14482	2.2217e-05
0.144843	2.22161e-05
0.144865	2.22152e-05
0.144887	2.22144e-05
0.144909	2.22135e-05
0.144931	2.22127e-05
0.144954	2.22118e-05
0.144976	2.2211e-05
0.144998	2.22101e-05
0.14502	2.22093e-05
0.145042	2.22085e-05
0.145065	2.22077e-05
0.145087	2.22069e-05
0.145109	2.22061e-05
0.145131	2.22053e-05
0.145154	2.22045e-05
0.145176	2.22037e-05
0.145198	2.22029e-05
0.14522	2.22022e-05
0.145242	2.22014e-05
0.145265	2.22007e-05
0.145287	2.21999e-05
0.145309	2.21992e-05
0.145331	2.21985e-05
0.145353	2.21978e-05
0.145376	2.2197e-05
0.145398	2.21963e-05
0.14542	2.21956e-05
0.145442	2.21949e-05
0.145464	2.21943e-05
0.145487	2.21936e-05
0.145509	2.21929e-05
0.145531	2.21923e-05
0.145553	2.21916e-05
0.145575	2.2191e-05
0.145597	2.21903e-05
0.14562	2.21897e-05
0.145642	2.21891e-05
0.145664	2.21884e-05
0.145686	2.21878e-05
0.145708	2.21872e-05
0.145731	2.21866e-05
0.145753	2.2186e-05
0.145775	2.21855e-05
0.145797	2.21849e-05
0.145819	2.21843e-05
0.145842	2.21838e-05
0.145864	2.21832e-05
0.145886	2.21827e-05
0.145908	2.21821e-05
0.14593	2.21816e-05
0.145952	2.21811e-05
0.145975	2.21806e-05
0.145997	2.21801e-05
0.146019	2.21796e-05
0.146041	2.21791e-05
0.146063	2.21786e-05
0.146086	2.21781e-05
0.146108	2.21777e-05
0.14613	2.21772e-05
0.146152	2.21768e-05
0.146174	2.21763e-05
0.146196	2.21759e-05
0.146219	2.21755e-05
0.146241	2.21751e-05
0.146263	2.21746e-05
0.146285	2.21742e-05
0.146307	2.21738e-05
0.146329	2.21735e-05
0.146352	2.21731e-05
0.146374	2.21727e-05
0.146396	2.21723e-05
0.146418	2.2172e-05
0.14644	2.21716e-05
0.146462	2.21713e-05
0.146485	2.2171e-05
0.146507	2.21706e-05
0.146529	2.21703e-05
0.146551	2.217e-05
0.146573	2.21697e-05
0.146596	2.21694e-05
0.146618	2.21691e-05
0.14664	2.21689e-05
0.146662	2.21686e-05
0.146684	2.21683e-05
0.146706	2.21681e-05
0.146729	2.21678e-05
0.146751	2.21676e-05
0.146773	2.21674e-05
0.146795	2.21671e-05
0.146817	2.21669e-05
0.146839	2.21667e-05
0.146862	2.21665e-05
0.146884	2.21663e-05
0.146906	2.21662e-05
0.146928	2.2166e-05
0.14695	2.21658e-05
0.146972	2.21657e-05
0.146995	2.21655e-05
0.147017	2.21654e-05
0.147039	2.21652e-05
0.147061	2.21651e-05
0.147083	2.2165e-05
0.147105	2.21649e-05
0.147128	2.21648e-05
0.14715	2.21647e-05
0.147172	2.21646e-05
0.147194	2.21645e-05
0.147216	2.21645e-05
0.147238	2.21644e-05
0.147261	2.21643e-05
0.147283	2.21643e-05
0.147305	2.21643e-05
0.147327	2.21642e-05
0.147349	2.21642e-05
0.147371	2.21642e-05
0.147393	2.21642e-05
0.147416	2.21642e-05
0.147438	2.21642e-05
0.14746	2.21642e-05
0.147482	2.21643e-05
0.147504	2.21643e-05
0.147526	2.21643e-05
0.147549	2.21644e-05
0.147571	2.21645e-05
0.147593	2.21645e-05
0.147615	2.21646e-05
0.147637	2.21647e-05
0.147659	2.21648e-05
0.147682	2.21649e-05
0.147704	2.2165e-05
0.147726	2.21651e-05
0.147748	2.21652e-05
0.14777	2.21654e-05
0.147792	2.21655e-05
0.147815	2.21657e-05
0.147837	2.21658e-05
0.147859	2.2166e-05
0.147881	2.21662e-05
0.147903	2.21663e-05
0.147925	2.21665e-05
0.147948	2.21667e-05
0.14797	2.21669e-05
0.147992	2.21672e-05
0.148014	2.21674e-05
0.148036	2.21676e-05
0.148058	2.21678e-05
0.148081	2.21681e-05
0.148103	2.21684e-05
0.148125	2.21686e-05
0.148147	2.21689e-05
0.148169	2.21692e-05
0.148191	2.21695e-05
0.148214	2.21698e-05
0.148236	2.21701e-05
0.148258	2.21704e-05
0.14828	2.21707e-05
0.148302	2.2171e-05
0.148324	2.21713e-05
0.148347	2.21717e-05
0.148369	2.2172e-05
0.148391	2.21724e-05
0.148413	2.21728e-05
0.148435	2.21731e-05
0.148458	2.21735e-05
0.14848	2.21739e-05
0.148502	2.21743e-05
0.148524	2.21747e-05
0.148546	2.21751e-05
0.148568	2.21756e-05
0.148591	2.2176e-05
0.148613	2.21764e-05
0.148635	2.21769e-05
0.148657	2.21773e-05
0.148679	2.21778e-05
0.148701	2.21782e-05
0.148724	2.21787e-05
0.148746	2.21792e-05
0.148768	2.21797e-05
0.14879	2.21802e-05
0.148812	2.21807e-05
0.148835	2.21812e-05
0.148857	2.21817e-05
0.148879	2.21823e-05
0.148901	2.21828e-05
0.148923	2.21834e-05
0.148945	2.21839e-05
0.148968	2.21845e-05
0.14899	2.2185e-05
0.149012	2.21856e-05
0.149034	2.21862e-05
0.149056	2.21868e-05
0.149079	2.21874e-05
0.149101	2.2188e-05
0.149123	2.21886e-05
0.149145	2.21892e-05
0.149167	2.21899e-05
0.149189	2.21905e-05
0.149212	2.21911e-05
0.149234	2.21918e-05
0.149256	2.21925e-05
0.149278	2.21931e-05
0.1493	2.21938e-05
0.149323	2.21945e-05
0.149345	2.21952e-05
0.149367	2.21959e-05
0.149389	2.21966e-05
0.149411	2.21973e-05
0.149434	2.2198e-05
0.149456	2.21987e-05
0.149478	2.21994e-05
0.1495	2.22002e-05
0.149522	2.22009e-05
0.149545	2.22017e-05
0.149567	2.22024e-05
0.149589	2.22032e-05
0.149611	2.2204e-05
0.149633	2.22048e-05
0.149656	2.22056e-05
0.149678	2.22064e-05
0.1497	2.22072e-05
0.149722	2.2208e-05
0.149744	2.22088e-05
0.149767	2.22096e-05
0.149789	2.22104e-05
0.149811	2.22113e-05
0.149833	2.22121e-05
0.149856	2.2213e-05
0.149878	2.22138e-05
0.1499	2.22147e-05
0.149922	2.22155e-05
0.149944	2.22164e-05
0.149967	2.22173e-05
0.149989	2.22182e-05
