0.100017	7.19
0.10004	9.07
0.100063	10.93
0.100086	12.8
0.100109	14.66
0.100132	16.56
0.100154	18.4
0.100177	20.25
0.1002	22.11
0.100223	23.97
0.100246	25.86
0.100269	27.72
0.100292	29.56
0.100314	31.41
0.100337	33.27
0.10036	35.15
0.100383	36.99
0.100406	38.84
0.100429	40.77
0.100451	42.68
0.100474	44.56
0.100497	46.42
0.10052	48.27
0.100543	50.12
0.100566	51.98
0.100588	53.84
0.100611	55.69
0.100634	57.57
0.100657	59.41
0.10068	61.27
0.100703	63.13
0.100725	64.98
0.100748	66.83
0.100771	68.68
0.100794	70.54
0.100817	72.41
0.10084	74.26
0.100862	76.12
0.100885	77.97
0.100908	79.84
0.100931	81.71
0.100954	83.63
0.100976	85.49
0.100999	87.37
0.101022	89.27
0.101045	91.12
0.101068	93.04
0.10109	94.9
0.101113	96.77
0.101136	98.62
0.101159	100.49
0.101182	102.37
0.101205	104.21
0.101227	106.08
0.10125	107.95
0.101273	109.82
0.101296	111.65
0.101319	113.5
0.101341	115.35
0.101364	117.2
0.101387	119.05
0.10141	120.9
0.101432	122.75
0.101455	124.62
0.101478	126.49
0.101501	128.43
0.101524	130.42
0.101546	132.34
0.101569	134.26
0.101592	136.11
0.101615	137.96
0.101638	139.85
0.10166	141.69
0.101683	143.54
0.101706	145.38
0.101729	147.23
0.101751	149.12
0.101774	150.95
0.101797	152.82
0.10182	154.75
0.101843	156.73
0.101865	158.61
0.101888	160.54
0.101911	162.4
0.101934	164.24
0.101956	166.1
0.101979	167.97
0.102002	169.84
0.102025	171.72
0.102047	173.64
0.10207	175.48
0.102093	177.36
0.102116	179.22
0.102138	181.06
0.102161	182.91
0.102184	184.76
0.102207	186.62
0.102229	188.45
0.102252	190.32
0.102275	192.17
0.102298	194.02
0.102321	195.87
0.102343	197.71
0.102366	199.54
0.102389	201.38
0.102411	203.24
0.102434	205.09
0.102457	206.94
0.10248	208.79
0.102502	210.67
0.102525	212.57
0.102548	214.43
0.102571	216.33
0.102593	218.23
0.102616	220.15
0.102639	222.02
0.102662	223.87
0.102684	225.73
0.102707	227.6
0.10273	229.47
0.102753	231.32
0.102775	233.17
0.102798	235.01
0.102821	236.87
0.102844	238.73
0.102866	240.58
0.102889	242.43
0.102912	244.28
0.102934	246.13
0.102957	247.98
0.10298	249.82
0.103003	251.66
0.103025	253.52
0.103048	255.36
0.103071	257.23
0.103093	259.07
0.103116	260.92
0.103139	262.79
0.103162	264.65
0.103184	266.51
0.103207	268.35
0.10323	270.21
0.103252	272.06
0.103275	273.94
0.103298	275.79
0.103321	277.66
0.103343	279.5
0.103366	281.34
0.103389	283.19
0.103411	285.04
0.103434	286.88
0.103457	288.72
0.10348	290.57
0.103502	292.42
0.103525	294.29
0.103548	296.14
0.10357	297.99
0.103593	299.87
0.103616	301.84
0.103638	303.73
0.103661	305.59
0.103684	307.47
0.103707	309.31
0.103729	311.15
0.103752	313.02
0.103775	314.87
0.103797	316.71
0.10382	318.57
0.103843	320.42
0.103865	322.26
0.103888	324.12
0.103911	325.97
0.103933	327.84
0.103956	329.69
0.103979	331.53
0.104001	333.38
0.104024	335.24
0.104047	337.08
0.10407	338.93
0.104092	340.78
0.104115	342.63
0.104138	344.47
0.10416	346.33
0.104183	348.17
0.104206	350.02
0.104228	351.87
0.104251	353.72
0.104274	355.57
0.104296	357.42
0.104319	359.26
0.104342	361.11
0.104364	363
0.104387	364.84
0.10441	366.73
0.104432	368.61
0.104455	370.48
0.104478	372.4
0.1045	374.28
0.104523	376.2
0.104546	378.09
0.104568	379.98
0.104591	381.87
0.104614	383.78
0.104636	385.76
0.104659	387.78
0.104682	389.68
0.104704	391.57
0.104727	393.45
0.10475	395.33
0.104772	397.23
0.104795	399.12
0.104818	401.41
0.10484	403.79
0.104863	406.03
0.104886	407.91
0.104908	409.86
0.104931	411.77
0.104954	413.74
0.104976	415.93
0.104999	419.96
0.105022	421.88
0.105044	423.8
0.105067	425.72
0.105089	427.59
0.105112	429.5
0.105135	431.44
0.105157	433.37
0.10518	435.41
0.105203	437.66
0.105225	439.96
0.105248	441.95
0.105271	443.84
0.105293	445.74
0.105316	447.78
0.105339	449.66
0.105361	451.64
0.105384	453.51
0.105407	455.41
0.105429	457.31
0.105452	459.19
0.105474	461.07
0.105497	462.96
0.10552	464.84
0.105542	466.74
0.105565	468.65
0.105588	470.54
0.10561	472.43
0.105633	474.31
0.105656	476.18
0.105678	478.08
0.105701	480.11
0.105724	481.97
0.105746	483.86
0.105769	485.82
0.105791	487.77
0.105814	489.71
0.105837	491.83
0.105859	493.84
0.105882	495.78
0.105905	497.65
0.105927	499.54
0.10595	501.5
0.105972	503.57
0.105995	505.57
0.106018	507.48
0.10604	509.36
0.106063	511.39
0.106086	513.38
0.106108	515.4
0.106131	517.71
0.106154	519.96
0.106176	522.05
0.106199	523.98
0.106221	525.85
0.106244	527.75
0.106267	529.62
0.106289	531.6
0.106312	533.86
0.106335	536.13
0.106357	538.23
0.10638	540.12
0.106402	542.01
0.106425	543.98
0.106448	545.91
0.10647	547.86
0.106493	549.93
0.106516	551.87
0.106538	553.84
0.106561	555.82
0.106583	557.86
0.106606	559.76
0.106629	561.72
0.106651	563.74
0.106674	565.82
0.106696	567.85
0.106719	569.78
0.106742	571.67
0.106764	573.66
0.106787	575.7
0.10681	577.62
0.106832	579.51
0.106855	581.39
0.106877	583.28
0.1069	585.22
0.106923	587.1
0.106945	588.98
0.106968	590.86
0.106991	592.74
0.107013	594.61
0.107036	596.49
0.107058	598.4
0.107081	600.3
0.107104	602.17
0.107126	604.06
0.107149	605.97
0.107171	607.84
0.107194	609.72
0.107217	611.61
0.107239	613.49
0.107262	615.37
0.107285	617.34
0.107307	619.23
0.10733	621.11
0.107352	623.01
0.107375	624.88
0.107398	626.75
0.10742	628.62
0.107443	630.52
0.107465	632.53
0.107488	634.63
0.107511	636.87
0.107533	639.17
0.107556	641.16
0.107579	643.09
0.107601	645.04
0.107624	646.98
0.107646	648.91
0.107669	650.81
0.107692	652.71
0.107714	654.59
0.107737	656.48
0.107759	658.44
0.107782	660.42
0.107805	662.32
0.107827	664.25
0.10785	666.19
0.107872	668.49
0.107895	670.69
0.107918	673.42
0.10794	675.44
0.107963	677.65
0.107986	680.8
0.108008	682.92
0.108031	684.89
0.108053	686.83
0.108076	688.77
0.108099	690.67
0.108121	692.57
0.108144	694.54
0.108166	696.58
0.108189	698.6
0.108212	700.68
0.108234	702.69
0.108257	704.71
0.108279	706.72
0.108302	708.72
0.108325	710.7
0.108347	712.67
0.10837	714.6
0.108393	716.57
0.108415	718.52
0.108438	720.5
0.10846	722.46
0.108483	724.71
0.108506	726.67
0.108528	728.84
0.108551	731.3
0.108573	733.64
0.108596	735.66
0.108619	737.96
0.108641	740.09
0.108664	742.02
0.108687	744.09
0.108709	746.05
0.108732	747.95
0.108754	749.88
0.108777	751.9
0.1088	754.07
0.108822	756.02
0.108845	757.99
0.108867	759.92
0.10889	761.89
0.108913	763.9
0.108935	766
0.108958	767.98
0.10898	769.92
0.109003	771.91
0.109026	773.87
0.109048	775.81
0.109071	777.84
0.109094	779.77
0.109116	781.72
0.109139	783.67
0.109161	785.63
0.109184	787.72
0.109207	789.73
0.109229	791.78
0.109252	793.86
0.109275	796.14
0.109297	798.87
0.10932	801.08
0.109342	803.3
0.109365	805.22
0.109388	807.16
0.10941	809.11
0.109433	811.05
0.109455	813.17
0.109478	815.71
0.109501	818.03
0.109523	819.97
0.109546	821.88
0.109569	823.85
0.109591	825.77
0.109614	827.7
0.109636	829.62
0.109659	831.52
0.109682	833.43
0.109704	835.4
0.109727	837.31
0.10975	839.22
0.109772	841.22
0.109795	843.48
0.109817	845.48
0.10984	847.41
0.109863	849.32
0.109885	851.26
0.109908	853.17
0.109931	855.28
0.109953	857.21
0.109976	859.15
0.109998	862.82
0.110021	864.81
0.110044	866.97
0.110066	868.89
0.110089	870.8
0.110112	872.78
0.110134	874.82
0.110157	876.79
0.11018	878.72
0.110202	880.64
0.110225	882.58
0.110247	884.5
0.11027	886.41
0.110293	888.37
0.110315	890.29
0.110338	892.22
0.110361	894.17
0.110383	896.08
0.110406	898.01
0.110428	900.23
0.110451	902.22
0.110474	904.18
0.110496	906.23
0.110519	908.18
0.110542	910.14
0.110564	912.15
0.110587	914.23
0.11061	916.3
0.110632	918.27
0.110655	920.24
0.110678	922.26
0.1107	924.24
0.110723	926.6
0.110745	928.55
0.110768	930.47
0.110791	932.56
0.110813	934.52
0.110836	936.45
0.110859	938.36
0.110881	940.3
0.110904	942.24
0.110927	944.17
0.110949	946.14
0.110972	948.12
0.110995	950.04
0.111017	952.03
0.11104	954.35
0.111063	956.67
0.111085	958.63
0.111108	960.54
0.11113	962.46
0.111153	964.41
0.111176	966.33
0.111198	968.26
0.111221	970.25
0.111244	972.23
0.111266	974.17
0.111289	976.08
0.111312	978.02
0.111334	979.91
0.111357	981.8
0.11138	983.69
0.111402	985.59
0.111425	987.49
0.111448	989.37
0.11147	991.23
0.111493	993.16
0.111516	995.06
0.111538	996.94
0.111561	998.82
0.111584	1000.73
0.111606	1002.61
0.111629	1004.53
0.111652	1006.48
0.111674	1008.48
0.111697	1010.5
0.11172	1012.48
0.111742	1014.38
0.111765	1016.31
0.111788	1018.19
0.11181	1020.06
0.111833	1021.94
0.111856	1023.83
0.111878	1025.77
0.111901	1027.69
0.111924	1029.59
0.111946	1031.55
0.111969	1033.5
0.111992	1035.46
0.112014	1037.4
0.112037	1039.28
0.11206	1041.16
0.112082	1043.05
0.112105	1044.93
0.112128	1046.82
0.11215	1048.69
0.112173	1050.58
0.112196	1052.5
0.112219	1054.42
0.112241	1056.32
0.112264	1058.19
0.112287	1060.25
0.112309	1062.21
0.112332	1064.15
0.112355	1066.08
0.112377	1068
0.1124	1069.88
0.112423	1071.8
0.112445	1073.71
0.112468	1075.59
0.112491	1077.48
0.112513	1079.37
0.112536	1081.25
0.112559	1083.21
0.112582	1085.08
0.112604	1086.97
0.112627	1088.88
0.11265	1090.75
0.112672	1092.61
0.112695	1094.49
0.112718	1096.34
0.11274	1098.2
0.112763	1100.06
0.112786	1101.97
0.112809	1103.83
0.112831	1105.7
0.112854	1107.58
0.112877	1109.42
0.112899	1111.28
0.112922	1113.13
0.112945	1115
0.112967	1116.86
0.11299	1118.74
0.113013	1120.58
0.113036	1122.44
0.113058	1124.34
0.113081	1126.28
0.113104	1128.14
0.113126	1129.99
0.113149	1131.83
0.113172	1133.77
0.113195	1135.67
0.113217	1137.57
0.11324	1139.5
0.113263	1141.42
0.113285	1143.28
0.113308	1145.16
0.113331	1147.02
0.113354	1148.88
0.113376	1150.72
0.113399	1152.58
0.113422	1154.45
0.113445	1156.33
0.113467	1158.16
0.11349	1160.04
0.113513	1161.94
0.113535	1163.85
0.113558	1165.71
0.113581	1167.57
0.113604	1169.48
0.113626	1171.36
0.113649	1173.29
0.113672	1175.16
0.113695	1177.01
0.113717	1178.86
0.11374	1180.74
0.113763	1182.62
0.113786	1184.48
0.113808	1186.33
0.113831	1188.25
0.113854	1190.17
0.113876	1192.02
0.113899	1193.9
0.113922	1195.81
0.113945	1197.7
0.113967	1199.55
0.11399	1201.49
0.114013	1203.38
0.114036	1205.23
0.114058	1207.07
0.114081	1208.98
0.114104	1210.85
0.114126	1212.79
0.114149	1214.65
0.114172	1216.49
0.114195	1218.34
0.114217	1220.22
0.11424	1222.06
0.114263	1223.91
0.114286	1225.75
0.114308	1227.59
0.114331	1229.44
0.114354	1231.28
0.114376	1233.15
0.114399	1234.99
0.114422	1236.84
0.114444	1238.68
0.114467	1240.52
0.11449	1242.37
0.114513	1244.21
0.114535	1246.06
0.114558	1247.91
0.114581	1249.76
0.114603	1251.6
0.114626	1253.45
0.114649	1255.3
0.114671	1257.16
0.114694	1259.02
0.114717	1260.88
0.11474	1262.8
0.114762	1264.67
0.114785	1266.52
0.114808	1268.41
0.11483	1270.25
0.114853	1272.14
0.114876	1273.98
0.114898	1275.82
0.114921	1277.7
0.114944	1279.52
0.114966	1281.33
0.114989	1284.89
0.115012	1286.72
0.115034	1288.57
0.115057	1290.4
0.11508	1292.25
0.115102	1294.08
0.115125	1295.91
0.115148	1297.8
0.11517	1299.64
0.115193	1301.49
0.115216	1303.31
0.115238	1305.12
0.115261	1306.94
0.115284	1308.75
0.115306	1310.56
0.115329	1312.37
0.115352	1314.2
0.115374	1316.01
0.115397	1317.83
0.11542	1319.64
0.115442	1321.46
0.115465	1323.29
0.115488	1325.1
0.11551	1326.93
0.115533	1328.77
0.115556	1330.61
0.115578	1332.51
0.115601	1334.43
0.115624	1336.29
0.115646	1338.23
0.115669	1340.1
0.115691	1341.91
0.115714	1343.71
0.115737	1345.55
0.115759	1347.37
0.115782	1349.16
0.115805	1350.98
0.115827	1352.78
0.11585	1354.6
0.115873	1356.41
0.115895	1358.23
0.115918	1360.05
0.11594	1361.86
0.115963	1363.67
0.115986	1365.6
0.116008	1367.47
0.116031	1369.28
0.116054	1371.09
0.116076	1372.95
0.116099	1374.83
0.116121	1376.69
0.116144	1378.52
0.116167	1380.36
0.116189	1382.23
0.116212	1384.08
0.116235	1385.94
0.116257	1387.81
0.11628	1389.72
0.116302	1391.55
0.116325	1393.41
0.116348	1395.27
0.11637	1397.11
0.116393	1398.95
0.116415	1400.78
0.116438	1402.66
0.116461	1404.62
0.116483	1406.63
0.116506	1408.65
0.116528	1410.66
0.116551	1412.56
0.116574	1414.41
0.116596	1416.26
0.116619	1418.11
0.116641	1419.98
0.116664	1421.84
0.116687	1423.69
0.116709	1425.53
0.116732	1427.38
0.116754	1429.22
0.116777	1431.07
0.1168	1432.94
0.116822	1434.78
0.116845	1436.63
0.116867	1438.48
0.11689	1440.36
0.116912	1442.22
0.116935	1444.07
0.116958	1445.92
0.11698	1447.76
0.117003	1449.62
0.117025	1451.48
0.117048	1453.34
0.11707	1455.18
0.117093	1457.02
0.117116	1458.87
0.117138	1460.72
0.117161	1462.58
0.117183	1464.45
0.117206	1466.3
0.117228	1468.15
0.117251	1470
0.117274	1471.85
0.117296	1473.71
0.117319	1475.58
0.117341	1477.43
0.117364	1479.27
0.117386	1481.12
0.117409	1482.96
0.117432	1484.83
0.117454	1486.66
0.117477	1488.52
0.117499	1490.38
0.117522	1492.24
0.117544	1494.09
0.117567	1495.93
0.117589	1497.79
0.117612	1499.66
0.117635	1501.52
0.117657	1503.39
0.11768	1505.23
0.117702	1507.13
0.117725	1509.18
0.117747	1511.52
0.11777	1513.63
0.117792	1515.7
0.117815	1517.67
0.117837	1519.64
0.11786	1521.68
0.117883	1523.57
0.117905	1525.44
0.117928	1527.44
0.11795	1529.36
0.117973	1531.2
0.117995	1533.05
0.118018	1534.9
0.11804	1536.73
0.118063	1538.6
0.118085	1540.5
0.118108	1542.35
0.11813	1544.19
0.118153	1546.03
0.118175	1547.91
0.118198	1549.75
0.118221	1551.6
0.118243	1553.45
0.118266	1555.3
0.118288	1557.25
0.118311	1559.1
0.118333	1560.96
0.118356	1562.83
0.118378	1564.69
0.118401	1566.57
0.118423	1568.52
0.118446	1570.53
0.118468	1572.49
0.118491	1574.51
0.118513	1576.48
0.118536	1578.43
0.118558	1580.4
0.118581	1582.39
0.118603	1584.36
0.118626	1586.37
0.118648	1588.29
0.118671	1590.28
0.118693	1592.27
0.118716	1594.33
0.118738	1596.33
0.118761	1598.3
0.118783	1600.32
0.118806	1602.34
0.118829	1604.31
0.118851	1606.3
0.118874	1608.28
0.118896	1610.28
0.118919	1612.29
0.118941	1614.29
0.118964	1616.32
0.118986	1618.3
0.119009	1620.25
0.119031	1622.21
0.119054	1624.19
0.119076	1626.15
0.119099	1628.21
0.119121	1630.17
0.119144	1632.14
0.119166	1634.08
0.119189	1636
0.119211	1637.92
0.119234	1639.89
0.119256	1641.96
0.119279	1644.38
0.119301	1646.47
0.119324	1648.46
0.119346	1650.49
0.119369	1652.52
0.119391	1654.55
0.119414	1656.52
0.119436	1658.45
0.119459	1660.5
0.119481	1662.61
0.119504	1664.64
0.119526	1666.68
0.119548	1668.79
0.119571	1670.79
0.119593	1672.89
0.119616	1675.11
0.119638	1677.43
0.119661	1679.52
0.119683	1681.82
0.119706	1684.03
0.119728	1686.14
0.119751	1688.41
0.119773	1690.61
0.119796	1692.62
0.119818	1694.72
0.119841	1696.78
0.119863	1698.98
0.119886	1701.09
0.119908	1703.06
0.119931	1705.1
0.119953	1707.04
0.119976	1708.96
0.119998	1712.73
0.120021	1714.78
0.120043	1716.87
0.120066	1718.96
0.120088	1721.03
0.120111	1723.11
0.120133	1725.06
0.120156	1726.95
0.120178	1728.84
0.120201	1730.74
0.120223	1732.66
0.120245	1734.58
0.120268	1736.45
0.12029	1738.41
0.120313	1740.4
0.120335	1742.37
0.120358	1744.29
0.12038	1746.21
0.120403	1748.16
0.120425	1750.16
0.120448	1752.1
0.12047	1754.05
0.120493	1756.02
0.120515	1758
0.120538	1759.97
0.12056	1761.98
0.120583	1763.92
0.120605	1765.87
0.120628	1767.85
0.12065	1769.86
0.120673	1771.82
0.120695	1773.84
0.120717	1775.89
0.12074	1777.92
0.120762	1779.92
0.120785	1781.97
0.120807	1783.96
0.12083	1785.9
0.120852	1787.84
0.120875	1789.83
0.120897	1791.77
0.12092	1793.72
0.120942	1795.69
0.120965	1797.7
0.120987	1799.68
0.12101	1801.6
0.121032	1803.49
0.121055	1805.45
0.121077	1807.41
0.1211	1809.38
0.121122	1811.36
0.121144	1813.33
0.121167	1815.31
0.121189	1817.3
0.121212	1819.26
0.121234	1821.5
0.121257	1823.52
0.121279	1825.58
0.121302	1827.63
0.121324	1829.65
0.121347	1831.63
0.121369	1833.57
0.121392	1835.56
0.121414	1837.58
0.121437	1839.64
0.121459	1841.58
0.121482	1843.59
0.121504	1845.57
0.121526	1847.55
0.121549	1849.7
0.121571	1851.78
0.121594	1853.86
0.121616	1855.84
0.121639	1857.84
0.121661	1859.9
0.121684	1861.85
0.121706	1863.84
0.121729	1865.94
0.121751	1867.96
0.121774	1869.95
0.121796	1871.98
0.121819	1873.99
0.121841	1876.04
0.121864	1878.04
0.121886	1880.04
0.121908	1882.05
0.121931	1884.01
0.121953	1886.07
0.121976	1888.09
0.121998	1890.07
0.122021	1892.16
0.122043	1894.17
0.122066	1896.21
0.122088	1898.24
0.122111	1900.32
0.122133	1902.38
0.122156	1904.4
0.122178	1906.33
0.122201	1908.31
0.122223	1910.27
0.122246	1912.22
0.122268	1914.2
0.122291	1916.23
0.122313	1918.17
0.122335	1920.16
0.122358	1922.17
0.12238	1924.15
0.122403	1926.15
0.122425	1928.11
0.122448	1930.09
0.12247	1932.01
0.122493	1933.96
0.122515	1936.02
0.122538	1937.97
0.12256	1939.91
0.122583	1941.84
0.122605	1943.77
0.122628	1945.72
0.12265	1947.68
0.122673	1949.61
0.122695	1951.55
0.122718	1953.49
0.12274	1955.41
0.122763	1957.34
0.122785	1959.28
0.122808	1961.17
0.12283	1963.08
0.122853	1965.02
0.122875	1966.92
0.122897	1968.84
0.12292	1970.75
0.122942	1972.64
0.122965	1974.54
0.122987	1976.44
0.12301	1978.33
0.123032	1980.2
0.123055	1982.1
0.123077	1983.98
0.1231	1985.86
0.123122	1987.75
0.123145	1989.63
0.123167	1991.57
0.12319	1993.49
0.123212	1995.44
0.123235	1997.46
0.123257	1999.33
0.12328	2001.19
0.123302	2003.11
0.123325	2005.05
0.123347	2006.94
0.12337	2008.8
0.123392	2010.69
0.123415	2012.63
0.123437	2014.53
0.12346	2016.41
0.123482	2018.34
0.123505	2020.27
0.123527	2022.18
0.12355	2024.13
0.123572	2026.13
0.123595	2028.11
0.123617	2030.05
0.12364	2031.98
0.123662	2033.9
0.123685	2035.81
0.123707	2037.72
0.12373	2039.67
0.123752	2041.6
0.123775	2043.52
0.123797	2045.43
0.12382	2047.33
0.123842	2049.24
0.123865	2051.14
0.123887	2053.05
0.12391	2054.98
0.123932	2056.89
0.123955	2058.81
0.123977	2060.71
0.124	2062.64
0.124022	2064.6
0.124045	2066.51
0.124067	2068.43
0.12409	2070.35
0.124112	2072.24
0.124135	2074.15
0.124157	2076.07
0.12418	2077.95
0.124202	2079.85
0.124225	2081.74
0.124247	2083.63
0.12427	2085.55
0.124292	2087.43
0.124315	2089.35
0.124338	2091.24
0.12436	2093.1
0.124383	2094.99
0.124405	2096.88
0.124428	2098.8
0.12445	2100.72
0.124473	2102.63
0.124495	2104.55
0.124518	2106.49
0.12454	2108.39
0.124563	2110.37
0.124585	2112.32
0.124608	2114.25
0.12463	2116.18
0.124653	2118.13
0.124675	2120.06
0.124698	2122.01
0.12472	2123.95
0.124743	2125.87
0.124766	2127.8
0.124788	2129.75
0.124811	2131.7
0.124833	2133.63
0.124856	2135.55
0.124878	2137.49
0.124901	2139.44
0.124923	2141.34
0.124946	2143.27
0.124968	2145.17
0.124991	2148.78
0.125013	2150.69
0.125036	2152.59
0.125059	2154.49
0.125081	2156.38
0.125104	2158.27
0.125126	2160.18
0.125149	2162.09
0.125171	2164
0.125194	2165.86
0.125216	2167.77
0.125239	2169.7
0.125261	2171.63
0.125284	2173.53
0.125307	2175.44
0.125329	2177.34
0.125352	2179.25
0.125374	2181.21
0.125397	2183.08
0.125419	2185.01
0.125442	2186.89
0.125464	2188.86
0.125487	2190.75
0.12551	2192.66
0.125532	2194.57
0.125555	2196.49
0.125577	2198.39
0.1256	2200.31
0.125622	2202.22
0.125645	2204.13
0.125668	2206.05
0.12569	2207.98
0.125713	2209.9
0.125735	2211.79
0.125758	2213.7
0.12578	2215.58
0.125803	2217.48
0.125826	2219.39
0.125848	2221.28
0.125871	2223.16
0.125893	2225.06
0.125916	2227.02
0.125938	2228.95
0.125961	2230.91
0.125984	2232.86
0.126006	2234.8
0.126029	2236.71
0.126051	2238.61
0.126074	2240.54
0.126097	2242.47
0.126119	2244.38
0.126142	2246.31
0.126164	2248.23
0.126187	2250.15
0.126209	2252.05
0.126232	2253.97
0.126255	2255.92
0.126277	2257.89
0.1263	2259.89
0.126322	2261.84
0.126345	2263.77
0.126368	2265.74
0.12639	2267.7
0.126413	2269.64
0.126435	2271.6
0.126458	2273.52
0.126481	2275.41
0.126503	2277.36
0.126526	2279.37
0.126548	2281.35
0.126571	2283.29
0.126594	2285.2
0.126616	2287.08
0.126639	2289.01
0.126662	2290.93
0.126684	2292.79
0.126707	2294.72
0.126729	2296.65
0.126752	2298.58
0.126775	2300.5
0.126797	2302.42
0.12682	2304.35
0.126842	2306.26
0.126865	2308.18
0.126888	2310.09
0.12691	2311.97
0.126933	2314.1
0.126956	2316.27
0.126978	2318.44
0.127001	2320.6
0.127023	2322.64
0.127046	2324.62
0.127069	2326.61
0.127091	2328.6
0.127114	2330.54
0.127137	2332.51
0.127159	2334.51
0.127182	2336.46
0.127205	2338.49
0.127227	2340.51
0.12725	2342.55
0.127272	2344.61
0.127295	2346.56
0.127318	2348.63
0.12734	2350.59
0.127363	2352.59
0.127386	2354.64
0.127408	2356.64
0.127431	2358.68
0.127453	2360.68
0.127476	2362.75
0.127499	2364.73
0.127521	2366.75
0.127544	2368.78
0.127567	2370.81
0.127589	2372.82
0.127612	2374.82
0.127634	2376.79
0.127657	2378.82
0.12768	2380.85
0.127702	2382.87
0.127725	2384.9
0.127748	2386.96
0.12777	2388.91
0.127793	2390.82
0.127815	2392.84
0.127838	2394.89
0.127861	2396.83
0.127883	2398.76
0.127906	2400.79
0.127928	2402.86
0.127951	2404.84
0.127974	2406.79
0.127996	2408.73
0.128019	2410.68
0.128041	2412.61
0.128064	2414.68
0.128087	2416.62
0.128109	2418.71
0.128132	2420.8
0.128154	2422.88
0.128177	2424.95
0.128199	2427.04
0.128222	2429.13
0.128245	2431.21
0.128267	2433.32
0.12829	2435.4
0.128312	2437.34
0.128335	2439.25
0.128358	2441.3
0.12838	2443.27
0.128403	2445.3
0.128425	2447.37
0.128448	2449.28
0.12847	2451.21
0.128493	2453.18
0.128516	2455.12
0.128538	2457.05
0.128561	2459.09
0.128583	2461.04
0.128606	2463.02
0.128628	2464.97
0.128651	2466.93
0.128673	2468.86
0.128696	2470.84
0.128719	2472.98
0.128741	2474.95
0.128764	2476.85
0.128786	2478.91
0.128809	2481
0.128831	2483.09
0.128854	2485.14
0.128876	2487.15
0.128899	2489.18
0.128921	2491.19
0.128944	2493.24
0.128967	2495.32
0.128989	2497.41
0.129012	2499.48
0.129034	2501.56
0.129057	2503.64
0.129079	2505.72
0.129102	2507.8
0.129124	2509.89
0.129147	2511.98
0.129169	2514.08
0.129192	2516.15
0.129214	2518.24
0.129237	2520.3
0.129259	2522.28
0.129282	2524.27
0.129305	2526.32
0.129327	2528.41
0.12935	2530.33
0.129372	2532.24
0.129395	2534.16
0.129417	2536.1
0.12944	2538
0.129462	2539.91
0.129485	2541.8
0.129507	2543.69
0.12953	2545.59
0.129552	2547.52
0.129575	2549.44
0.129597	2551.38
0.12962	2553.33
0.129642	2555.29
0.129665	2557.24
0.129687	2559.18
0.12971	2561.12
0.129732	2563.07
0.129755	2565.07
0.129777	2567.06
0.1298	2569.01
0.129822	2571.08
0.129845	2572.99
0.129867	2574.9
0.12989	2576.91
0.129912	2578.85
0.129935	2580.86
0.129957	2582.75
0.12998	2584.75
0.130002	2588.51
0.130025	2590.47
0.130047	2592.35
0.13007	2594.35
0.130092	2596.35
0.130114	2598.39
0.130137	2600.35
0.130159	2602.27
0.130182	2604.25
0.130204	2606.31
0.130227	2608.33
0.130249	2610.28
0.130272	2612.2
0.130294	2614.11
0.130317	2616.03
0.130339	2618.04
0.130362	2619.95
0.130384	2621.94
0.130407	2623.86
0.130429	2625.78
0.130452	2627.67
0.130474	2629.59
0.130496	2631.5
0.130519	2633.41
0.130541	2635.29
0.130564	2637.17
0.130586	2639.1
0.130609	2641.15
0.130631	2643.05
0.130654	2644.95
0.130676	2646.82
0.130699	2648.76
0.130721	2650.66
0.130743	2652.51
0.130766	2654.47
0.130788	2656.42
0.130811	2658.26
0.130833	2660.1
0.130856	2661.98
0.130878	2663.93
0.130901	2665.8
0.130923	2667.71
0.130945	2669.61
0.130968	2671.54
0.13099	2673.45
0.131013	2675.44
0.131035	2677.44
0.131058	2679.44
0.13108	2681.38
0.131103	2683.37
0.131125	2685.36
0.131147	2687.32
0.13117	2689.28
0.131192	2691.19
0.131215	2693.06
0.131237	2694.96
0.13126	2696.86
0.131282	2698.75
0.131304	2700.63
0.131327	2702.54
0.131349	2704.49
0.131372	2706.44
0.131394	2708.43
0.131417	2710.37
0.131439	2712.32
0.131461	2714.33
0.131484	2716.29
0.131506	2718.25
0.131529	2720.21
0.131551	2722.14
0.131573	2724.08
0.131596	2726.07
0.131618	2728.05
0.131641	2730.01
0.131663	2731.93
0.131686	2733.9
0.131708	2735.89
0.13173	2737.88
0.131753	2739.82
0.131775	2741.78
0.131798	2743.74
0.13182	2745.7
0.131842	2747.6
0.131865	2749.58
0.131887	2751.54
0.13191	2753.52
0.131932	2755.53
0.131954	2757.47
0.131977	2759.4
0.131999	2761.35
0.132022	2763.3
0.132044	2765.28
0.132067	2767.29
0.132089	2769.21
0.132111	2771.16
0.132134	2773.14
0.132156	2775.14
0.132179	2777.12
0.132201	2779.07
0.132223	2781.07
0.132246	2783.07
0.132268	2784.98
0.132291	2786.91
0.132313	2788.82
0.132335	2790.8
0.132358	2792.81
0.13238	2794.79
0.132402	2796.71
0.132425	2798.61
0.132447	2800.51
0.13247	2802.42
0.132492	2804.33
0.132514	2806.25
0.132537	2808.14
0.132559	2810.04
0.132582	2811.92
0.132604	2813.84
0.132626	2815.74
0.132649	2817.64
0.132671	2819.54
0.132694	2821.44
0.132716	2823.34
0.132738	2825.33
0.132761	2827.36
0.132783	2829.37
0.132805	2831.39
0.132828	2833.42
0.13285	2835.45
0.132873	2837.47
0.132895	2839.49
0.132917	2841.5
0.13294	2843.53
0.132962	2845.54
0.132985	2847.55
0.133007	2849.58
0.133029	2851.6
0.133052	2853.62
0.133074	2855.65
0.133096	2857.66
0.133119	2859.69
0.133141	2861.71
0.133164	2863.73
0.133186	2865.75
0.133208	2867.78
0.133231	2869.83
0.133253	2871.89
0.133275	2873.94
0.133298	2875.99
0.13332	2878.04
0.133343	2880.09
0.133365	2882.18
0.133387	2884.24
0.13341	2886.29
0.133432	2888.35
0.133454	2890.41
0.133477	2892.47
0.133499	2894.53
0.133521	2896.58
0.133544	2898.64
0.133566	2900.7
0.133589	2902.75
0.133611	2904.8
0.133633	2906.84
0.133656	2908.9
0.133678	2910.95
0.1337	2913
0.133723	2915.06
0.133745	2917.12
0.133767	2919.16
0.13379	2921.21
0.133812	2923.27
0.133835	2925.33
0.133857	2927.39
0.133879	2929.43
0.133902	2931.48
0.133924	2933.53
0.133946	2935.45
0.133969	2937.38
0.133991	2939.26
0.134013	2941.17
0.134036	2943.01
0.134058	2945.06
0.134081	2947.12
0.134103	2949.16
0.134125	2951.21
0.134148	2953.26
0.13417	2955.32
0.134192	2957.38
0.134215	2959.44
0.134237	2961.49
0.134259	2963.54
0.134282	2965.58
0.134304	2967.64
0.134326	2969.69
0.134349	2971.72
0.134371	2973.76
0.134393	2975.81
0.134416	2977.87
0.134438	2979.92
0.134461	2981.97
0.134483	2984.04
0.134505	2986.1
0.134528	2988.15
0.13455	2990.19
0.134572	2992.26
0.134595	2994.31
0.134617	2996.36
0.134639	2998.42
0.134662	3000.46
0.134684	3002.52
0.134706	3004.57
0.134729	3006.63
0.134751	3008.69
0.134773	3010.75
0.134796	3012.79
0.134818	3014.85
0.134841	3016.91
0.134863	3018.96
0.134885	3021.02
0.134908	3023.06
0.13493	3025.11
0.134952	3027.16
0.134975	3029.21
0.134997	3032.96
0.135019	3035
0.135042	3037.06
0.135064	3039.13
0.135086	3041.17
0.135109	3043.23
0.135131	3045.28
0.135153	3047.34
0.135176	3049.37
0.135198	3051.42
0.13522	3053.48
0.135243	3055.53
0.135265	3057.57
0.135288	3059.61
0.13531	3061.66
0.135332	3063.66
0.135355	3065.7
0.135377	3067.74
0.135399	3069.77
0.135422	3071.83
0.135444	3073.88
0.135466	3075.9
0.135489	3077.88
0.135511	3079.93
0.135533	3081.98
0.135556	3084.01
0.135578	3086.03
0.1356	3088.09
0.135623	3090.15
0.135645	3092.19
0.135667	3094.24
0.13569	3096.3
0.135712	3098.35
0.135735	3100.4
0.135757	3102.45
0.135779	3104.51
0.135802	3106.56
0.135824	3108.57
0.135846	3110.61
0.135869	3112.65
0.135891	3114.7
0.135913	3116.74
0.135936	3118.8
0.135958	3120.86
0.13598	3122.9
0.136003	3124.96
0.136025	3127.01
0.136048	3129.05
0.13607	3131.1
0.136092	3133.16
0.136115	3135.22
0.136137	3137.26
0.136159	3139.32
0.136182	3141.36
0.136204	3143.41
0.136226	3145.46
0.136249	3147.52
0.136271	3149.57
0.136293	3151.62
0.136316	3153.68
0.136338	3155.73
0.136361	3157.77
0.136383	3159.82
0.136405	3161.88
0.136428	3163.93
0.13645	3165.99
0.136472	3168.04
0.136495	3170.08
0.136517	3172.14
0.136539	3174.19
0.136562	3176.24
0.136584	3178.29
0.136607	3180.35
0.136629	3182.4
0.136651	3184.45
0.136674	3186.5
0.136696	3188.56
0.136718	3190.61
0.136741	3192.65
0.136763	3194.71
0.136785	3196.77
0.136808	3198.83
0.13683	3200.88
0.136853	3202.94
0.136875	3204.99
0.136897	3207.04
0.13692	3209.1
0.136942	3211.15
0.136964	3213.18
0.136987	3215.24
0.137009	3217.29
0.137032	3219.36
0.137054	3221.41
0.137076	3223.47
0.137099	3225.53
0.137121	3227.59
0.137143	3229.63
0.137166	3231.68
0.137188	3233.73
0.137211	3235.77
0.137233	3237.82
0.137255	3239.88
0.137278	3241.92
0.1373	3243.98
0.137322	3245.98
0.137345	3247.99
0.137367	3249.92
0.13739	3251.95
0.137412	3254
0.137434	3256.03
0.137457	3258.04
0.137479	3260.08
0.137502	3262.13
0.137524	3264.18
0.137546	3266.22
0.137569	3268.28
0.137591	3270.34
0.137613	3272.39
0.137636	3274.44
0.137658	3276.5
0.137681	3278.56
0.137703	3280.58
0.137725	3282.64
0.137748	3284.7
0.13777	3286.75
0.137793	3288.8
0.137815	3290.85
0.137837	3292.91
0.13786	3294.97
0.137882	3297
0.137905	3299.07
0.137927	3301.09
0.137949	3303.09
0.137972	3305.15
0.137994	3307.19
0.138017	3309.26
0.138039	3311.29
0.138061	3313.32
0.138084	3315.38
0.138106	3317.44
0.138129	3319.49
0.138151	3321.55
0.138173	3323.6
0.138196	3325.65
0.138218	3327.7
0.138241	3329.75
0.138263	3331.81
0.138286	3333.86
0.138308	3335.92
0.13833	3337.96
0.138353	3340.01
0.138375	3342.06
0.138398	3344.15
0.13842	3346.24
0.138442	3348.33
0.138465	3350.42
0.138487	3352.5
0.13851	3354.59
0.138532	3356.68
0.138555	3358.76
0.138577	3360.84
0.138599	3362.92
0.138622	3364.99
0.138644	3367.06
0.138667	3369.14
0.138689	3371.09
0.138712	3373.09
0.138734	3375.07
0.138756	3377.05
0.138779	3379.14
0.138801	3381.23
0.138824	3383.31
0.138846	3385.29
0.138869	3387.28
0.138891	3389.26
0.138913	3391.22
0.138936	3393.31
0.138958	3395.4
0.138981	3397.49
0.139003	3399.58
0.139026	3401.66
0.139048	3403.74
0.139071	3405.83
0.139093	3407.92
0.139115	3410.01
0.139138	3412.09
0.13916	3414.17
0.139183	3416.25
0.139205	3418.34
0.139228	3420.43
0.13925	3422.52
0.139273	3424.61
0.139295	3426.71
0.139318	3428.78
0.13934	3430.78
0.139362	3432.76
0.139385	3434.85
0.139407	3436.94
0.13943	3439.03
0.139452	3441.12
0.139475	3443.21
0.139497	3445.27
0.13952	3447.36
0.139542	3449.44
0.139565	3451.53
0.139587	3453.61
0.13961	3455.7
0.139632	3457.78
0.139655	3459.87
0.139677	3461.85
0.139699	3463.82
0.139722	3465.8
0.139744	3467.86
0.139767	3469.93
0.139789	3472.02
0.139812	3474.11
0.139834	3476.2
0.139857	3478.28
0.139879	3480.26
0.139902	3482.25
0.139924	3484.27
0.139947	3486.26
0.139969	3488.26
0.139992	3492.03
0.140014	3494.13
0.140037	3496.22
0.140059	3498.31
0.140082	3500.39
0.140104	3502.49
0.140127	3504.58
0.140149	3506.66
0.140172	3508.74
0.140194	3510.82
0.140217	3512.92
0.140239	3515.02
0.140262	3517.1
0.140284	3519.19
0.140307	3521.27
0.140329	3523.36
0.140352	3525.39
0.140374	3527.33
0.140397	3529.33
0.140419	3531.36
0.140442	3533.43
0.140464	3535.44
0.140487	3537.39
0.140509	3539.46
0.140532	3541.55
0.140554	3543.62
0.140577	3545.71
0.140599	3547.8
0.140621	3549.88
0.140644	3551.97
0.140666	3554.05
0.140689	3556.14
0.140711	3558.23
0.140734	3560.32
0.140756	3562.34
0.140779	3564.31
0.140801	3566.26
0.140824	3568.26
0.140846	3570.3
0.140869	3572.37
0.140891	3574.42
0.140914	3576.49
0.140936	3578.58
0.140958	3580.67
0.140981	3582.76
0.141003	3584.83
0.141026	3586.92
0.141048	3589.01
0.141071	3591.07
0.141093	3593.15
0.141116	3595.21
0.141138	3597.29
0.14116	3599.35
0.141183	3601.44
0.141205	3603.53
0.141228	3605.6
0.14125	3607.69
0.141273	3609.76
0.141295	3611.85
0.141317	3613.95
0.14134	3616.02
0.141362	3618.11
0.141385	3620.18
0.141407	3622.25
0.14143	3624.33
0.141452	3626.41
0.141474	3628.5
0.141497	3630.57
0.141519	3632.66
0.141542	3634.73
0.141564	3636.81
0.141586	3638.9
0.141609	3640.96
0.141631	3643.05
0.141654	3645.11
0.141676	3647.2
0.141698	3649.25
0.141721	3651.33
0.141743	3653.42
0.141766	3655.48
0.141788	3657.55
0.14181	3659.64
0.141833	3661.74
0.141855	3663.83
0.141878	3665.9
0.1419	3668
0.141922	3670.05
0.141945	3672.14
0.141967	3674.2
0.141989	3676.28
0.142012	3678.37
0.142034	3680.44
0.142057	3682.52
0.142079	3684.57
0.142101	3686.6
0.142124	3688.66
0.142146	3690.68
0.142168	3692.65
0.142191	3694.58
0.142213	3696.5
0.142236	3698.45
0.142258	3700.4
0.14228	3702.33
0.142303	3704.29
0.142325	3706.22
0.142347	3708.09
0.14237	3710
0.142392	3711.88
0.142414	3713.88
0.142437	3715.85
0.142459	3717.89
0.142481	3719.75
0.142504	3721.61
0.142526	3723.49
0.142548	3725.38
0.142571	3727.24
0.142593	3729.07
0.142615	3730.95
0.142638	3732.8
0.14266	3734.69
0.142682	3736.59
0.142705	3738.52
0.142727	3740.41
0.142749	3742.31
0.142772	3744.19
0.142794	3746.13
0.142816	3748
0.142839	3749.91
0.142861	3751.75
0.142883	3753.65
0.142906	3755.52
0.142928	3757.38
0.14295	3759.23
0.142973	3761.18
0.142995	3763.1
0.143017	3765.01
0.14304	3766.95
0.143062	3769
0.143084	3770.94
0.143106	3772.85
0.143129	3774.83
0.143151	3776.76
0.143173	3778.81
0.143196	3780.72
0.143218	3782.6
0.14324	3784.61
0.143263	3786.55
0.143285	3788.46
0.143307	3790.37
0.143329	3792.35
0.143352	3794.3
0.143374	3796.28
0.143396	3798.18
0.143419	3800.14
0.143441	3802.01
0.143463	3803.93
0.143485	3805.84
0.143508	3807.78
0.14353	3809.68
0.143552	3811.5
0.143575	3813.37
0.143597	3815.21
0.143619	3817.09
0.143641	3819.07
0.143664	3821.07
0.143686	3823.04
0.143708	3824.96
0.14373	3826.95
0.143753	3828.81
0.143775	3830.72
0.143797	3832.61
0.14382	3834.56
0.143842	3836.49
0.143864	3838.44
0.143886	3840.31
0.143909	3842.26
0.143931	3844.14
0.143953	3846.06
0.143975	3847.97
0.143998	3849.86
0.14402	3851.8
0.144042	3853.69
0.144064	3855.57
0.144087	3857.45
0.144109	3859.29
0.144131	3861.18
0.144153	3863.15
0.144176	3864.99
0.144198	3866.83
0.14422	3868.69
0.144242	3870.54
0.144265	3872.42
0.144287	3874.26
0.144309	3876.13
0.144331	3877.96
0.144354	3879.8
0.144376	3881.68
0.144398	3883.54
0.14442	3885.37
0.144443	3887.25
0.144465	3889.06
0.144487	3890.94
0.144509	3892.83
0.144531	3894.66
0.144554	3896.48
0.144576	3898.37
0.144598	3900.24
0.14462	3902.12
0.144643	3904.02
0.144665	3905.91
0.144687	3907.76
0.144709	3909.62
0.144731	3911.41
0.144754	3913.22
0.144776	3915.09
0.144798	3916.96
0.14482	3918.82
0.144843	3920.67
0.144865	3922.55
0.144887	3924.47
0.144909	3926.39
0.144931	3928.29
0.144954	3930.21
0.144976	3932.18
0.144998	3935.81
0.14502	3937.8
0.145042	3939.78
0.145065	3941.74
0.145087	3943.72
0.145109	3945.69
0.145131	3947.67
0.145154	3949.65
0.145176	3951.63
0.145198	3953.51
0.14522	3955.31
0.145242	3957.14
0.145265	3959.03
0.145287	3960.89
0.145309	3962.73
0.145331	3964.62
0.145353	3966.5
0.145376	3968.34
0.145398	3970.28
0.14542	3972.26
0.145442	3974.22
0.145464	3976.18
0.145487	3978.16
0.145509	3980.12
0.145531	3982.11
0.145553	3984.08
0.145575	3986.05
0.145597	3988.04
0.14562	3990.01
0.145642	3991.99
0.145664	3993.96
0.145686	3995.93
0.145708	3997.9
0.145731	3999.88
0.145753	4001.85
0.145775	4003.83
0.145797	4005.81
0.145819	4007.77
0.145842	4009.72
0.145864	4011.7
0.145886	4013.67
0.145908	4015.63
0.14593	4017.61
0.145952	4019.58
0.145975	4021.55
0.145997	4023.55
0.146019	4025.53
0.146041	4027.5
0.146063	4029.46
0.146086	4031.43
0.146108	4033.4
0.14613	4035.38
0.146152	4037.36
0.146174	4039.34
0.146196	4041.31
0.146219	4043.28
0.146241	4045.25
0.146263	4047.21
0.146285	4049.19
0.146307	4051.17
0.146329	4053.14
0.146352	4055.12
0.146374	4057.09
0.146396	4059.07
0.146418	4061.04
0.14644	4063.01
0.146462	4065
0.146485	4066.98
0.146507	4068.95
0.146529	4070.93
0.146551	4072.9
0.146573	4074.86
0.146596	4076.83
0.146618	4078.79
0.14664	4080.72
0.146662	4082.55
0.146684	4084.4
0.146706	4086.24
0.146729	4088.18
0.146751	4090.15
0.146773	4092.12
0.146795	4093.98
0.146817	4095.91
0.146839	4097.88
0.146862	4099.85
0.146884	4101.81
0.146906	4103.79
0.146928	4105.76
0.14695	4107.74
0.146972	4109.71
0.146995	4111.68
0.147017	4113.65
0.147039	4115.67
0.147061	4117.66
0.147083	4119.68
0.147105	4121.69
0.147128	4123.7
0.14715	4125.7
0.147172	4127.7
0.147194	4129.71
0.147216	4131.72
0.147238	4133.73
0.147261	4135.73
0.147283	4137.75
0.147305	4139.74
0.147327	4141.75
0.147349	4143.76
0.147371	4145.78
0.147393	4147.79
0.147416	4149.79
0.147438	4151.8
0.14746	4153.81
0.147482	4155.82
0.147504	4157.84
0.147526	4159.85
0.147549	4161.86
0.147571	4163.88
0.147593	4165.88
0.147615	4167.84
0.147637	4169.77
0.147659	4171.7
0.147682	4173.67
0.147704	4175.64
0.147726	4177.65
0.147748	4179.66
0.14777	4181.67
0.147792	4183.67
0.147815	4185.67
0.147837	4187.67
0.147859	4189.64
0.147881	4191.65
0.147903	4193.65
0.147925	4195.62
0.147948	4197.64
0.14797	4199.65
0.147992	4201.65
0.148014	4203.65
0.148036	4205.64
0.148058	4207.68
0.148081	4209.69
0.148103	4211.72
0.148125	4213.73
0.148147	4215.76
0.148169	4217.78
0.148191	4219.8
0.148214	4221.83
0.148236	4223.86
0.148258	4225.87
0.14828	4227.89
0.148302	4229.93
0.148324	4231.97
0.148347	4234.02
0.148369	4236.06
0.148391	4238.1
0.148413	4240.14
0.148435	4242.18
0.148458	4244.24
0.14848	4246.3
0.148502	4248.36
0.148524	4250.41
0.148546	4252.45
0.148568	4254.5
0.148591	4256.55
0.148613	4258.6
0.148635	4260.65
0.148657	4262.69
0.148679	4264.73
0.148701	4266.75
0.148724	4268.76
0.148746	4270.77
0.148768	4272.79
0.14879	4274.81
0.148812	4276.85
0.148835	4278.88
0.148857	4280.92
0.148879	4282.96
0.148901	4284.99
0.148923	4287.02
0.148945	4288.96
0.148968	4291
0.14899	4293.03
0.149012	4295.07
0.149034	4297.11
0.149056	4299.15
0.149079	4301.17
0.149101	4303.21
0.149123	4305.26
0.149145	4307.31
0.149167	4309.34
0.149189	4311.38
0.149212	4313.41
0.149234	4315.45
0.149256	4317.51
0.149278	4319.55
0.1493	4321.59
0.149323	4323.64
0.149345	4325.68
0.149367	4327.73
0.149389	4329.75
0.149411	4331.8
0.149434	4333.86
0.149456	4335.9
0.149478	4337.95
0.1495	4340
0.149522	4342.04
0.149545	4344.08
0.149567	4346.12
0.149589	4348.16
0.149611	4350.2
0.149633	4352.24
0.149656	4354.27
0.149678	4356.31
0.1497	4358.36
0.149722	4360.32
0.149744	4362.3
0.149767	4364.35
0.149789	4366.38
0.149811	4368.43
0.149833	4370.49
0.149856	4372.54
0.149878	4374.59
0.1499	4376.63
0.149922	4378.67
0.149944	4380.7
0.149967	4382.74
0.149989	4386.5
0.150011	4388.58
