0.100017	0.000142564
0.10004	0.000142634
0.100063	0.000142705
0.100086	0.000142775
0.100109	0.000142845
0.100132	0.000142916
0.100154	0.000142988
0.100177	0.000143059
0.1002	0.00014313
0.100223	0.000143201
0.100246	0.000143271
0.100269	0.000143342
0.100292	0.000143413
0.100314	0.000143486
0.100337	0.000143559
0.10036	0.000143632
0.100383	0.000143705
0.100406	0.000143778
0.100429	0.000143851
0.100451	0.000143924
0.100474	0.000143997
0.100497	0.000144069
0.10052	0.000144143
0.100543	0.000144216
0.100566	0.000144289
0.100588	0.000144363
0.100611	0.000144436
0.100634	0.00014451
0.100657	0.000144583
0.10068	0.000144656
0.100703	0.00014473
0.100725	0.000144804
0.100748	0.00014488
0.100771	0.000144956
0.100794	0.000145031
0.100817	0.000145107
0.10084	0.000145182
0.100862	0.000145258
0.100885	0.000145333
0.100908	0.000145409
0.100931	0.000145486
0.100954	0.000145561
0.100976	0.000145637
0.100999	0.000145714
0.101022	0.00014579
0.101045	0.000145867
0.101068	0.000145944
0.10109	0.000146021
0.101113	0.000146098
0.101136	0.000146175
0.101159	0.00014625
0.101182	0.000146326
0.101205	0.000146402
0.101227	0.000146479
0.10125	0.000146555
0.101273	0.000146631
0.101296	0.000146707
0.101319	0.000146783
0.101341	0.000146859
0.101364	0.000146934
0.101387	0.000147011
0.10141	0.000147088
0.101432	0.000147165
0.101455	0.00014724
0.101478	0.000147315
0.101501	0.000147391
0.101524	0.000147467
0.101546	0.000147543
0.101569	0.000147618
0.101592	0.000147694
0.101615	0.00014777
0.101638	0.000147847
0.10166	0.000147924
0.101683	0.000148002
0.101706	0.00014808
0.101729	0.000148159
0.101751	0.000148238
0.101774	0.000148317
0.101797	0.000148398
0.10182	0.000148478
0.101843	0.000148557
0.101865	0.000148636
0.101888	0.000148716
0.101911	0.000148797
0.101934	0.000148877
0.101956	0.000148959
0.101979	0.000149042
0.102002	0.000149125
0.102025	0.000149207
0.102047	0.000149288
0.10207	0.00014937
0.102093	0.000149451
0.102116	0.000149534
0.102138	0.000149617
0.102161	0.000149701
0.102184	0.000149784
0.102207	0.000149867
0.102229	0.000149949
0.102252	0.000150032
0.102275	0.000150116
0.102298	0.000150199
0.102321	0.000150283
0.102343	0.000150369
0.102366	0.000150454
0.102389	0.000150537
0.102411	0.000150621
0.102434	0.000150704
0.102457	0.000150788
0.10248	0.000150874
0.102502	0.00015096
0.102525	0.000151047
0.102548	0.000151133
0.102571	0.00015122
0.102593	0.000151307
0.102616	0.000151393
0.102639	0.000151479
0.102662	0.000151566
0.102684	0.000151653
0.102707	0.000151741
0.10273	0.000151827
0.102753	0.000151914
0.102775	0.000152
0.102798	0.000152087
0.102821	0.000152173
0.102844	0.000152261
0.102866	0.000152349
0.102889	0.000152437
0.102912	0.000152524
0.102934	0.000152611
0.102957	0.000152699
0.10298	0.000152787
0.103003	0.000152874
0.103025	0.000152962
0.103048	0.000153048
0.103071	0.000153133
0.103093	0.000153218
0.103116	0.000153303
0.103139	0.000153389
0.103162	0.000153475
0.103184	0.000153561
0.103207	0.000153648
0.10323	0.000153736
0.103252	0.000153822
0.103275	0.000153907
0.103298	0.000153994
0.103321	0.00015408
0.103343	0.000154167
0.103366	0.000154254
0.103389	0.000154339
0.103411	0.000154425
0.103434	0.000154512
0.103457	0.000154601
0.10348	0.000154691
0.103502	0.000154782
0.103525	0.000154871
0.103548	0.00015496
0.10357	0.000155048
0.103593	0.000155136
0.103616	0.000155222
0.103638	0.00015531
0.103661	0.0001554
0.103684	0.000155489
0.103707	0.000155579
0.103729	0.000155668
0.103752	0.000155756
0.103775	0.000155844
0.103797	0.000155932
0.10382	0.000156019
0.103843	0.000156107
0.103865	0.000156196
0.103888	0.000156284
0.103911	0.000156372
0.103933	0.000156459
0.103956	0.000156548
0.103979	0.000156638
0.104001	0.000156728
0.104024	0.000156819
0.104047	0.000156909
0.10407	0.000156998
0.104092	0.000157088
0.104115	0.000157178
0.104138	0.000157269
0.10416	0.00015736
0.104183	0.000157451
0.104206	0.000157541
0.104228	0.000157631
0.104251	0.00015772
0.104274	0.000157809
0.104296	0.000157898
0.104319	0.000157987
0.104342	0.000158076
0.104364	0.000158167
0.104387	0.000158258
0.10441	0.000158349
0.104432	0.000158441
0.104455	0.000158531
0.104478	0.000158622
0.1045	0.000158715
0.104523	0.000158808
0.104546	0.0001589
0.104568	0.000158993
0.104591	0.000159085
0.104614	0.000159177
0.104636	0.000159268
0.104659	0.000159361
0.104682	0.000159453
0.104704	0.000159544
0.104727	0.000159634
0.10475	0.000159723
0.104772	0.000159812
0.104795	0.000159902
0.104818	0.000159993
0.10484	0.000160085
0.104863	0.000160178
0.104886	0.000160271
0.104908	0.000160362
0.104931	0.000160453
0.104954	0.000160544
0.104976	0.000160638
0.104999	0.000160732
0.105022	0.000160824
0.105044	0.000160916
0.105067	0.000161007
0.105089	0.000161097
0.105112	0.000161189
0.105135	0.000161282
0.105157	0.000161376
0.10518	0.00016147
0.105203	0.000161564
0.105225	0.000161658
0.105248	0.000161752
0.105271	0.000161846
0.105293	0.00016194
0.105316	0.000162035
0.105339	0.000162131
0.105361	0.000162226
0.105384	0.000162322
0.105407	0.000162416
0.105429	0.000162512
0.105452	0.00016261
0.105474	0.000162708
0.105497	0.000162806
0.10552	0.000162904
0.105542	0.000163
0.105565	0.000163096
0.105588	0.000163192
0.10561	0.000163289
0.105633	0.000163386
0.105656	0.000163483
0.105678	0.000163579
0.105701	0.000163673
0.105724	0.000163767
0.105746	0.00016386
0.105769	0.000163956
0.105791	0.00016405
0.105814	0.000164146
0.105837	0.000164244
0.105859	0.000164344
0.105882	0.000164442
0.105905	0.00016454
0.105927	0.000164639
0.10595	0.000164737
0.105972	0.000164836
0.105995	0.000164935
0.106018	0.000165035
0.10604	0.000165131
0.106063	0.000165228
0.106086	0.000165327
0.106108	0.000165424
0.106131	0.00016552
0.106154	0.000165615
0.106176	0.000165709
0.106199	0.000165802
0.106221	0.000165899
0.106244	0.000165995
0.106267	0.000166092
0.106289	0.00016619
0.106312	0.00016629
0.106335	0.000166389
0.106357	0.000166487
0.10638	0.000166583
0.106402	0.00016668
0.106425	0.000166778
0.106448	0.000166876
0.10647	0.000166973
0.106493	0.000167069
0.106516	0.000167165
0.106538	0.000167262
0.106561	0.000167358
0.106583	0.000167454
0.106606	0.000167549
0.106629	0.000167647
0.106651	0.000167745
0.106674	0.000167842
0.106696	0.000167938
0.106719	0.000168036
0.106742	0.000168136
0.106764	0.000168235
0.106787	0.000168334
0.10681	0.000168432
0.106832	0.000168532
0.106855	0.000168633
0.106877	0.000168734
0.1069	0.000168836
0.106923	0.000168936
0.106945	0.000169037
0.106968	0.000169139
0.106991	0.000169241
0.107013	0.000169345
0.107036	0.000169446
0.107058	0.000169549
0.107081	0.000169652
0.107104	0.000169755
0.107126	0.000169857
0.107149	0.000169959
0.107171	0.000170059
0.107194	0.000170161
0.107217	0.000170265
0.107239	0.000170368
0.107262	0.00017047
0.107285	0.000170572
0.107307	0.000170675
0.10733	0.000170778
0.107352	0.00017088
0.107375	0.000170983
0.107398	0.000171086
0.10742	0.000171188
0.107443	0.00017129
0.107465	0.00017139
0.107488	0.000171491
0.107511	0.000171593
0.107533	0.000171694
0.107556	0.000171796
0.107579	0.000171896
0.107601	0.000171995
0.107624	0.000172097
0.107646	0.000172198
0.107669	0.000172299
0.107692	0.000172402
0.107714	0.000172504
0.107737	0.000172606
0.107759	0.000172708
0.107782	0.000172811
0.107805	0.000172913
0.107827	0.000173012
0.10785	0.000173112
0.107872	0.000173211
0.107895	0.00017331
0.107918	0.000173409
0.10794	0.00017351
0.107963	0.000173611
0.107986	0.000173714
0.108008	0.000173815
0.108031	0.000173916
0.108053	0.000174017
0.108076	0.000174118
0.108099	0.000174221
0.108121	0.000174322
0.108144	0.000174423
0.108166	0.000174525
0.108189	0.00017463
0.108212	0.000174732
0.108234	0.000174835
0.108257	0.000174937
0.108279	0.000175039
0.108302	0.000175141
0.108325	0.000175241
0.108347	0.000175342
0.10837	0.000175442
0.108393	0.000175543
0.108415	0.000175645
0.108438	0.000175748
0.10846	0.000175848
0.108483	0.000175949
0.108506	0.000176049
0.108528	0.00017615
0.108551	0.00017625
0.108573	0.000176351
0.108596	0.000176452
0.108619	0.000176554
0.108641	0.000176655
0.108664	0.000176758
0.108687	0.000176859
0.108709	0.000176961
0.108732	0.000177063
0.108754	0.000177165
0.108777	0.000177267
0.1088	0.00017737
0.108822	0.000177472
0.108845	0.000177572
0.108867	0.000177671
0.10889	0.000177771
0.108913	0.000177872
0.108935	0.000177971
0.108958	0.000178068
0.10898	0.000178166
0.109003	0.000178264
0.109026	0.000178365
0.109048	0.000178467
0.109071	0.000178567
0.109094	0.000178667
0.109116	0.000178765
0.109139	0.000178865
0.109161	0.000178966
0.109184	0.000179065
0.109207	0.000179166
0.109229	0.000179266
0.109252	0.000179367
0.109275	0.000179469
0.109297	0.000179571
0.10932	0.000179673
0.109342	0.000179775
0.109365	0.000179877
0.109388	0.000179977
0.10941	0.000180076
0.109433	0.000180173
0.109455	0.000180271
0.109478	0.000180371
0.109501	0.00018047
0.109523	0.000180571
0.109546	0.000180669
0.109569	0.000180768
0.109591	0.000180865
0.109614	0.000180962
0.109636	0.000181061
0.109659	0.00018116
0.109682	0.000181258
0.109704	0.00018136
0.109727	0.00018146
0.10975	0.000181558
0.109772	0.000181657
0.109795	0.000181754
0.109817	0.00018185
0.10984	0.000181947
0.109863	0.000182043
0.109885	0.000182139
0.109908	0.000182234
0.109931	0.000182328
0.109953	0.000182423
0.109976	0.000182518
0.109998	0.000182613
0.110021	0.000182708
0.110044	0.000182802
0.110066	0.000182897
0.110089	0.000182992
0.110112	0.000183088
0.110134	0.000183185
0.110157	0.000183281
0.11018	0.00018338
0.110202	0.000183476
0.110225	0.000183572
0.110247	0.000183669
0.11027	0.000183764
0.110293	0.000183858
0.110315	0.000183952
0.110338	0.000184045
0.110361	0.000184138
0.110383	0.00018423
0.110406	0.000184322
0.110428	0.000184415
0.110451	0.000184508
0.110474	0.000184601
0.110496	0.000184694
0.110519	0.000184787
0.110542	0.00018488
0.110564	0.000184975
0.110587	0.00018507
0.11061	0.000185164
0.110632	0.000185259
0.110655	0.000185353
0.110678	0.000185447
0.1107	0.000185541
0.110723	0.000185635
0.110745	0.00018573
0.110768	0.000185825
0.110791	0.00018592
0.110813	0.000186012
0.110836	0.000186104
0.110859	0.000186196
0.110881	0.000186287
0.110904	0.000186377
0.110927	0.000186469
0.110949	0.000186559
0.110972	0.00018665
0.110995	0.000186743
0.111017	0.000186835
0.11104	0.000186929
0.111063	0.000187021
0.111085	0.000187111
0.111108	0.000187202
0.11113	0.000187294
0.111153	0.000187387
0.111176	0.000187481
0.111198	0.000187574
0.111221	0.000187667
0.111244	0.00018776
0.111266	0.000187853
0.111289	0.000187944
0.111312	0.000188034
0.111334	0.000188123
0.111357	0.000188212
0.11138	0.0001883
0.111402	0.000188387
0.111425	0.000188474
0.111448	0.000188565
0.11147	0.000188657
0.111493	0.000188748
0.111516	0.000188838
0.111538	0.00018893
0.111561	0.00018902
0.111584	0.000189111
0.111606	0.000189204
0.111629	0.000189295
0.111652	0.000189388
0.111674	0.000189481
0.111697	0.000189575
0.11172	0.000189669
0.111742	0.000189763
0.111765	0.000189855
0.111788	0.000189946
0.11181	0.000190036
0.111833	0.000190126
0.111856	0.000190214
0.111878	0.000190306
0.111901	0.000190396
0.111924	0.000190489
0.111946	0.00019058
0.111969	0.000190672
0.111992	0.000190764
0.112014	0.000190859
0.112037	0.000190954
0.11206	0.00019105
0.112082	0.000191147
0.112105	0.000191243
0.112128	0.000191337
0.11215	0.000191432
0.112173	0.000191527
0.112196	0.000191622
0.112219	0.000191716
0.112241	0.00019181
0.112264	0.000191903
0.112287	0.000191996
0.112309	0.000192089
0.112332	0.000192182
0.112355	0.000192275
0.112377	0.000192367
0.1124	0.000192461
0.112423	0.000192554
0.112445	0.000192647
0.112468	0.000192741
0.112491	0.000192837
0.112513	0.000192934
0.112536	0.000193029
0.112559	0.000193124
0.112582	0.000193219
0.112604	0.000193312
0.112627	0.000193406
0.11265	0.0001935
0.112672	0.000193595
0.112695	0.00019369
0.112718	0.000193786
0.11274	0.000193881
0.112763	0.000193975
0.112786	0.000194069
0.112809	0.000194163
0.112831	0.000194257
0.112854	0.000194352
0.112877	0.000194446
0.112899	0.000194541
0.112922	0.000194637
0.112945	0.000194734
0.112967	0.000194833
0.11299	0.000194931
0.113013	0.00019503
0.113036	0.000195128
0.113058	0.000195226
0.113081	0.000195323
0.113104	0.000195421
0.113126	0.000195518
0.113149	0.000195616
0.113172	0.000195713
0.113195	0.00019581
0.113217	0.000195908
0.11324	0.000196006
0.113263	0.000196104
0.113285	0.000196201
0.113308	0.000196299
0.113331	0.000196395
0.113354	0.000196493
0.113376	0.000196591
0.113399	0.000196691
0.113422	0.00019679
0.113445	0.000196891
0.113467	0.000196991
0.11349	0.000197093
0.113513	0.000197193
0.113535	0.000197295
0.113558	0.000197396
0.113581	0.000197498
0.113604	0.000197599
0.113626	0.0001977
0.113649	0.000197802
0.113672	0.000197903
0.113695	0.000198004
0.113717	0.000198105
0.11374	0.000198205
0.113763	0.000198305
0.113786	0.000198406
0.113808	0.000198508
0.113831	0.000198612
0.113854	0.0001987
0.113876	0.000198786
0.113899	0.000198872
0.113922	0.00019896
0.113945	0.000199047
0.113967	0.000199136
0.11399	0.000199225
0.114013	0.000199315
0.114036	0.000199406
0.114058	0.000199499
0.114081	0.000199591
0.114104	0.000199683
0.114126	0.000199775
0.114149	0.000199868
0.114172	0.000199961
0.114195	0.000200053
0.114217	0.000200144
0.11424	0.000200234
0.114263	0.000200325
0.114286	0.000200417
0.114308	0.000200508
0.114331	0.0002006
0.114354	0.000200691
0.114376	0.000200783
0.114399	0.000200879
0.114422	0.000200976
0.114444	0.000201072
0.114467	0.00020117
0.11449	0.000201264
0.114513	0.00020136
0.114535	0.000201456
0.114558	0.00020155
0.114581	0.000201645
0.114603	0.00020174
0.114626	0.000201832
0.114649	0.000201926
0.114671	0.000202019
0.114694	0.000202112
0.114717	0.000202208
0.11474	0.000202303
0.114762	0.000202397
0.114785	0.00020249
0.114808	0.000202584
0.11483	0.000202681
0.114853	0.00020278
0.114876	0.000202879
0.114898	0.000202977
0.114921	0.000203074
0.114944	0.000203172
0.114966	0.000203269
0.114989	0.000203366
0.115012	0.000203463
0.115034	0.00020356
0.115057	0.000203657
0.11508	0.000203753
0.115102	0.00020385
0.115125	0.000203947
0.115148	0.000204043
0.11517	0.000204141
0.115193	0.00020424
0.115216	0.000204339
0.115238	0.000204437
0.115261	0.000204538
0.115284	0.000204639
0.115306	0.000204744
0.115329	0.000204849
0.115352	0.000204955
0.115374	0.000205059
0.115397	0.000205163
0.11542	0.000205267
0.115442	0.00020537
0.115465	0.000205472
0.115488	0.000205575
0.11551	0.000205678
0.115533	0.00020578
0.115556	0.000205884
0.115578	0.000205986
0.115601	0.000206089
0.115624	0.00020619
0.115646	0.000206289
0.115669	0.000206389
0.115691	0.00020649
0.115714	0.000206594
0.115737	0.000206699
0.115759	0.000206805
0.115782	0.000206911
0.115805	0.000207018
0.115827	0.000207126
0.11585	0.000207232
0.115873	0.00020734
0.115895	0.000207449
0.115918	0.000207558
0.11594	0.000207668
0.115963	0.000207778
0.115986	0.000207889
0.116008	0.000207997
0.116031	0.000208104
0.116054	0.00020821
0.116076	0.000208316
0.116099	0.00020842
0.116121	0.000208524
0.116144	0.000208631
0.116167	0.00020874
0.116189	0.00020885
0.116212	0.00020896
0.116235	0.00020907
0.116257	0.000209183
0.11628	0.000209295
0.116302	0.000209408
0.116325	0.000209524
0.116348	0.00020964
0.11637	0.000209757
0.116393	0.000209873
0.116415	0.000209991
0.116438	0.00021011
0.116461	0.000210227
0.116483	0.000210343
0.116506	0.000210458
0.116528	0.000210571
0.116551	0.000210683
0.116574	0.000210795
0.116596	0.000210907
0.116619	0.000211021
0.116641	0.000211133
0.116664	0.000211246
0.116687	0.000211362
0.116709	0.000211477
0.116732	0.000211595
0.116754	0.000211712
0.116777	0.000211831
0.1168	0.000211949
0.116822	0.000212068
0.116845	0.000212187
0.116867	0.000212308
0.11689	0.000212428
0.116912	0.000212548
0.116935	0.000212666
0.116958	0.000212784
0.11698	0.000212903
0.117003	0.000213022
0.117025	0.000213139
0.117048	0.000213258
0.11707	0.000213376
0.117093	0.000213493
0.117116	0.000213609
0.117138	0.000213724
0.117161	0.000213842
0.117183	0.000213964
0.117206	0.000214086
0.117228	0.000214208
0.117251	0.000214328
0.117274	0.000214448
0.117296	0.00021457
0.117319	0.00021469
0.117341	0.00021481
0.117364	0.000214928
0.117386	0.000215045
0.117409	0.000215161
0.117432	0.000215279
0.117454	0.000215397
0.117477	0.000215516
0.117499	0.000215634
0.117522	0.000215751
0.117544	0.000215869
0.117567	0.000215989
0.117589	0.000216111
0.117612	0.000216234
0.117635	0.000216359
0.117657	0.000216484
0.11768	0.000216607
0.117702	0.000216732
0.117725	0.000216857
0.117747	0.000216981
0.11777	0.000217103
0.117792	0.000217225
0.117815	0.000217348
0.117837	0.000217471
0.11786	0.000217594
0.117883	0.000217717
0.117905	0.000217839
0.117928	0.00021796
0.11795	0.000218082
0.117973	0.000218203
0.117995	0.000218326
0.118018	0.00021845
0.11804	0.000218574
0.118063	0.000218701
0.118085	0.000218829
0.118108	0.000218959
0.11813	0.000219089
0.118153	0.000219221
0.118175	0.000219351
0.118198	0.000219481
0.118221	0.00021961
0.118243	0.000219739
0.118266	0.000219868
0.118288	0.000219997
0.118311	0.000220124
0.118333	0.00022025
0.118356	0.000220376
0.118378	0.000220502
0.118401	0.000220626
0.118423	0.000220749
0.118446	0.000220874
0.118468	0.000221003
0.118491	0.000221132
0.118513	0.00022126
0.118536	0.00022139
0.118558	0.000221521
0.118581	0.000221653
0.118603	0.000221785
0.118626	0.000221918
0.118648	0.000222054
0.118671	0.000222191
0.118693	0.000222328
0.118716	0.000222465
0.118738	0.000222601
0.118761	0.000222737
0.118783	0.000222873
0.118806	0.000223007
0.118829	0.000223141
0.118851	0.000223275
0.118874	0.000223408
0.118896	0.000223537
0.118919	0.000223667
0.118941	0.000223801
0.118964	0.000223933
0.118986	0.000224064
0.119009	0.000224195
0.119031	0.000224328
0.119054	0.000224462
0.119076	0.000224596
0.119099	0.00022473
0.119121	0.000224866
0.119144	0.000225004
0.119166	0.000225143
0.119189	0.000225278
0.119211	0.000225411
0.119234	0.000225545
0.119256	0.00022568
0.119279	0.000225813
0.119301	0.000225947
0.119324	0.000226079
0.119346	0.00022621
0.119369	0.00022634
0.119391	0.000226472
0.119414	0.000226604
0.119436	0.000226733
0.119459	0.000226863
0.119481	0.000226994
0.119504	0.000227125
0.119526	0.000227256
0.119548	0.000227387
0.119571	0.00022752
0.119593	0.000227654
0.119616	0.000227788
0.119638	0.00022792
0.119661	0.000228053
0.119683	0.000228186
0.119706	0.000228319
0.119728	0.000228452
0.119751	0.000228582
0.119773	0.000228713
0.119796	0.000228843
0.119818	0.000228973
0.119841	0.000229103
0.119863	0.000229234
0.119886	0.000229364
0.119908	0.000229494
0.119931	0.000229626
0.119953	0.000229758
0.119976	0.000229888
0.119998	0.000230021
0.120021	0.000230151
0.120043	0.000230281
0.120066	0.000230411
0.120088	0.000230538
0.120111	0.000230665
0.120133	0.000230794
0.120156	0.000230924
0.120178	0.000231054
0.120201	0.000231184
0.120223	0.000231314
0.120245	0.000231443
0.120268	0.000231574
0.12029	0.000231701
0.120313	0.000231829
0.120335	0.000231958
0.120358	0.000232086
0.12038	0.000232217
0.120403	0.000232349
0.120425	0.000232477
0.120448	0.000232607
0.12047	0.000232737
0.120493	0.000232862
0.120515	0.000232988
0.120538	0.000233114
0.12056	0.000233239
0.120583	0.000233362
0.120605	0.000233487
0.120628	0.000233608
0.12065	0.000233729
0.120673	0.000233855
0.120695	0.000233978
0.120717	0.000234102
0.12074	0.000234224
0.120762	0.000234348
0.120785	0.000234472
0.120807	0.000234598
0.12083	0.000234728
0.120852	0.000234859
0.120875	0.000234989
0.120897	0.000235118
0.12092	0.000235248
0.120942	0.000235375
0.120965	0.000235501
0.120987	0.000235624
0.12101	0.000235744
0.121032	0.000235865
0.121055	0.000235983
0.121077	0.000236102
0.1211	0.00023622
0.121122	0.000236341
0.121144	0.000236457
0.121167	0.000236574
0.121189	0.000236689
0.121212	0.000236803
0.121234	0.000236921
0.121257	0.000237042
0.121279	0.000237161
0.121302	0.000237282
0.121324	0.000237405
0.121347	0.000237529
0.121369	0.000237652
0.121392	0.000237775
0.121414	0.000237895
0.121437	0.000238014
0.121459	0.00023813
0.121482	0.000238246
0.121504	0.00023836
0.121526	0.000238471
0.121549	0.000238585
0.121571	0.000238698
0.121594	0.000238807
0.121616	0.000238914
0.121639	0.000239021
0.121661	0.000239128
0.121684	0.000239234
0.121706	0.000239343
0.121729	0.000239453
0.121751	0.000239562
0.121774	0.000239672
0.121796	0.000239785
0.121819	0.000239899
0.121841	0.000240016
0.121864	0.000240131
0.121886	0.000240246
0.121908	0.000240358
0.121931	0.000240469
0.121953	0.000240581
0.121976	0.00024069
0.121998	0.000240796
0.122021	0.0002409
0.122043	0.000241002
0.122066	0.000241104
0.122088	0.000241204
0.122111	0.000241305
0.122133	0.000241406
0.122156	0.000241505
0.122178	0.000241603
0.122201	0.000241702
0.122223	0.000241804
0.122246	0.000241906
0.122268	0.000242011
0.122291	0.000242118
0.122313	0.000242227
0.122335	0.000242333
0.122358	0.000242439
0.12238	0.000242544
0.122403	0.000242646
0.122425	0.000242748
0.122448	0.000242847
0.12247	0.000242946
0.122493	0.000243042
0.122515	0.000243135
0.122538	0.000243227
0.12256	0.00024332
0.122583	0.00024341
0.122605	0.000243498
0.122628	0.000243585
0.12265	0.00024367
0.122673	0.000243758
0.122695	0.000243848
0.122718	0.00024394
0.12274	0.000244034
0.122763	0.000244128
0.122785	0.000244224
0.122808	0.000244318
0.12283	0.000244411
0.122853	0.000244504
0.122875	0.000244596
0.122897	0.000244689
0.12292	0.000244781
0.122942	0.000244868
0.122965	0.000244956
0.122987	0.000245045
0.12301	0.000245133
0.123032	0.000245217
0.123055	0.000245298
0.123077	0.000245378
0.1231	0.000245458
0.123122	0.000245539
0.123145	0.000245621
0.123167	0.000245704
0.12319	0.000245789
0.123212	0.000245873
0.123235	0.000245959
0.123257	0.000246046
0.12328	0.000246131
0.123302	0.000246214
0.123325	0.000246298
0.123347	0.00024638
0.12337	0.000246463
0.123392	0.000246543
0.123415	0.000246623
0.123437	0.000246707
0.12346	0.000246788
0.123482	0.000246867
0.123505	0.000246944
0.123527	0.000247018
0.12355	0.000247093
0.123572	0.000247168
0.123595	0.000247245
0.123617	0.000247321
0.12364	0.000247397
0.123662	0.000247472
0.123685	0.000247545
0.123707	0.000247617
0.12373	0.000247693
0.123752	0.000247768
0.123775	0.000247843
0.123797	0.000247918
0.12382	0.000247993
0.123842	0.000248067
0.123865	0.00024814
0.123887	0.000248215
0.12391	0.000248286
0.123932	0.000248355
0.123955	0.000248423
0.123977	0.000248489
0.124	0.000248557
0.124022	0.000248626
0.124045	0.000248696
0.124067	0.000248764
0.12409	0.000248834
0.124112	0.000248898
0.124135	0.00024896
0.124157	0.00024902
0.12418	0.00024908
0.124202	0.00024914
0.124225	0.0002492
0.124247	0.000249262
0.12427	0.000249325
0.124292	0.000249388
0.124315	0.000249452
0.124338	0.000249515
0.12436	0.000249575
0.124383	0.000249635
0.124405	0.000249693
0.124428	0.00024975
0.12445	0.000249808
0.124473	0.000249866
0.124495	0.000249927
0.124518	0.000249991
0.12454	0.000250052
0.124563	0.000250108
0.124585	0.000250162
0.124608	0.000250213
0.12463	0.000250263
0.124653	0.000250315
0.124675	0.000250366
0.124698	0.000250416
0.12472	0.000250466
0.124743	0.000250519
0.124766	0.000250572
0.124788	0.000250623
0.124811	0.000250673
0.124833	0.00025072
0.124856	0.000250765
0.124878	0.00025081
0.124901	0.000250857
0.124923	0.000250907
0.124946	0.000250958
0.124968	0.000251011
0.124991	0.000251063
0.125013	0.000251115
0.125036	0.000251163
0.125059	0.00025121
0.125081	0.000251253
0.125104	0.000251297
0.125126	0.000251338
0.125149	0.000251379
0.125171	0.000251424
0.125194	0.000251469
0.125216	0.000251516
0.125239	0.000251562
0.125261	0.000251605
0.125284	0.000251647
0.125307	0.000251689
0.125329	0.000251732
0.125352	0.000251776
0.125374	0.000251823
0.125397	0.000251871
0.125419	0.000251922
0.125442	0.000251975
0.125464	0.000252026
0.125487	0.000252076
0.12551	0.000252123
0.125532	0.000252167
0.125555	0.000252208
0.125577	0.000252245
0.1256	0.000252282
0.125622	0.000252318
0.125645	0.000252356
0.125668	0.000252393
0.12569	0.000252431
0.125713	0.000252468
0.125735	0.000252507
0.125758	0.000252543
0.12578	0.000252578
0.125803	0.000252614
0.125826	0.000252652
0.125848	0.000252691
0.125871	0.000252733
0.125893	0.000252778
0.125916	0.000252825
0.125938	0.000252871
0.125961	0.000252915
0.125984	0.000252958
0.126006	0.000252996
0.126029	0.000253032
0.126051	0.000253063
0.126074	0.000253093
0.126097	0.000253122
0.126119	0.000253151
0.126142	0.00025318
0.126164	0.000253212
0.126187	0.000253242
0.126209	0.000253273
0.126232	0.000253304
0.126255	0.000253333
0.126277	0.000253365
0.1263	0.000253397
0.126322	0.000253433
0.126345	0.000253471
0.126368	0.000253512
0.12639	0.000253554
0.126413	0.000253597
0.126435	0.000253635
0.126458	0.000253672
0.126481	0.000253707
0.126503	0.000253738
0.126526	0.000253766
0.126548	0.000253791
0.126571	0.000253813
0.126594	0.000253836
0.126616	0.000253861
0.126639	0.000253887
0.126662	0.000253914
0.126684	0.000253941
0.126707	0.000253966
0.126729	0.000253993
0.126752	0.000254023
0.126775	0.000254057
0.126797	0.000254095
0.12682	0.000254134
0.126842	0.000254174
0.126865	0.000254215
0.126888	0.000254256
0.12691	0.000254297
0.126933	0.000254336
0.126956	0.000254372
0.126978	0.000254405
0.127001	0.000254431
0.127023	0.000254454
0.127046	0.000254477
0.127069	0.000254498
0.127091	0.00025452
0.127114	0.000254544
0.127137	0.000254568
0.127159	0.000254592
0.127182	0.00025462
0.127205	0.000254654
0.127227	0.000254691
0.12725	0.000254731
0.127272	0.00025477
0.127295	0.000254785
0.127318	0.000254801
0.12734	0.000254816
0.127363	0.000254833
0.127386	0.000254851
0.127408	0.00025487
0.127431	0.000254885
0.127453	0.000254897
0.127476	0.000254905
0.127499	0.000254905
0.127521	0.000254905
0.127544	0.000254907
0.127567	0.000254911
0.127589	0.000254916
0.127612	0.000254919
0.127634	0.000254924
0.127657	0.000254931
0.12768	0.000254943
0.127702	0.000254958
0.127725	0.000254976
0.127748	0.000254998
0.12777	0.000255022
0.127793	0.000255046
0.127815	0.00025507
0.127838	0.000255097
0.127861	0.000255122
0.127883	0.000255149
0.127906	0.000255176
0.127928	0.000255196
0.127951	0.00025521
0.127974	0.000255219
0.127996	0.000255225
0.128019	0.00025523
0.128041	0.00025524
0.128064	0.000255252
0.128087	0.000255262
0.128109	0.000255275
0.128132	0.000255292
0.128154	0.000255311
0.128177	0.000255333
0.128199	0.000255359
0.128222	0.000255387
0.128245	0.000255417
0.128267	0.000255448
0.12829	0.000255482
0.128312	0.000255515
0.128335	0.000255549
0.128358	0.000255585
0.12838	0.000255621
0.128403	0.00025565
0.128425	0.000255676
0.128448	0.000255691
0.12847	0.000255704
0.128493	0.000255716
0.128516	0.000255731
0.128538	0.000255749
0.128561	0.000255769
0.128583	0.000255792
0.128606	0.000255819
0.128628	0.000255849
0.128651	0.000255884
0.128673	0.000255921
0.128696	0.000255959
0.128719	0.000255999
0.128741	0.00025604
0.128764	0.000256084
0.128786	0.00025613
0.128809	0.000256178
0.128831	0.000256226
0.128854	0.000256274
0.128876	0.000256316
0.128899	0.000256352
0.128921	0.000256378
0.128944	0.000256407
0.128967	0.000256432
0.128989	0.000256462
0.129012	0.000256494
0.129034	0.000256529
0.129057	0.000256569
0.129079	0.000256613
0.129102	0.000256661
0.129124	0.000256712
0.129147	0.000256764
0.129169	0.00025682
0.129192	0.000256878
0.129214	0.000256937
0.129237	0.000256999
0.129259	0.000257064
0.129282	0.000257129
0.129305	0.000257195
0.129327	0.00025726
0.12935	0.000257318
0.129372	0.000257375
0.129395	0.000257421
0.129417	0.000257469
0.12944	0.000257515
0.129462	0.000257563
0.129485	0.000257618
0.129507	0.000257677
0.12953	0.000257737
0.129552	0.000257802
0.129575	0.00025787
0.129597	0.000257939
0.12962	0.000258011
0.129642	0.000258082
0.129665	0.000258155
0.129687	0.00025823
0.12971	0.000258307
0.129732	0.000258388
0.129755	0.00025847
0.129777	0.000258554
0.1298	0.000258641
0.129822	0.000258719
0.129845	0.000258793
0.129867	0.000258857
0.12989	0.000258923
0.129912	0.000258988
0.129935	0.000259059
0.129957	0.000259135
0.12998	0.000259211
0.130002	0.000259289
0.130025	0.00025937
0.130047	0.000259454
0.13007	0.00025954
0.130092	0.000259626
0.130114	0.000259714
0.130137	0.000259804
0.130159	0.000259895
0.130182	0.000259988
0.130204	0.000260083
0.130227	0.000260181
0.130249	0.00026028
0.130272	0.00026038
0.130294	0.00026047
0.130317	0.000260555
0.130339	0.000260629
0.130362	0.000260706
0.130384	0.000260786
0.130407	0.00026087
0.130429	0.000260957
0.130452	0.000261048
0.130474	0.000261144
0.130496	0.000261243
0.130519	0.000261343
0.130541	0.000261443
0.130564	0.000261543
0.130586	0.000261644
0.130609	0.000261748
0.130631	0.000261853
0.130654	0.000261958
0.130676	0.000262064
0.130699	0.000262173
0.130721	0.000262286
0.130743	0.000262395
0.130766	0.000262499
0.130788	0.000262596
0.130811	0.000262688
0.130833	0.000262783
0.130856	0.00026288
0.130878	0.00026298
0.130901	0.000263083
0.130923	0.000263188
0.130945	0.000263295
0.130968	0.000263406
0.13099	0.000263518
0.131013	0.00026363
0.131035	0.000263742
0.131058	0.000263853
0.13108	0.000263967
0.131103	0.000264081
0.131125	0.000264196
0.131147	0.000264316
0.13117	0.000264436
0.131192	0.000264556
0.131215	0.000264674
0.131237	0.000264787
0.13126	0.000264897
0.131282	0.000265003
0.131304	0.000265111
0.131327	0.000265221
0.131349	0.00026534
0.131372	0.000265457
0.131394	0.000265577
0.131417	0.000265698
0.131439	0.000265822
0.131461	0.000265945
0.131484	0.00026607
0.131506	0.000266196
0.131529	0.000266322
0.131551	0.000266448
0.131573	0.000266575
0.131596	0.000266706
0.131618	0.000266837
0.131641	0.000266969
0.131663	0.000267102
0.131686	0.000267233
0.131708	0.000267357
0.13173	0.000267477
0.131753	0.000267597
0.131775	0.000267719
0.131798	0.000267847
0.13182	0.000267976
0.131842	0.000268104
0.131865	0.000268234
0.131887	0.000268369
0.13191	0.000268504
0.131932	0.000268638
0.131954	0.000268776
0.131977	0.000268915
0.131999	0.000269053
0.132022	0.000269189
0.132044	0.000269329
0.132067	0.000269469
0.132089	0.000269609
0.132111	0.000269753
0.132134	0.000269898
0.132156	0.000270038
0.132179	0.000270169
0.132201	0.000270299
0.132223	0.000270429
0.132246	0.000270564
0.132268	0.000270697
0.132291	0.000270835
0.132313	0.00027097
0.132335	0.000271105
0.132358	0.000271242
0.13238	0.000271379
0.132402	0.000271519
0.132425	0.000271659
0.132447	0.0002718
0.13247	0.000271941
0.132492	0.000272085
0.132514	0.000272229
0.132537	0.000272373
0.132559	0.000272517
0.132582	0.000272665
0.132604	0.000272811
0.132626	0.000272952
0.132649	0.000273089
0.132671	0.000273227
0.132694	0.000273364
0.132716	0.000273501
0.132738	0.000273637
0.132761	0.000273775
0.132783	0.000273911
0.132805	0.000274045
0.132828	0.00027418
0.13285	0.000274315
0.132873	0.000274449
0.132895	0.000274583
0.132917	0.00027472
0.13294	0.000274857
0.132962	0.000274995
0.132985	0.000275133
0.133007	0.000275273
0.133029	0.000275413
0.133052	0.000275553
0.133074	0.000275688
0.133096	0.000275824
0.133119	0.000275959
0.133141	0.000276093
0.133164	0.000276226
0.133186	0.000276364
0.133208	0.000276501
0.133231	0.00027664
0.133253	0.000276777
0.133275	0.000276913
0.133298	0.00027705
0.13332	0.000277184
0.133343	0.000277317
0.133365	0.000277451
0.133387	0.000277587
0.13341	0.000277723
0.133432	0.000277861
0.133454	0.000277999
0.133477	0.000278139
0.133499	0.000278279
0.133521	0.00027842
0.133544	0.000278559
0.133566	0.000278698
0.133589	0.000278834
0.133611	0.000278967
0.133633	0.000279103
0.133656	0.000279238
0.133678	0.000279379
0.1337	0.000279518
0.133723	0.000279653
0.133745	0.000279785
0.133767	0.000279917
0.13379	0.000280045
0.133812	0.000280175
0.133835	0.000280304
0.133857	0.000280433
0.133879	0.000280563
0.133902	0.000280695
0.133924	0.000280825
0.133946	0.000280957
0.133969	0.000281092
0.133991	0.000281226
0.134013	0.00028136
0.134036	0.000281493
0.134058	0.00028163
0.134081	0.000281763
0.134103	0.000281898
0.134125	0.000282032
0.134148	0.000282169
0.13417	0.000282307
0.134192	0.00028244
0.134215	0.00028257
0.134237	0.000282696
0.134259	0.000282819
0.134282	0.000282943
0.134304	0.000283067
0.134326	0.000283189
0.134349	0.00028331
0.134371	0.00028343
0.134393	0.000283551
0.134416	0.000283674
0.134438	0.000283801
0.134461	0.000283929
0.134483	0.000284053
0.134505	0.000284178
0.134528	0.000284304
0.13455	0.000284429
0.134572	0.000284555
0.134595	0.000284679
0.134617	0.000284804
0.134639	0.000284929
0.134662	0.000285049
0.134684	0.000285169
0.134706	0.000285284
0.134729	0.000285396
0.134751	0.000285507
0.134773	0.000285615
0.134796	0.000285723
0.134818	0.000285831
0.134841	0.000285941
0.134863	0.000286051
0.134885	0.000286166
0.134908	0.000286281
0.13493	0.000286394
0.134952	0.000286508
0.134975	0.000286621
0.134997	0.00028673
0.135019	0.000286839
0.135042	0.000286949
0.135064	0.00028706
0.135086	0.00028717
0.135109	0.00028728
0.135131	0.000287386
0.135153	0.00028749
0.135176	0.00028759
0.135198	0.000287691
0.13522	0.000287788
0.135243	0.000287881
0.135265	0.000287975
0.135288	0.000288068
0.13531	0.000288162
0.135332	0.000288259
0.135355	0.00028836
0.135377	0.000288461
0.135399	0.000288562
0.135422	0.000288658
0.135444	0.000288753
0.135466	0.000288845
0.135489	0.000288939
0.135511	0.000289035
0.135533	0.000289131
0.135556	0.000289226
0.135578	0.000289322
0.1356	0.000289413
0.135623	0.000289504
0.135645	0.00028959
0.135667	0.000289674
0.13569	0.000289756
0.135712	0.000289836
0.135735	0.000289918
0.135757	0.000289997
0.135779	0.000290081
0.135802	0.000290169
0.135824	0.000290258
0.135846	0.000290344
0.135869	0.000290426
0.135891	0.000290508
0.135913	0.000290586
0.135936	0.000290663
0.135958	0.000290742
0.13598	0.000290821
0.136003	0.000290897
0.136025	0.000290974
0.136048	0.000291051
0.13607	0.000291128
0.136092	0.000291203
0.136115	0.000291271
0.136137	0.000291338
0.136159	0.000291405
0.136182	0.000291474
0.136204	0.000291546
0.136226	0.000291617
0.136249	0.000291694
0.136271	0.000291772
0.136293	0.000291845
0.136316	0.000291917
0.136338	0.000291989
0.136361	0.000292055
0.136383	0.000292119
0.136405	0.000292185
0.136428	0.000292251
0.13645	0.000292318
0.136472	0.000292382
0.136495	0.000292445
0.136517	0.000292507
0.136539	0.000292567
0.136562	0.000292624
0.136584	0.000292679
0.136607	0.000292732
0.136629	0.000292786
0.136651	0.000292841
0.136674	0.000292895
0.136696	0.000292951
0.136718	0.00029301
0.136741	0.000293067
0.136763	0.000293122
0.136785	0.000293176
0.136808	0.000293231
0.13683	0.00029328
0.136853	0.000293326
0.136875	0.000293375
0.136897	0.000293424
0.13692	0.000293473
0.136942	0.000293519
0.136964	0.000293564
0.136987	0.000293607
0.137009	0.000293648
0.137032	0.000293687
0.137054	0.000293723
0.137076	0.000293761
0.137099	0.000293798
0.137121	0.000293836
0.137143	0.000293876
0.137166	0.00029392
0.137188	0.000293962
0.137211	0.000294002
0.137233	0.000294042
0.137255	0.000294081
0.137278	0.000294117
0.1373	0.000294149
0.137322	0.000294181
0.137345	0.000294214
0.137367	0.000294245
0.13739	0.000294276
0.137412	0.000294306
0.137434	0.000294335
0.137457	0.000294361
0.137479	0.000294386
0.137502	0.000294408
0.137524	0.000294429
0.137546	0.00029445
0.137569	0.00029447
0.137591	0.000294493
0.137613	0.000294518
0.137636	0.000294546
0.137658	0.000294574
0.137681	0.000294601
0.137703	0.000294626
0.137725	0.000294647
0.137748	0.000294669
0.13777	0.00029469
0.137793	0.000294712
0.137815	0.000294732
0.137837	0.000294751
0.13786	0.000294767
0.137882	0.000294784
0.137905	0.000294799
0.137927	0.000294811
0.137949	0.000294822
0.137972	0.000294831
0.137994	0.000294838
0.138017	0.000294846
0.138039	0.000294855
0.138061	0.000294867
0.138084	0.000294881
0.138106	0.000294896
0.138129	0.000294909
0.138151	0.000294921
0.138173	0.00029493
0.138196	0.00029494
0.138218	0.000294947
0.138241	0.000294955
0.138263	0.000294963
0.138286	0.000294973
0.138308	0.000294979
0.13833	0.000294988
0.138353	0.000294997
0.138375	0.000295005
0.138398	0.000295009
0.13842	0.000295013
0.138442	0.000295016
0.138465	0.000295019
0.138487	0.00029502
0.13851	0.000295024
0.138532	0.000295035
0.138555	0.000295046
0.138577	0.000295053
0.138599	0.000295057
0.138622	0.00029506
0.138644	0.00029506
0.138667	0.000295058
0.138689	0.000295056
0.138712	0.000295057
0.138734	0.000295062
0.138756	0.000295065
0.138779	0.000295064
0.138801	0.00029506
0.138824	0.000295057
0.138846	0.000295053
0.138869	0.000295048
0.138891	0.000295042
0.138913	0.000295034
0.138936	0.000295028
0.138958	0.000295023
0.138981	0.000295024
0.139003	0.000295025
0.139026	0.000295026
0.139048	0.000295023
0.139071	0.000295021
0.139093	0.000295017
0.139115	0.000295011
0.139138	0.000295005
0.13916	0.000295002
0.139183	0.000295
0.139205	0.000295
0.139228	0.000294998
0.13925	0.000294994
0.139273	0.000294986
0.139295	0.000294979
0.139318	0.000294972
0.13934	0.000294963
0.139362	0.000294956
0.139385	0.000294948
0.139407	0.000294942
0.13943	0.000294938
0.139452	0.000294936
0.139475	0.000294929
0.139497	0.000294922
0.13952	0.000294915
0.139542	0.000294905
0.139565	0.000294897
0.139587	0.000294889
0.13961	0.000294884
0.139632	0.000294879
0.139655	0.000294877
0.139677	0.000294877
0.139699	0.000294876
0.139722	0.000294875
0.139744	0.000294872
0.139767	0.000294865
0.139789	0.00029486
0.139812	0.000294855
0.139834	0.000294847
0.139857	0.000294843
0.139879	0.000294843
0.139902	0.000294844
0.139924	0.000294841
0.139947	0.000294837
0.139969	0.000294831
0.139992	0.000294823
0.140014	0.000294816
0.140037	0.000294811
0.140059	0.000294806
0.140082	0.000294805
0.140104	0.000294808
0.140127	0.00029481
0.140149	0.000294814
0.140172	0.000294816
0.140194	0.000294817
0.140217	0.000294817
0.140239	0.000294818
0.140262	0.000294816
0.140284	0.000294816
0.140307	0.000294789
0.140329	0.000294758
0.140352	0.000294728
0.140374	0.000294697
0.140397	0.000294664
0.140419	0.000294632
0.140442	0.000294602
0.140464	0.00029457
0.140487	0.000294538
0.140509	0.000294507
0.140532	0.00029448
0.140554	0.000294458
0.140577	0.000294435
0.140599	0.000294412
0.140621	0.000294391
0.140644	0.00029437
0.140666	0.000294348
0.140689	0.000294323
0.140711	0.000294297
0.140734	0.000294271
0.140756	0.000294245
0.140779	0.000294223
0.140801	0.000294203
0.140824	0.000294184
0.140846	0.000294163
0.140869	0.00029414
0.140891	0.000294115
0.140914	0.000294089
0.140936	0.000294063
0.140958	0.000294039
0.140981	0.000294016
0.141003	0.000293999
0.141026	0.000293985
0.141048	0.000293971
0.141071	0.000293957
0.141093	0.000293943
0.141116	0.000293932
0.141138	0.00029392
0.14116	0.000293908
0.141183	0.000293895
0.141205	0.000293883
0.141228	0.000293868
0.14125	0.000293855
0.141273	0.000293846
0.141295	0.000293836
0.141317	0.000293828
0.14134	0.000293818
0.141362	0.000293804
0.141385	0.00029379
0.141407	0.000293776
0.14143	0.000293766
0.141452	0.000293757
0.141474	0.000293752
0.141497	0.000293749
0.141519	0.000293748
0.141542	0.000293748
0.141564	0.000293748
0.141586	0.000293749
0.141609	0.000293753
0.141631	0.000293757
0.141654	0.000293761
0.141676	0.000293767
0.141698	0.000293771
0.141721	0.000293772
0.141743	0.000293773
0.141766	0.000293774
0.141788	0.000293777
0.14181	0.000293782
0.141833	0.000293786
0.141855	0.00029379
0.141878	0.000293795
0.1419	0.000293803
0.141922	0.000293814
0.141945	0.000293827
0.141967	0.000293842
0.141989	0.00029386
0.142012	0.000293877
0.142034	0.000293895
0.142057	0.000293913
0.142079	0.000293934
0.142101	0.000293957
0.142124	0.00029398
0.142146	0.000294005
0.142168	0.000294021
0.142191	0.000294038
0.142213	0.000294056
0.142236	0.000294075
0.142258	0.000294094
0.14228	0.000294112
0.142303	0.00029413
0.142325	0.000294151
0.142347	0.000294175
0.14237	0.000294203
0.142392	0.000294232
0.142414	0.000294261
0.142437	0.000294293
0.142459	0.000294327
0.142481	0.00029436
0.142504	0.000294396
0.142526	0.000294436
0.142548	0.00029448
0.142571	0.000294526
0.142593	0.000294572
0.142615	0.000294618
0.142638	0.000294651
0.14266	0.000294688
0.142682	0.000294728
0.142705	0.00029477
0.142727	0.00029481
0.142749	0.00029485
0.142772	0.000294892
0.142794	0.000294936
0.142816	0.000294983
0.142839	0.00029503
0.142861	0.000295078
0.142883	0.000295125
0.142906	0.000295175
0.142928	0.000295225
0.14295	0.000295275
0.142973	0.000295328
0.142995	0.000295381
0.143017	0.000295442
0.14304	0.000295503
0.143062	0.000295564
0.143084	0.000295621
0.143106	0.000295672
0.143129	0.000295724
0.143151	0.00029578
0.143173	0.000295837
0.143196	0.000295894
0.143218	0.000295951
0.14324	0.000296012
0.143263	0.000296078
0.143285	0.000296144
0.143307	0.000296212
0.143329	0.00029628
0.143352	0.000296351
0.143374	0.00029642
0.143396	0.00029649
0.143419	0.000296564
0.143441	0.000296643
0.143463	0.000296723
0.143485	0.000296809
0.143508	0.000296891
0.14353	0.000296973
0.143552	0.000297049
0.143575	0.000297117
0.143597	0.000297191
0.143619	0.000297267
0.143641	0.000297344
0.143664	0.000297418
0.143686	0.000297493
0.143708	0.000297572
0.14373	0.000297651
0.143753	0.000297732
0.143775	0.000297816
0.143797	0.000297901
0.14382	0.000297985
0.143842	0.000298069
0.143864	0.000298157
0.143886	0.00029825
0.143909	0.000298346
0.143931	0.000298446
0.143953	0.000298549
0.143975	0.000298643
0.143998	0.000298735
0.14402	0.000298819
0.144042	0.000298902
0.144064	0.000298994
0.144087	0.000299087
0.144109	0.000299181
0.144131	0.000299272
0.144153	0.000299368
0.144176	0.000299466
0.144198	0.000299563
0.14422	0.000299662
0.144242	0.000299763
0.144265	0.000299864
0.144287	0.000299967
0.144309	0.000300073
0.144331	0.00030018
0.144354	0.00030029
0.144376	0.000300403
0.144398	0.000300523
0.14442	0.000300644
0.144443	0.000300756
0.144465	0.000300864
0.144487	0.000300965
0.144509	0.000301066
0.144531	0.000301172
0.144554	0.00030128
0.144576	0.000301387
0.144598	0.000301495
0.14462	0.000301604
0.144643	0.000301716
0.144665	0.00030183
0.144687	0.000301945
0.144709	0.00030206
0.144731	0.000302173
0.144754	0.000302289
0.144776	0.000302406
0.144798	0.000302526
0.14482	0.00030265
0.144843	0.000302782
0.144865	0.000302912
0.144887	0.000303036
0.144909	0.000303155
0.144931	0.000303269
0.144954	0.000303379
0.144976	0.000303487
0.144998	0.000303598
0.14502	0.000303709
0.145042	0.000303818
0.145065	0.000303931
0.145087	0.000304047
0.145109	0.000304164
0.145131	0.000304282
0.145154	0.000304402
0.145176	0.000304521
0.145198	0.000304643
0.14522	0.000304767
0.145242	0.000304894
0.145265	0.000305023
0.145287	0.000305157
0.145309	0.000305294
0.145331	0.000305433
0.145353	0.000305561
0.145376	0.000305683
0.145398	0.000305801
0.14542	0.000305916
0.145442	0.00030603
0.145464	0.000306145
0.145487	0.00030626
0.145509	0.000306376
0.145531	0.000306492
0.145553	0.00030661
0.145575	0.000306729
0.145597	0.000306847
0.14562	0.000306967
0.145642	0.000307088
0.145664	0.000307209
0.145686	0.000307331
0.145708	0.000307457
0.145731	0.000307587
0.145753	0.00030772
0.145775	0.000307854
0.145797	0.000307984
0.145819	0.000308109
0.145842	0.000308228
0.145864	0.000308342
0.145886	0.000308455
0.145908	0.000308569
0.14593	0.000308681
0.145952	0.000308791
0.145975	0.000308899
0.145997	0.000309011
0.146019	0.000309122
0.146041	0.00030923
0.146063	0.000309339
0.146086	0.000309449
0.146108	0.000309561
0.14613	0.000309673
0.146152	0.000309791
0.146174	0.000309913
0.146196	0.000310039
0.146219	0.000310166
0.146241	0.000310295
0.146263	0.000310421
0.146285	0.00031054
0.146307	0.000310649
0.146329	0.000310755
0.146352	0.00031086
0.146374	0.000310964
0.146396	0.000311069
0.146418	0.000311174
0.14644	0.000311283
0.146462	0.00031139
0.146485	0.000311494
0.146507	0.000311597
0.146529	0.000311699
0.146551	0.000311802
0.146573	0.000311907
0.146596	0.000312016
0.146618	0.00031213
0.14664	0.000312248
0.146662	0.000312367
0.146684	0.000312488
0.146706	0.000312609
0.146729	0.000312726
0.146751	0.000312832
0.146773	0.000312928
0.146795	0.000313021
0.146817	0.000313115
0.146839	0.000313209
0.146862	0.000313307
0.146884	0.000313407
0.146906	0.000313506
0.146928	0.000313606
0.14695	0.000313703
0.146972	0.000313796
0.146995	0.000313891
0.147017	0.000313986
0.147039	0.000314084
0.147061	0.000314184
0.147083	0.00031429
0.147105	0.0003144
0.147128	0.000314512
0.14715	0.000314624
0.147172	0.000314733
0.147194	0.000314836
0.147216	0.000314928
0.147238	0.000315012
0.147261	0.000315097
0.147283	0.000315182
0.147305	0.000315272
0.147327	0.000315365
0.147349	0.000315456
0.147371	0.000315545
0.147393	0.000315635
0.147416	0.00031572
0.147438	0.000315805
0.14746	0.000315889
0.147482	0.000315974
0.147504	0.000316058
0.147526	0.000316147
0.147549	0.000316242
0.147571	0.000316339
0.147593	0.000316437
0.147615	0.000316536
0.147637	0.000316628
0.147659	0.00031671
0.147682	0.000316784
0.147704	0.000316854
0.147726	0.000316926
0.147748	0.000316999
0.14777	0.000317072
0.147792	0.000317149
0.147815	0.000317227
0.147837	0.000317303
0.147859	0.000317375
0.147881	0.000317444
0.147903	0.00031751
0.147925	0.000317576
0.147948	0.000317644
0.14797	0.000317714
0.147992	0.00031779
0.148014	0.000317868
0.148036	0.000317949
0.148058	0.000318028
0.148081	0.000318104
0.148103	0.000318175
0.148125	0.000318236
0.148147	0.000318291
0.148169	0.000318341
0.148191	0.000318395
0.148214	0.000318452
0.148236	0.000318511
0.148258	0.000318571
0.14828	0.000318632
0.148302	0.000318687
0.148324	0.000318737
0.148347	0.000318791
0.148369	0.000318843
0.148391	0.000318894
0.148413	0.000318944
0.148435	0.000319
0.148458	0.000319061
0.14848	0.000319122
0.148502	0.000319184
0.148524	0.000319245
0.148546	0.000319304
0.148568	0.000319353
0.148591	0.000319392
0.148613	0.000319427
0.148635	0.000319456
0.148657	0.00031949
0.148679	0.00031953
0.148701	0.000319571
0.148724	0.000319609
0.148746	0.000319649
0.148768	0.000319687
0.14879	0.000319724
0.148812	0.000319762
0.148835	0.000319801
0.148857	0.000319841
0.148879	0.00031988
0.148901	0.000319923
0.148923	0.000319969
0.148945	0.000320016
0.148968	0.000320064
0.14899	0.000320111
0.149012	0.00032015
0.149034	0.000320179
0.149056	0.000320199
0.149079	0.000320216
0.149101	0.000320231
0.149123	0.000320251
0.149145	0.000320272
0.149167	0.000320296
0.149189	0.000320318
0.149212	0.00032034
0.149234	0.00032036
0.149256	0.000320379
0.149278	0.0003204
0.1493	0.000320427
0.149323	0.000320453
0.149345	0.000320476
0.149367	0.000320498
0.149389	0.000320523
0.149411	0.000320546
0.149434	0.000320573
0.149456	0.000320595
0.149478	0.00032061
0.1495	0.000320613
0.149522	0.000320609
0.149545	0.000320603
0.149567	0.000320598
0.149589	0.0003206
0.149611	0.000320602
0.149633	0.000320604
0.149656	0.000320606
0.149678	0.000320611
0.1497	0.000320615
0.149722	0.00032062
0.149744	0.000320627
0.149767	0.000320637
0.149789	0.000320647
0.149811	0.000320654
0.149833	0.00032066
0.149856	0.000320664
0.149878	0.000320671
0.1499	0.000320673
0.149922	0.000320672
0.149944	0.000320665
0.149967	0.000320648
0.149989	0.000320625
0.150011	0.000320603
