0.100017	9.24001e-06
0.10004	9.24153e-06
0.100063	9.24299e-06
0.100086	9.24441e-06
0.100109	9.24584e-06
0.100132	9.24728e-06
0.100154	9.24873e-06
0.100177	9.25015e-06
0.1002	9.25154e-06
0.100223	9.25295e-06
0.100246	9.25434e-06
0.100269	9.25576e-06
0.100292	9.25724e-06
0.100314	9.25875e-06
0.100337	9.26023e-06
0.10036	9.26174e-06
0.100383	9.26321e-06
0.100406	9.26465e-06
0.100429	9.26601e-06
0.100451	9.26733e-06
0.100474	9.26863e-06
0.100497	9.26989e-06
0.10052	9.27115e-06
0.100543	9.27247e-06
0.100566	9.27374e-06
0.100588	9.27507e-06
0.100611	9.27639e-06
0.100634	9.27776e-06
0.100657	9.27913e-06
0.10068	9.28052e-06
0.100703	9.28182e-06
0.100725	9.28314e-06
0.100748	9.28449e-06
0.100771	9.28582e-06
0.100794	9.28716e-06
0.100817	9.2885e-06
0.10084	9.2899e-06
0.100862	9.2913e-06
0.100885	9.29267e-06
0.100908	9.29402e-06
0.100931	9.29538e-06
0.100954	9.29667e-06
0.100976	9.29798e-06
0.100999	9.29931e-06
0.101022	9.30059e-06
0.101045	9.30192e-06
0.101068	9.30329e-06
0.10109	9.30465e-06
0.101113	9.30605e-06
0.101136	9.30743e-06
0.101159	9.3088e-06
0.101182	9.31016e-06
0.101205	9.31155e-06
0.101227	9.31302e-06
0.10125	9.31452e-06
0.101273	9.31603e-06
0.101296	9.31752e-06
0.101319	9.31903e-06
0.101341	9.3205e-06
0.101364	9.32199e-06
0.101387	9.32346e-06
0.10141	9.32486e-06
0.101432	9.32621e-06
0.101455	9.32755e-06
0.101478	9.32886e-06
0.101501	9.33024e-06
0.101524	9.33164e-06
0.101546	9.33305e-06
0.101569	9.3345e-06
0.101592	9.33597e-06
0.101615	9.33752e-06
0.101638	9.33911e-06
0.10166	9.34068e-06
0.101683	9.34234e-06
0.101706	9.34399e-06
0.101729	9.34563e-06
0.101751	9.34729e-06
0.101774	9.34892e-06
0.101797	9.35049e-06
0.10182	9.35205e-06
0.101843	9.3536e-06
0.101865	9.3552e-06
0.101888	9.35683e-06
0.101911	9.35847e-06
0.101934	9.36012e-06
0.101956	9.36181e-06
0.101979	9.36349e-06
0.102002	9.36519e-06
0.102025	9.36686e-06
0.102047	9.36849e-06
0.10207	9.37016e-06
0.102093	9.37192e-06
0.102116	9.37374e-06
0.102138	9.37565e-06
0.102161	9.37756e-06
0.102184	9.37947e-06
0.102207	9.3814e-06
0.102229	9.38332e-06
0.102252	9.38523e-06
0.102275	9.38711e-06
0.102298	9.38896e-06
0.102321	9.3908e-06
0.102343	9.3926e-06
0.102366	9.39438e-06
0.102389	9.39624e-06
0.102411	9.39811e-06
0.102434	9.39998e-06
0.102457	9.40184e-06
0.10248	9.40372e-06
0.102502	9.40559e-06
0.102525	9.4075e-06
0.102548	9.40944e-06
0.102571	9.41148e-06
0.102593	9.41355e-06
0.102616	9.41558e-06
0.102639	9.41763e-06
0.102662	9.41968e-06
0.102684	9.42167e-06
0.102707	9.42367e-06
0.10273	9.42565e-06
0.102753	9.42767e-06
0.102775	9.42973e-06
0.102798	9.43175e-06
0.102821	9.43376e-06
0.102844	9.43583e-06
0.102866	9.43792e-06
0.102889	9.44004e-06
0.102912	9.44215e-06
0.102934	9.44421e-06
0.102957	9.44628e-06
0.10298	9.44836e-06
0.103003	9.45047e-06
0.103025	9.45261e-06
0.103048	9.45473e-06
0.103071	9.45688e-06
0.103093	9.45906e-06
0.103116	9.46127e-06
0.103139	9.46355e-06
0.103162	9.46584e-06
0.103184	9.46816e-06
0.103207	9.47048e-06
0.10323	9.47287e-06
0.103252	9.47522e-06
0.103275	9.47753e-06
0.103298	9.47988e-06
0.103321	9.48223e-06
0.103343	9.48455e-06
0.103366	9.48689e-06
0.103389	9.48925e-06
0.103411	9.49163e-06
0.103434	9.49404e-06
0.103457	9.49648e-06
0.10348	9.49893e-06
0.103502	9.50138e-06
0.103525	9.50384e-06
0.103548	9.50627e-06
0.10357	9.50868e-06
0.103593	9.51113e-06
0.103616	9.51357e-06
0.103638	9.51601e-06
0.103661	9.51857e-06
0.103684	9.52113e-06
0.103707	9.52365e-06
0.103729	9.52625e-06
0.103752	9.52889e-06
0.103775	9.53152e-06
0.103797	9.5342e-06
0.10382	9.53686e-06
0.103843	9.53948e-06
0.103865	9.54212e-06
0.103888	9.54478e-06
0.103911	9.54744e-06
0.103933	9.55014e-06
0.103956	9.55282e-06
0.103979	9.55549e-06
0.104001	9.55821e-06
0.104024	9.56093e-06
0.104047	9.56372e-06
0.10407	9.5665e-06
0.104092	9.56932e-06
0.104115	9.57225e-06
0.104138	9.57519e-06
0.10416	9.57814e-06
0.104183	9.58115e-06
0.104206	9.58411e-06
0.104228	9.58709e-06
0.104251	9.59007e-06
0.104274	9.59306e-06
0.104296	9.59604e-06
0.104319	9.59908e-06
0.104342	9.60214e-06
0.104364	9.60526e-06
0.104387	9.60843e-06
0.10441	9.61166e-06
0.104432	9.61491e-06
0.104455	9.61815e-06
0.104478	9.62138e-06
0.1045	9.62467e-06
0.104523	9.62797e-06
0.104546	9.63136e-06
0.104568	9.63477e-06
0.104591	9.63821e-06
0.104614	9.64167e-06
0.104636	9.64518e-06
0.104659	9.64871e-06
0.104682	9.65222e-06
0.104704	9.65572e-06
0.104727	9.65922e-06
0.10475	9.66272e-06
0.104772	9.66624e-06
0.104795	9.6698e-06
0.104818	9.67337e-06
0.10484	9.67695e-06
0.104863	9.68055e-06
0.104886	9.68415e-06
0.104908	9.68775e-06
0.104931	9.69141e-06
0.104954	9.69509e-06
0.104976	9.6988e-06
0.104999	9.70257e-06
0.105022	9.70639e-06
0.105044	9.71019e-06
0.105067	9.71406e-06
0.105089	9.71798e-06
0.105112	9.72189e-06
0.105135	9.72584e-06
0.105157	9.72984e-06
0.10518	9.73381e-06
0.105203	9.73779e-06
0.105225	9.74177e-06
0.105248	9.74573e-06
0.105271	9.74978e-06
0.105293	9.75388e-06
0.105316	9.758e-06
0.105339	9.76216e-06
0.105361	9.76637e-06
0.105384	9.77051e-06
0.105407	9.77466e-06
0.105429	9.77883e-06
0.105452	9.78301e-06
0.105474	9.78722e-06
0.105497	9.79143e-06
0.10552	9.79563e-06
0.105542	9.79988e-06
0.105565	9.8042e-06
0.105588	9.8086e-06
0.10561	9.81301e-06
0.105633	9.81745e-06
0.105656	9.82192e-06
0.105678	9.82648e-06
0.105701	9.83108e-06
0.105724	9.8357e-06
0.105746	9.84032e-06
0.105769	9.84497e-06
0.105791	9.84969e-06
0.105814	9.8544e-06
0.105837	9.8591e-06
0.105859	9.86381e-06
0.105882	9.86849e-06
0.105905	9.87319e-06
0.105927	9.87787e-06
0.10595	9.88249e-06
0.105972	9.88707e-06
0.105995	9.89172e-06
0.106018	9.89638e-06
0.10604	9.901e-06
0.106063	9.90562e-06
0.106086	9.91025e-06
0.106108	9.91495e-06
0.106131	9.91965e-06
0.106154	9.92435e-06
0.106176	9.92912e-06
0.106199	9.93396e-06
0.106221	9.9388e-06
0.106244	9.94375e-06
0.106267	9.94874e-06
0.106289	9.95377e-06
0.106312	9.95891e-06
0.106335	9.96406e-06
0.106357	9.96919e-06
0.10638	9.97438e-06
0.106402	9.97958e-06
0.106425	9.98476e-06
0.106448	9.99002e-06
0.10647	9.99532e-06
0.106493	1.00006e-05
0.106516	1.0006e-05
0.106538	1.00112e-05
0.106561	1.00165e-05
0.106583	1.00218e-05
0.106606	1.0027e-05
0.106629	1.00323e-05
0.106651	1.00375e-05
0.106674	1.00427e-05
0.106696	1.0048e-05
0.106719	1.00534e-05
0.106742	1.00588e-05
0.106764	1.00643e-05
0.106787	1.007e-05
0.10681	1.00759e-05
0.106832	1.0082e-05
0.106855	1.00881e-05
0.106877	1.00941e-05
0.1069	1.01001e-05
0.106923	1.0106e-05
0.106945	1.0112e-05
0.106968	1.01179e-05
0.106991	1.01238e-05
0.107013	1.01298e-05
0.107036	1.01357e-05
0.107058	1.01417e-05
0.107081	1.01476e-05
0.107104	1.01536e-05
0.107126	1.01597e-05
0.107149	1.01657e-05
0.107171	1.01719e-05
0.107194	1.01781e-05
0.107217	1.01843e-05
0.107239	1.01906e-05
0.107262	1.01968e-05
0.107285	1.02031e-05
0.107307	1.02096e-05
0.10733	1.02161e-05
0.107352	1.02226e-05
0.107375	1.02292e-05
0.107398	1.02359e-05
0.10742	1.02425e-05
0.107443	1.02492e-05
0.107465	1.0256e-05
0.107488	1.02628e-05
0.107511	1.02696e-05
0.107533	1.02765e-05
0.107556	1.02835e-05
0.107579	1.02904e-05
0.107601	1.02973e-05
0.107624	1.03042e-05
0.107646	1.03112e-05
0.107669	1.03182e-05
0.107692	1.03252e-05
0.107714	1.03323e-05
0.107737	1.03395e-05
0.107759	1.03467e-05
0.107782	1.03539e-05
0.107805	1.03611e-05
0.107827	1.03683e-05
0.10785	1.03755e-05
0.107872	1.03828e-05
0.107895	1.03901e-05
0.107918	1.03976e-05
0.10794	1.04051e-05
0.107963	1.04127e-05
0.107986	1.04203e-05
0.108008	1.0428e-05
0.108031	1.04359e-05
0.108053	1.04437e-05
0.108076	1.04517e-05
0.108099	1.04596e-05
0.108121	1.04676e-05
0.108144	1.04755e-05
0.108166	1.04836e-05
0.108189	1.04915e-05
0.108212	1.04995e-05
0.108234	1.05076e-05
0.108257	1.05157e-05
0.108279	1.05238e-05
0.108302	1.05319e-05
0.108325	1.05401e-05
0.108347	1.05483e-05
0.10837	1.05566e-05
0.108393	1.05649e-05
0.108415	1.05733e-05
0.108438	1.05818e-05
0.10846	1.05903e-05
0.108483	1.05988e-05
0.108506	1.06074e-05
0.108528	1.06159e-05
0.108551	1.06244e-05
0.108573	1.0633e-05
0.108596	1.06417e-05
0.108619	1.06505e-05
0.108641	1.06594e-05
0.108664	1.06683e-05
0.108687	1.06772e-05
0.108709	1.06862e-05
0.108732	1.06953e-05
0.108754	1.07044e-05
0.108777	1.07136e-05
0.1088	1.07228e-05
0.108822	1.0732e-05
0.108845	1.07412e-05
0.108867	1.07504e-05
0.10889	1.07597e-05
0.108913	1.07691e-05
0.108935	1.07785e-05
0.108958	1.0788e-05
0.10898	1.07976e-05
0.109003	1.08073e-05
0.109026	1.0817e-05
0.109048	1.08268e-05
0.109071	1.08365e-05
0.109094	1.08462e-05
0.109116	1.0856e-05
0.109139	1.08658e-05
0.109161	1.08756e-05
0.109184	1.08855e-05
0.109207	1.08955e-05
0.109229	1.09056e-05
0.109252	1.09157e-05
0.109275	1.09259e-05
0.109297	1.09362e-05
0.10932	1.09465e-05
0.109342	1.09569e-05
0.109365	1.09673e-05
0.109388	1.09778e-05
0.10941	1.09881e-05
0.109433	1.09985e-05
0.109455	1.10088e-05
0.109478	1.10192e-05
0.109501	1.10296e-05
0.109523	1.104e-05
0.109546	1.10504e-05
0.109569	1.10609e-05
0.109591	1.10713e-05
0.109614	1.10819e-05
0.109636	1.10924e-05
0.109659	1.11031e-05
0.109682	1.11137e-05
0.109704	1.11245e-05
0.109727	1.11352e-05
0.10975	1.1146e-05
0.109772	1.11567e-05
0.109795	1.11675e-05
0.109817	1.11782e-05
0.10984	1.11891e-05
0.109863	1.11999e-05
0.109885	1.12107e-05
0.109908	1.12217e-05
0.109931	1.12326e-05
0.109953	1.12434e-05
0.109976	1.12542e-05
0.109998	1.1265e-05
0.110021	1.12758e-05
0.110044	1.12867e-05
0.110066	1.12977e-05
0.110089	1.13085e-05
0.110112	1.13193e-05
0.110134	1.133e-05
0.110157	1.13407e-05
0.11018	1.13515e-05
0.110202	1.13622e-05
0.110225	1.13729e-05
0.110247	1.13835e-05
0.11027	1.1394e-05
0.110293	1.14046e-05
0.110315	1.14151e-05
0.110338	1.14256e-05
0.110361	1.14362e-05
0.110383	1.14467e-05
0.110406	1.14572e-05
0.110428	1.14678e-05
0.110451	1.14783e-05
0.110474	1.14888e-05
0.110496	1.14993e-05
0.110519	1.15098e-05
0.110542	1.15202e-05
0.110564	1.15307e-05
0.110587	1.15411e-05
0.11061	1.15515e-05
0.110632	1.15618e-05
0.110655	1.15721e-05
0.110678	1.15824e-05
0.1107	1.15926e-05
0.110723	1.16027e-05
0.110745	1.16129e-05
0.110768	1.1623e-05
0.110791	1.1633e-05
0.110813	1.16429e-05
0.110836	1.16528e-05
0.110859	1.16626e-05
0.110881	1.16724e-05
0.110904	1.16821e-05
0.110927	1.16918e-05
0.110949	1.17014e-05
0.110972	1.17109e-05
0.110995	1.17205e-05
0.111017	1.173e-05
0.11104	1.17395e-05
0.111063	1.1749e-05
0.111085	1.17584e-05
0.111108	1.17677e-05
0.11113	1.17771e-05
0.111153	1.17864e-05
0.111176	1.17956e-05
0.111198	1.18049e-05
0.111221	1.1814e-05
0.111244	1.1823e-05
0.111266	1.18319e-05
0.111289	1.18408e-05
0.111312	1.18496e-05
0.111334	1.18584e-05
0.111357	1.18671e-05
0.11138	1.18757e-05
0.111402	1.18842e-05
0.111425	1.18926e-05
0.111448	1.1901e-05
0.11147	1.19092e-05
0.111493	1.19174e-05
0.111516	1.19256e-05
0.111538	1.19337e-05
0.111561	1.19418e-05
0.111584	1.19497e-05
0.111606	1.19576e-05
0.111629	1.19653e-05
0.111652	1.19729e-05
0.111674	1.19805e-05
0.111697	1.1988e-05
0.11172	1.19955e-05
0.111742	1.2003e-05
0.111765	1.20104e-05
0.111788	1.20177e-05
0.11181	1.2025e-05
0.111833	1.20323e-05
0.111856	1.20397e-05
0.111878	1.20469e-05
0.111901	1.20539e-05
0.111924	1.20609e-05
0.111946	1.20678e-05
0.111969	1.20744e-05
0.111992	1.20811e-05
0.112014	1.20876e-05
0.112037	1.20941e-05
0.11206	1.21005e-05
0.112082	1.21068e-05
0.112105	1.21131e-05
0.112128	1.21193e-05
0.11215	1.21254e-05
0.112173	1.21314e-05
0.112196	1.21375e-05
0.112219	1.21435e-05
0.112241	1.21493e-05
0.112264	1.21551e-05
0.112287	1.21607e-05
0.112309	1.21662e-05
0.112332	1.21717e-05
0.112355	1.21771e-05
0.112377	1.21823e-05
0.1124	1.21876e-05
0.112423	1.21928e-05
0.112445	1.21979e-05
0.112468	1.22029e-05
0.112491	1.22078e-05
0.112513	1.22128e-05
0.112536	1.22176e-05
0.112559	1.22223e-05
0.112582	1.2227e-05
0.112604	1.22315e-05
0.112627	1.2236e-05
0.11265	1.22404e-05
0.112672	1.22446e-05
0.112695	1.22488e-05
0.112718	1.22529e-05
0.11274	1.2257e-05
0.112763	1.2261e-05
0.112786	1.22649e-05
0.112809	1.22687e-05
0.112831	1.22724e-05
0.112854	1.2276e-05
0.112877	1.22795e-05
0.112899	1.22829e-05
0.112922	1.22862e-05
0.112945	1.22895e-05
0.112967	1.22927e-05
0.11299	1.22958e-05
0.113013	1.22988e-05
0.113036	1.23017e-05
0.113058	1.23046e-05
0.113081	1.23075e-05
0.113104	1.23103e-05
0.113126	1.23131e-05
0.113149	1.23158e-05
0.113172	1.23183e-05
0.113195	1.23207e-05
0.113217	1.23231e-05
0.11324	1.23254e-05
0.113263	1.23276e-05
0.113285	1.23297e-05
0.113308	1.23318e-05
0.113331	1.23336e-05
0.113354	1.23353e-05
0.113376	1.23368e-05
0.113399	1.23383e-05
0.113422	1.23398e-05
0.113445	1.23412e-05
0.113467	1.23426e-05
0.11349	1.23439e-05
0.113513	1.23451e-05
0.113535	1.23463e-05
0.113558	1.23474e-05
0.113581	1.23484e-05
0.113604	1.23493e-05
0.113626	1.23502e-05
0.113649	1.23511e-05
0.113672	1.23518e-05
0.113695	1.23524e-05
0.113717	1.2353e-05
0.11374	1.23534e-05
0.113763	1.23539e-05
0.113786	1.23543e-05
0.113808	1.23547e-05
0.113831	1.2355e-05
0.113854	1.23531e-05
0.113876	1.23508e-05
0.113899	1.23484e-05
0.113922	1.2346e-05
0.113945	1.23434e-05
0.113967	1.23408e-05
0.11399	1.23379e-05
0.114013	1.23351e-05
0.114036	1.23321e-05
0.114058	1.23291e-05
0.114081	1.23261e-05
0.114104	1.23231e-05
0.114126	1.23201e-05
0.114149	1.23169e-05
0.114172	1.23137e-05
0.114195	1.23104e-05
0.114217	1.23071e-05
0.11424	1.23038e-05
0.114263	1.23004e-05
0.114286	1.2297e-05
0.114308	1.22937e-05
0.114331	1.22904e-05
0.114354	1.2287e-05
0.114376	1.22836e-05
0.114399	1.22802e-05
0.114422	1.22768e-05
0.114444	1.22734e-05
0.114467	1.22698e-05
0.11449	1.22661e-05
0.114513	1.22624e-05
0.114535	1.22587e-05
0.114558	1.2255e-05
0.114581	1.22512e-05
0.114603	1.22475e-05
0.114626	1.22437e-05
0.114649	1.22398e-05
0.114671	1.22359e-05
0.114694	1.2232e-05
0.114717	1.22281e-05
0.11474	1.22241e-05
0.114762	1.22201e-05
0.114785	1.22162e-05
0.114808	1.22123e-05
0.11483	1.22084e-05
0.114853	1.22044e-05
0.114876	1.22004e-05
0.114898	1.21964e-05
0.114921	1.21923e-05
0.114944	1.21883e-05
0.114966	1.21842e-05
0.114989	1.21801e-05
0.115012	1.2176e-05
0.115034	1.2172e-05
0.115057	1.21679e-05
0.11508	1.21639e-05
0.115102	1.21599e-05
0.115125	1.21558e-05
0.115148	1.21517e-05
0.11517	1.21475e-05
0.115193	1.21433e-05
0.115216	1.21391e-05
0.115238	1.21349e-05
0.115261	1.21306e-05
0.115284	1.21264e-05
0.115306	1.21221e-05
0.115329	1.21178e-05
0.115352	1.21136e-05
0.115374	1.21094e-05
0.115397	1.21051e-05
0.11542	1.21008e-05
0.115442	1.20965e-05
0.115465	1.20923e-05
0.115488	1.2088e-05
0.11551	1.20837e-05
0.115533	1.20794e-05
0.115556	1.20752e-05
0.115578	1.20709e-05
0.115601	1.20668e-05
0.115624	1.20626e-05
0.115646	1.20584e-05
0.115669	1.20543e-05
0.115691	1.20503e-05
0.115714	1.20462e-05
0.115737	1.20422e-05
0.115759	1.20381e-05
0.115782	1.20341e-05
0.115805	1.203e-05
0.115827	1.20258e-05
0.11585	1.20216e-05
0.115873	1.20175e-05
0.115895	1.20133e-05
0.115918	1.20093e-05
0.11594	1.20052e-05
0.115963	1.20011e-05
0.115986	1.1997e-05
0.116008	1.19929e-05
0.116031	1.19888e-05
0.116054	1.19846e-05
0.116076	1.19805e-05
0.116099	1.19763e-05
0.116121	1.19721e-05
0.116144	1.1968e-05
0.116167	1.19639e-05
0.116189	1.196e-05
0.116212	1.19562e-05
0.116235	1.19525e-05
0.116257	1.19488e-05
0.11628	1.19451e-05
0.116302	1.19415e-05
0.116325	1.19378e-05
0.116348	1.19341e-05
0.11637	1.19303e-05
0.116393	1.19265e-05
0.116415	1.19227e-05
0.116438	1.19188e-05
0.116461	1.19149e-05
0.116483	1.19111e-05
0.116506	1.19074e-05
0.116528	1.19037e-05
0.116551	1.19001e-05
0.116574	1.18965e-05
0.116596	1.18928e-05
0.116619	1.18891e-05
0.116641	1.18853e-05
0.116664	1.18815e-05
0.116687	1.18779e-05
0.116709	1.18742e-05
0.116732	1.18707e-05
0.116754	1.18672e-05
0.116777	1.18637e-05
0.1168	1.18603e-05
0.116822	1.18571e-05
0.116845	1.18542e-05
0.116867	1.18513e-05
0.11689	1.18486e-05
0.116912	1.18459e-05
0.116935	1.1843e-05
0.116958	1.184e-05
0.11698	1.18369e-05
0.117003	1.18337e-05
0.117025	1.18305e-05
0.117048	1.18272e-05
0.11707	1.18239e-05
0.117093	1.18205e-05
0.117116	1.18172e-05
0.117138	1.18139e-05
0.117161	1.18107e-05
0.117183	1.18075e-05
0.117206	1.18044e-05
0.117228	1.18013e-05
0.117251	1.17983e-05
0.117274	1.17953e-05
0.117296	1.17923e-05
0.117319	1.17895e-05
0.117341	1.17867e-05
0.117364	1.17839e-05
0.117386	1.17812e-05
0.117409	1.17785e-05
0.117432	1.1776e-05
0.117454	1.17736e-05
0.117477	1.17712e-05
0.117499	1.17688e-05
0.117522	1.17664e-05
0.117544	1.17639e-05
0.117567	1.17614e-05
0.117589	1.17589e-05
0.117612	1.17563e-05
0.117635	1.17538e-05
0.117657	1.17514e-05
0.11768	1.17488e-05
0.117702	1.17463e-05
0.117725	1.17439e-05
0.117747	1.17416e-05
0.11777	1.17393e-05
0.117792	1.17371e-05
0.117815	1.17349e-05
0.117837	1.17327e-05
0.11786	1.17304e-05
0.117883	1.17282e-05
0.117905	1.17261e-05
0.117928	1.1724e-05
0.11795	1.17221e-05
0.117973	1.17203e-05
0.117995	1.17185e-05
0.118018	1.17167e-05
0.11804	1.17151e-05
0.118063	1.17135e-05
0.118085	1.1712e-05
0.118108	1.17105e-05
0.11813	1.17091e-05
0.118153	1.17078e-05
0.118175	1.17064e-05
0.118198	1.17051e-05
0.118221	1.17038e-05
0.118243	1.17024e-05
0.118266	1.17011e-05
0.118288	1.16998e-05
0.118311	1.16985e-05
0.118333	1.16971e-05
0.118356	1.16958e-05
0.118378	1.16946e-05
0.118401	1.16934e-05
0.118423	1.16921e-05
0.118446	1.1691e-05
0.118468	1.16898e-05
0.118491	1.16888e-05
0.118513	1.16877e-05
0.118536	1.16868e-05
0.118558	1.16858e-05
0.118581	1.16849e-05
0.118603	1.16839e-05
0.118626	1.16831e-05
0.118648	1.16823e-05
0.118671	1.16816e-05
0.118693	1.16811e-05
0.118716	1.16806e-05
0.118738	1.16803e-05
0.118761	1.168e-05
0.118783	1.16797e-05
0.118806	1.16795e-05
0.118829	1.16793e-05
0.118851	1.16791e-05
0.118874	1.1679e-05
0.118896	1.16789e-05
0.118919	1.16788e-05
0.118941	1.16787e-05
0.118964	1.16786e-05
0.118986	1.16786e-05
0.119009	1.16786e-05
0.119031	1.16787e-05
0.119054	1.16789e-05
0.119076	1.16792e-05
0.119099	1.16795e-05
0.119121	1.16798e-05
0.119144	1.168e-05
0.119166	1.16803e-05
0.119189	1.16806e-05
0.119211	1.16808e-05
0.119234	1.16813e-05
0.119256	1.16818e-05
0.119279	1.16823e-05
0.119301	1.1683e-05
0.119324	1.16837e-05
0.119346	1.16843e-05
0.119369	1.1685e-05
0.119391	1.16859e-05
0.119414	1.16868e-05
0.119436	1.16879e-05
0.119459	1.16889e-05
0.119481	1.169e-05
0.119504	1.16911e-05
0.119526	1.16921e-05
0.119548	1.16932e-05
0.119571	1.16943e-05
0.119593	1.16954e-05
0.119616	1.16965e-05
0.119638	1.16976e-05
0.119661	1.16985e-05
0.119683	1.16995e-05
0.119706	1.17005e-05
0.119728	1.17016e-05
0.119751	1.17028e-05
0.119773	1.1704e-05
0.119796	1.17052e-05
0.119818	1.17065e-05
0.119841	1.17078e-05
0.119863	1.17093e-05
0.119886	1.17108e-05
0.119908	1.17123e-05
0.119931	1.17138e-05
0.119953	1.17154e-05
0.119976	1.1717e-05
0.119998	1.17187e-05
0.120021	1.17204e-05
0.120043	1.17221e-05
0.120066	1.17238e-05
0.120088	1.17255e-05
0.120111	1.17272e-05
0.120133	1.17289e-05
0.120156	1.17306e-05
0.120178	1.17324e-05
0.120201	1.17341e-05
0.120223	1.17358e-05
0.120245	1.17375e-05
0.120268	1.17392e-05
0.12029	1.17408e-05
0.120313	1.17426e-05
0.120335	1.17443e-05
0.120358	1.1746e-05
0.12038	1.17477e-05
0.120403	1.17495e-05
0.120425	1.17513e-05
0.120448	1.17532e-05
0.12047	1.17551e-05
0.120493	1.1757e-05
0.120515	1.1759e-05
0.120538	1.17609e-05
0.12056	1.17628e-05
0.120583	1.17648e-05
0.120605	1.17667e-05
0.120628	1.17686e-05
0.12065	1.17704e-05
0.120673	1.17724e-05
0.120695	1.17742e-05
0.120717	1.17762e-05
0.12074	1.17781e-05
0.120762	1.178e-05
0.120785	1.17819e-05
0.120807	1.17838e-05
0.12083	1.17857e-05
0.120852	1.17876e-05
0.120875	1.17895e-05
0.120897	1.17914e-05
0.12092	1.17933e-05
0.120942	1.17951e-05
0.120965	1.1797e-05
0.120987	1.17989e-05
0.12101	1.18009e-05
0.121032	1.18028e-05
0.121055	1.18048e-05
0.121077	1.18067e-05
0.1211	1.18086e-05
0.121122	1.18104e-05
0.121144	1.18122e-05
0.121167	1.1814e-05
0.121189	1.18159e-05
0.121212	1.18178e-05
0.121234	1.18196e-05
0.121257	1.18215e-05
0.121279	1.18235e-05
0.121302	1.18255e-05
0.121324	1.18275e-05
0.121347	1.18296e-05
0.121369	1.18316e-05
0.121392	1.18338e-05
0.121414	1.1836e-05
0.121437	1.18382e-05
0.121459	1.18405e-05
0.121482	1.18428e-05
0.121504	1.18449e-05
0.121526	1.18471e-05
0.121549	1.18492e-05
0.121571	1.18513e-05
0.121594	1.18534e-05
0.121616	1.18554e-05
0.121639	1.18575e-05
0.121661	1.18597e-05
0.121684	1.18619e-05
0.121706	1.18641e-05
0.121729	1.18665e-05
0.121751	1.18688e-05
0.121774	1.18712e-05
0.121796	1.18735e-05
0.121819	1.18759e-05
0.121841	1.18783e-05
0.121864	1.18807e-05
0.121886	1.18833e-05
0.121908	1.18859e-05
0.121931	1.18884e-05
0.121953	1.1891e-05
0.121976	1.18936e-05
0.121998	1.18962e-05
0.122021	1.18989e-05
0.122043	1.19016e-05
0.122066	1.19043e-05
0.122088	1.19071e-05
0.122111	1.19097e-05
0.122133	1.19124e-05
0.122156	1.19151e-05
0.122178	1.19179e-05
0.122201	1.19207e-05
0.122223	1.19235e-05
0.122246	1.19263e-05
0.122268	1.19291e-05
0.122291	1.19321e-05
0.122313	1.1935e-05
0.122335	1.19379e-05
0.122358	1.19409e-05
0.12238	1.1944e-05
0.122403	1.19471e-05
0.122425	1.19503e-05
0.122448	1.19535e-05
0.12247	1.19566e-05
0.122493	1.19598e-05
0.122515	1.1963e-05
0.122538	1.19662e-05
0.12256	1.19696e-05
0.122583	1.1973e-05
0.122605	1.19764e-05
0.122628	1.19798e-05
0.12265	1.19832e-05
0.122673	1.19865e-05
0.122695	1.199e-05
0.122718	1.19935e-05
0.12274	1.19972e-05
0.122763	1.20008e-05
0.122785	1.20044e-05
0.122808	1.20081e-05
0.12283	1.20118e-05
0.122853	1.20156e-05
0.122875	1.20194e-05
0.122897	1.20233e-05
0.12292	1.20271e-05
0.122942	1.2031e-05
0.122965	1.20349e-05
0.122987	1.20389e-05
0.12301	1.20429e-05
0.123032	1.20469e-05
0.123055	1.2051e-05
0.123077	1.2055e-05
0.1231	1.20591e-05
0.123122	1.20633e-05
0.123145	1.20674e-05
0.123167	1.20715e-05
0.12319	1.20757e-05
0.123212	1.20799e-05
0.123235	1.20842e-05
0.123257	1.20887e-05
0.12328	1.20932e-05
0.123302	1.20977e-05
0.123325	1.21022e-05
0.123347	1.21069e-05
0.12337	1.21115e-05
0.123392	1.21162e-05
0.123415	1.21209e-05
0.123437	1.21257e-05
0.12346	1.21303e-05
0.123482	1.21351e-05
0.123505	1.214e-05
0.123527	1.21448e-05
0.12355	1.21498e-05
0.123572	1.21546e-05
0.123595	1.21595e-05
0.123617	1.21643e-05
0.12364	1.21692e-05
0.123662	1.21741e-05
0.123685	1.2179e-05
0.123707	1.21839e-05
0.12373	1.21888e-05
0.123752	1.21937e-05
0.123775	1.21987e-05
0.123797	1.22037e-05
0.12382	1.22089e-05
0.123842	1.22142e-05
0.123865	1.22194e-05
0.123887	1.22245e-05
0.12391	1.22297e-05
0.123932	1.22349e-05
0.123955	1.22401e-05
0.123977	1.22454e-05
0.124	1.22506e-05
0.124022	1.22558e-05
0.124045	1.22611e-05
0.124067	1.22664e-05
0.12409	1.22717e-05
0.124112	1.22769e-05
0.124135	1.22821e-05
0.124157	1.22872e-05
0.12418	1.22925e-05
0.124202	1.22978e-05
0.124225	1.23031e-05
0.124247	1.23085e-05
0.12427	1.23138e-05
0.124292	1.23191e-05
0.124315	1.23244e-05
0.124338	1.23297e-05
0.12436	1.2335e-05
0.124383	1.23403e-05
0.124405	1.23455e-05
0.124428	1.23506e-05
0.12445	1.23557e-05
0.124473	1.23611e-05
0.124495	1.23664e-05
0.124518	1.23719e-05
0.12454	1.23774e-05
0.124563	1.23827e-05
0.124585	1.2388e-05
0.124608	1.23934e-05
0.12463	1.23989e-05
0.124653	1.24043e-05
0.124675	1.24096e-05
0.124698	1.2415e-05
0.12472	1.24204e-05
0.124743	1.24257e-05
0.124766	1.24311e-05
0.124788	1.24364e-05
0.124811	1.24416e-05
0.124833	1.24468e-05
0.124856	1.24519e-05
0.124878	1.24571e-05
0.124901	1.24622e-05
0.124923	1.24674e-05
0.124946	1.24726e-05
0.124968	1.24778e-05
0.124991	1.24829e-05
0.125013	1.2488e-05
0.125036	1.24931e-05
0.125059	1.24984e-05
0.125081	1.25037e-05
0.125104	1.2509e-05
0.125126	1.25142e-05
0.125149	1.25193e-05
0.125171	1.25244e-05
0.125194	1.25294e-05
0.125216	1.25344e-05
0.125239	1.25393e-05
0.125261	1.25443e-05
0.125284	1.25493e-05
0.125307	1.25544e-05
0.125329	1.25594e-05
0.125352	1.25644e-05
0.125374	1.25694e-05
0.125397	1.25745e-05
0.125419	1.25795e-05
0.125442	1.25845e-05
0.125464	1.25895e-05
0.125487	1.25945e-05
0.12551	1.25994e-05
0.125532	1.26041e-05
0.125555	1.26088e-05
0.125577	1.26135e-05
0.1256	1.2618e-05
0.125622	1.26226e-05
0.125645	1.26273e-05
0.125668	1.26319e-05
0.12569	1.26367e-05
0.125713	1.26414e-05
0.125735	1.26461e-05
0.125758	1.26508e-05
0.12578	1.26554e-05
0.125803	1.26599e-05
0.125826	1.26643e-05
0.125848	1.26689e-05
0.125871	1.26735e-05
0.125893	1.26781e-05
0.125916	1.26828e-05
0.125938	1.26873e-05
0.125961	1.26917e-05
0.125984	1.26961e-05
0.126006	1.27005e-05
0.126029	1.27048e-05
0.126051	1.27089e-05
0.126074	1.27131e-05
0.126097	1.27174e-05
0.126119	1.27215e-05
0.126142	1.27256e-05
0.126164	1.27297e-05
0.126187	1.27337e-05
0.126209	1.27376e-05
0.126232	1.27416e-05
0.126255	1.27455e-05
0.126277	1.27493e-05
0.1263	1.27531e-05
0.126322	1.27569e-05
0.126345	1.27606e-05
0.126368	1.27645e-05
0.12639	1.27683e-05
0.126413	1.27722e-05
0.126435	1.27761e-05
0.126458	1.27799e-05
0.126481	1.27837e-05
0.126503	1.27874e-05
0.126526	1.2791e-05
0.126548	1.27944e-05
0.126571	1.27979e-05
0.126594	1.28012e-05
0.126616	1.28046e-05
0.126639	1.2808e-05
0.126662	1.28113e-05
0.126684	1.28147e-05
0.126707	1.2818e-05
0.126729	1.28213e-05
0.126752	1.28246e-05
0.126775	1.28278e-05
0.126797	1.28308e-05
0.12682	1.28336e-05
0.126842	1.28364e-05
0.126865	1.28391e-05
0.126888	1.28416e-05
0.12691	1.28441e-05
0.126933	1.28466e-05
0.126956	1.28491e-05
0.126978	1.28513e-05
0.127001	1.28534e-05
0.127023	1.28553e-05
0.127046	1.28571e-05
0.127069	1.28589e-05
0.127091	1.28606e-05
0.127114	1.28623e-05
0.127137	1.28639e-05
0.127159	1.28656e-05
0.127182	1.28672e-05
0.127205	1.2869e-05
0.127227	1.28708e-05
0.12725	1.28726e-05
0.127272	1.28739e-05
0.127295	1.28722e-05
0.127318	1.28704e-05
0.12734	1.28686e-05
0.127363	1.28667e-05
0.127386	1.28646e-05
0.127408	1.28625e-05
0.127431	1.28601e-05
0.127453	1.28578e-05
0.127476	1.28552e-05
0.127499	1.28525e-05
0.127521	1.28498e-05
0.127544	1.28471e-05
0.127567	1.28444e-05
0.127589	1.28416e-05
0.127612	1.28387e-05
0.127634	1.28358e-05
0.127657	1.28328e-05
0.12768	1.28297e-05
0.127702	1.28266e-05
0.127725	1.28234e-05
0.127748	1.282e-05
0.12777	1.28166e-05
0.127793	1.28131e-05
0.127815	1.28099e-05
0.127838	1.28066e-05
0.127861	1.28034e-05
0.127883	1.28001e-05
0.127906	1.27969e-05
0.127928	1.27935e-05
0.127951	1.27899e-05
0.127974	1.27863e-05
0.127996	1.27827e-05
0.128019	1.27788e-05
0.128041	1.2775e-05
0.128064	1.27712e-05
0.128087	1.27674e-05
0.128109	1.27637e-05
0.128132	1.27598e-05
0.128154	1.27557e-05
0.128177	1.27517e-05
0.128199	1.27475e-05
0.128222	1.27432e-05
0.128245	1.27388e-05
0.128267	1.27343e-05
0.12829	1.27298e-05
0.128312	1.27253e-05
0.128335	1.27208e-05
0.128358	1.27163e-05
0.12838	1.27119e-05
0.128403	1.27075e-05
0.128425	1.2703e-05
0.128448	1.26985e-05
0.12847	1.2694e-05
0.128493	1.26896e-05
0.128516	1.26853e-05
0.128538	1.26811e-05
0.128561	1.26768e-05
0.128583	1.26722e-05
0.128606	1.26676e-05
0.128628	1.2663e-05
0.128651	1.26582e-05
0.128673	1.26533e-05
0.128696	1.26483e-05
0.128719	1.26433e-05
0.128741	1.26384e-05
0.128764	1.26333e-05
0.128786	1.26282e-05
0.128809	1.26231e-05
0.128831	1.26179e-05
0.128854	1.26127e-05
0.128876	1.26077e-05
0.128899	1.26027e-05
0.128921	1.25974e-05
0.128944	1.25923e-05
0.128967	1.25871e-05
0.128989	1.2582e-05
0.129012	1.2577e-05
0.129034	1.25719e-05
0.129057	1.25669e-05
0.129079	1.25618e-05
0.129102	1.25568e-05
0.129124	1.25518e-05
0.129147	1.25467e-05
0.129169	1.25416e-05
0.129192	1.25366e-05
0.129214	1.25315e-05
0.129237	1.25266e-05
0.129259	1.25217e-05
0.129282	1.25168e-05
0.129305	1.25118e-05
0.129327	1.25068e-05
0.12935	1.25017e-05
0.129372	1.24965e-05
0.129395	1.24913e-05
0.129417	1.2486e-05
0.12944	1.24809e-05
0.129462	1.24759e-05
0.129485	1.2471e-05
0.129507	1.24662e-05
0.12953	1.24614e-05
0.129552	1.24566e-05
0.129575	1.24518e-05
0.129597	1.24471e-05
0.12962	1.24425e-05
0.129642	1.24379e-05
0.129665	1.24333e-05
0.129687	1.24286e-05
0.12971	1.24238e-05
0.129732	1.24189e-05
0.129755	1.24142e-05
0.129777	1.24096e-05
0.1298	1.24051e-05
0.129822	1.24007e-05
0.129845	1.23964e-05
0.129867	1.23922e-05
0.12989	1.23881e-05
0.129912	1.2384e-05
0.129935	1.238e-05
0.129957	1.23762e-05
0.12998	1.23723e-05
0.130002	1.23684e-05
0.130025	1.23645e-05
0.130047	1.23607e-05
0.13007	1.2357e-05
0.130092	1.23533e-05
0.130114	1.23496e-05
0.130137	1.2346e-05
0.130159	1.23426e-05
0.130182	1.23393e-05
0.130204	1.23361e-05
0.130227	1.23329e-05
0.130249	1.23297e-05
0.130272	1.23265e-05
0.130294	1.23234e-05
0.130317	1.23203e-05
0.130339	1.23171e-05
0.130362	1.2314e-05
0.130384	1.2311e-05
0.130407	1.23081e-05
0.130429	1.23053e-05
0.130452	1.23027e-05
0.130474	1.23002e-05
0.130496	1.22978e-05
0.130519	1.22956e-05
0.130541	1.22934e-05
0.130564	1.22914e-05
0.130586	1.22894e-05
0.130609	1.22875e-05
0.130631	1.22858e-05
0.130654	1.2284e-05
0.130676	1.22824e-05
0.130699	1.22809e-05
0.130721	1.22794e-05
0.130743	1.2278e-05
0.130766	1.22766e-05
0.130788	1.22753e-05
0.130811	1.22739e-05
0.130833	1.22727e-05
0.130856	1.22715e-05
0.130878	1.22704e-05
0.130901	1.22693e-05
0.130923	1.22684e-05
0.130945	1.22674e-05
0.130968	1.22665e-05
0.13099	1.22657e-05
0.131013	1.22649e-05
0.131035	1.22641e-05
0.131058	1.22633e-05
0.13108	1.22627e-05
0.131103	1.22622e-05
0.131125	1.22619e-05
0.131147	1.22617e-05
0.13117	1.22617e-05
0.131192	1.22619e-05
0.131215	1.22621e-05
0.131237	1.22623e-05
0.13126	1.22626e-05
0.131282	1.22629e-05
0.131304	1.22633e-05
0.131327	1.22637e-05
0.131349	1.22642e-05
0.131372	1.22647e-05
0.131394	1.22653e-05
0.131417	1.22659e-05
0.131439	1.22664e-05
0.131461	1.2267e-05
0.131484	1.22676e-05
0.131506	1.22684e-05
0.131529	1.22691e-05
0.131551	1.22699e-05
0.131573	1.22708e-05
0.131596	1.22718e-05
0.131618	1.22729e-05
0.131641	1.2274e-05
0.131663	1.22753e-05
0.131686	1.22767e-05
0.131708	1.22781e-05
0.13173	1.22797e-05
0.131753	1.22812e-05
0.131775	1.22827e-05
0.131798	1.22843e-05
0.13182	1.22859e-05
0.131842	1.22877e-05
0.131865	1.22895e-05
0.131887	1.22914e-05
0.13191	1.22933e-05
0.131932	1.22952e-05
0.131954	1.22973e-05
0.131977	1.22994e-05
0.131999	1.23017e-05
0.132022	1.23041e-05
0.132044	1.23065e-05
0.132067	1.23088e-05
0.132089	1.23111e-05
0.132111	1.23133e-05
0.132134	1.23155e-05
0.132156	1.23179e-05
0.132179	1.23204e-05
0.132201	1.23228e-05
0.132223	1.23254e-05
0.132246	1.2328e-05
0.132268	1.23308e-05
0.132291	1.23336e-05
0.132313	1.23364e-05
0.132335	1.23392e-05
0.132358	1.2342e-05
0.13238	1.23448e-05
0.132402	1.23478e-05
0.132425	1.23507e-05
0.132447	1.23537e-05
0.13247	1.23568e-05
0.132492	1.23599e-05
0.132514	1.2363e-05
0.132537	1.23662e-05
0.132559	1.23695e-05
0.132582	1.2373e-05
0.132604	1.23764e-05
0.132626	1.23798e-05
0.132649	1.23832e-05
0.132671	1.23868e-05
0.132694	1.23902e-05
0.132716	1.23936e-05
0.132738	1.23969e-05
0.132761	1.24001e-05
0.132783	1.24033e-05
0.132805	1.24065e-05
0.132828	1.24099e-05
0.13285	1.24134e-05
0.132873	1.24169e-05
0.132895	1.24204e-05
0.132917	1.2424e-05
0.13294	1.24276e-05
0.132962	1.24312e-05
0.132985	1.24347e-05
0.133007	1.24382e-05
0.133029	1.24419e-05
0.133052	1.24454e-05
0.133074	1.24489e-05
0.133096	1.24524e-05
0.133119	1.2456e-05
0.133141	1.24596e-05
0.133164	1.24634e-05
0.133186	1.24674e-05
0.133208	1.24713e-05
0.133231	1.24753e-05
0.133253	1.24793e-05
0.133275	1.24834e-05
0.133298	1.24876e-05
0.13332	1.24918e-05
0.133343	1.24959e-05
0.133365	1.25e-05
0.133387	1.25041e-05
0.13341	1.25083e-05
0.133432	1.25126e-05
0.133454	1.25167e-05
0.133477	1.25208e-05
0.133499	1.2525e-05
0.133521	1.25292e-05
0.133544	1.25333e-05
0.133566	1.25374e-05
0.133589	1.25415e-05
0.133611	1.25457e-05
0.133633	1.25497e-05
0.133656	1.25537e-05
0.133678	1.25577e-05
0.1337	1.25617e-05
0.133723	1.25657e-05
0.133745	1.25698e-05
0.133767	1.25738e-05
0.13379	1.2578e-05
0.133812	1.25821e-05
0.133835	1.25862e-05
0.133857	1.25904e-05
0.133879	1.25946e-05
0.133902	1.25988e-05
0.133924	1.2603e-05
0.133946	1.26071e-05
0.133969	1.26112e-05
0.133991	1.26152e-05
0.134013	1.26191e-05
0.134036	1.2623e-05
0.134058	1.26269e-05
0.134081	1.26306e-05
0.134103	1.26344e-05
0.134125	1.26382e-05
0.134148	1.26421e-05
0.13417	1.26461e-05
0.134192	1.26499e-05
0.134215	1.26537e-05
0.134237	1.26574e-05
0.134259	1.26612e-05
0.134282	1.26651e-05
0.134304	1.26689e-05
0.134326	1.26727e-05
0.134349	1.26764e-05
0.134371	1.268e-05
0.134393	1.26835e-05
0.134416	1.26871e-05
0.134438	1.26905e-05
0.134461	1.26939e-05
0.134483	1.26973e-05
0.134505	1.27006e-05
0.134528	1.27037e-05
0.13455	1.27068e-05
0.134572	1.271e-05
0.134595	1.27131e-05
0.134617	1.27162e-05
0.134639	1.27193e-05
0.134662	1.27222e-05
0.134684	1.2725e-05
0.134706	1.27277e-05
0.134729	1.27304e-05
0.134751	1.27331e-05
0.134773	1.27358e-05
0.134796	1.27384e-05
0.134818	1.27409e-05
0.134841	1.27434e-05
0.134863	1.27459e-05
0.134885	1.27483e-05
0.134908	1.27507e-05
0.13493	1.2753e-05
0.134952	1.27552e-05
0.134975	1.27574e-05
0.134997	1.27595e-05
0.135019	1.27616e-05
0.135042	1.27637e-05
0.135064	1.27659e-05
0.135086	1.27679e-05
0.135109	1.27698e-05
0.135131	1.27719e-05
0.135153	1.27739e-05
0.135176	1.27758e-05
0.135198	1.27778e-05
0.13522	1.27797e-05
0.135243	1.27816e-05
0.135265	1.27833e-05
0.135288	1.2785e-05
0.13531	1.27865e-05
0.135332	1.2788e-05
0.135355	1.27896e-05
0.135377	1.27911e-05
0.135399	1.27927e-05
0.135422	1.27943e-05
0.135444	1.27958e-05
0.135466	1.27972e-05
0.135489	1.27985e-05
0.135511	1.27999e-05
0.135533	1.28011e-05
0.135556	1.28022e-05
0.135578	1.28033e-05
0.1356	1.28043e-05
0.135623	1.28052e-05
0.135645	1.28062e-05
0.135667	1.28073e-05
0.13569	1.28082e-05
0.135712	1.28092e-05
0.135735	1.28102e-05
0.135757	1.28111e-05
0.135779	1.28121e-05
0.135802	1.2813e-05
0.135824	1.28139e-05
0.135846	1.28148e-05
0.135869	1.28156e-05
0.135891	1.28165e-05
0.135913	1.28173e-05
0.135936	1.28181e-05
0.135958	1.28188e-05
0.13598	1.28194e-05
0.136003	1.282e-05
0.136025	1.28205e-05
0.136048	1.2821e-05
0.13607	1.28216e-05
0.136092	1.28221e-05
0.136115	1.28225e-05
0.136137	1.28229e-05
0.136159	1.28233e-05
0.136182	1.28238e-05
0.136204	1.28242e-05
0.136226	1.28246e-05
0.136249	1.28251e-05
0.136271	1.28256e-05
0.136293	1.2826e-05
0.136316	1.28264e-05
0.136338	1.28268e-05
0.136361	1.28271e-05
0.136383	1.28274e-05
0.136405	1.28276e-05
0.136428	1.28279e-05
0.13645	1.28282e-05
0.136472	1.28288e-05
0.136495	1.28293e-05
0.136517	1.28297e-05
0.136539	1.28299e-05
0.136562	1.28301e-05
0.136584	1.28303e-05
0.136607	1.28304e-05
0.136629	1.28304e-05
0.136651	1.28305e-05
0.136674	1.28306e-05
0.136696	1.28306e-05
0.136718	1.28306e-05
0.136741	1.28306e-05
0.136763	1.28308e-05
0.136785	1.28309e-05
0.136808	1.28311e-05
0.13683	1.28313e-05
0.136853	1.28314e-05
0.136875	1.28316e-05
0.136897	1.28318e-05
0.13692	1.28319e-05
0.136942	1.28321e-05
0.136964	1.28324e-05
0.136987	1.28325e-05
0.137009	1.28326e-05
0.137032	1.28328e-05
0.137054	1.2833e-05
0.137076	1.28333e-05
0.137099	1.28338e-05
0.137121	1.28341e-05
0.137143	1.28343e-05
0.137166	1.28345e-05
0.137188	1.28347e-05
0.137211	1.28349e-05
0.137233	1.28351e-05
0.137255	1.28352e-05
0.137278	1.28353e-05
0.1373	1.28355e-05
0.137322	1.28356e-05
0.137345	1.28357e-05
0.137367	1.28358e-05
0.13739	1.28358e-05
0.137412	1.28358e-05
0.137434	1.28359e-05
0.137457	1.28359e-05
0.137479	1.28358e-05
0.137502	1.28358e-05
0.137524	1.28358e-05
0.137546	1.28357e-05
0.137569	1.28356e-05
0.137591	1.28355e-05
0.137613	1.28354e-05
0.137636	1.28353e-05
0.137658	1.28353e-05
0.137681	1.28355e-05
0.137703	1.28357e-05
0.137725	1.28359e-05
0.137748	1.28362e-05
0.13777	1.28364e-05
0.137793	1.28368e-05
0.137815	1.2837e-05
0.137837	1.28372e-05
0.13786	1.28372e-05
0.137882	1.28374e-05
0.137905	1.28375e-05
0.137927	1.28376e-05
0.137949	1.28375e-05
0.137972	1.28374e-05
0.137994	1.28373e-05
0.138017	1.28372e-05
0.138039	1.28372e-05
0.138061	1.28371e-05
0.138084	1.2837e-05
0.138106	1.28368e-05
0.138129	1.28366e-05
0.138151	1.28363e-05
0.138173	1.2836e-05
0.138196	1.28358e-05
0.138218	1.28355e-05
0.138241	1.28352e-05
0.138263	1.2835e-05
0.138286	1.28348e-05
0.138308	1.28345e-05
0.13833	1.28344e-05
0.138353	1.28344e-05
0.138375	1.28346e-05
0.138398	1.28349e-05
0.13842	1.28352e-05
0.138442	1.28355e-05
0.138465	1.28357e-05
0.138487	1.28359e-05
0.13851	1.28359e-05
0.138532	1.28359e-05
0.138555	1.28358e-05
0.138577	1.28354e-05
0.138599	1.28349e-05
0.138622	1.28344e-05
0.138644	1.28339e-05
0.138667	1.28335e-05
0.138689	1.28331e-05
0.138712	1.28325e-05
0.138734	1.2832e-05
0.138756	1.28314e-05
0.138779	1.28308e-05
0.138801	1.28302e-05
0.138824	1.28296e-05
0.138846	1.2829e-05
0.138869	1.28283e-05
0.138891	1.28274e-05
0.138913	1.28265e-05
0.138936	1.2826e-05
0.138958	1.28256e-05
0.138981	1.28255e-05
0.139003	1.28255e-05
0.139026	1.28257e-05
0.139048	1.28257e-05
0.139071	1.28259e-05
0.139093	1.28259e-05
0.139115	1.28258e-05
0.139138	1.28255e-05
0.13916	1.28252e-05
0.139183	1.28247e-05
0.139205	1.28242e-05
0.139228	1.28238e-05
0.13925	1.28234e-05
0.139273	1.2823e-05
0.139295	1.28225e-05
0.139318	1.28221e-05
0.13934	1.28216e-05
0.139362	1.28209e-05
0.139385	1.28203e-05
0.139407	1.28195e-05
0.13943	1.28187e-05
0.139452	1.2818e-05
0.139475	1.28174e-05
0.139497	1.2817e-05
0.13952	1.28169e-05
0.139542	1.28168e-05
0.139565	1.28167e-05
0.139587	1.28166e-05
0.13961	1.28166e-05
0.139632	1.28165e-05
0.139655	1.28165e-05
0.139677	1.28166e-05
0.139699	1.28166e-05
0.139722	1.28167e-05
0.139744	1.28169e-05
0.139767	1.28169e-05
0.139789	1.28169e-05
0.139812	1.28168e-05
0.139834	1.28165e-05
0.139857	1.28162e-05
0.139879	1.28159e-05
0.139902	1.28155e-05
0.139924	1.2815e-05
0.139947	1.28146e-05
0.139969	1.2814e-05
0.139992	1.28134e-05
0.140014	1.28129e-05
0.140037	1.28125e-05
0.140059	1.28122e-05
0.140082	1.28121e-05
0.140104	1.28121e-05
0.140127	1.28122e-05
0.140149	1.28122e-05
0.140172	1.28124e-05
0.140194	1.28126e-05
0.140217	1.28129e-05
0.140239	1.28133e-05
0.140262	1.28137e-05
0.140284	1.28143e-05
0.140307	1.2812e-05
0.140329	1.28089e-05
0.140352	1.28057e-05
0.140374	1.28025e-05
0.140397	1.27993e-05
0.140419	1.27961e-05
0.140442	1.27931e-05
0.140464	1.27901e-05
0.140487	1.27872e-05
0.140509	1.27843e-05
0.140532	1.27813e-05
0.140554	1.27784e-05
0.140577	1.27755e-05
0.140599	1.27724e-05
0.140621	1.27695e-05
0.140644	1.27667e-05
0.140666	1.27639e-05
0.140689	1.27612e-05
0.140711	1.27586e-05
0.140734	1.27559e-05
0.140756	1.27533e-05
0.140779	1.27507e-05
0.140801	1.27483e-05
0.140824	1.27459e-05
0.140846	1.27432e-05
0.140869	1.27405e-05
0.140891	1.2738e-05
0.140914	1.27356e-05
0.140936	1.27333e-05
0.140958	1.2731e-05
0.140981	1.27287e-05
0.141003	1.27266e-05
0.141026	1.27244e-05
0.141048	1.27223e-05
0.141071	1.27201e-05
0.141093	1.2718e-05
0.141116	1.27159e-05
0.141138	1.27138e-05
0.14116	1.27117e-05
0.141183	1.27096e-05
0.141205	1.27075e-05
0.141228	1.27055e-05
0.14125	1.27034e-05
0.141273	1.27013e-05
0.141295	1.26992e-05
0.141317	1.2697e-05
0.14134	1.2695e-05
0.141362	1.26928e-05
0.141385	1.26905e-05
0.141407	1.26884e-05
0.14143	1.26864e-05
0.141452	1.26843e-05
0.141474	1.26822e-05
0.141497	1.26801e-05
0.141519	1.26781e-05
0.141542	1.26763e-05
0.141564	1.26744e-05
0.141586	1.26725e-05
0.141609	1.26705e-05
0.141631	1.26683e-05
0.141654	1.26662e-05
0.141676	1.26642e-05
0.141698	1.26621e-05
0.141721	1.26603e-05
0.141743	1.26584e-05
0.141766	1.26565e-05
0.141788	1.26547e-05
0.14181	1.2653e-05
0.141833	1.26512e-05
0.141855	1.26495e-05
0.141878	1.26478e-05
0.1419	1.26461e-05
0.141922	1.26445e-05
0.141945	1.26427e-05
0.141967	1.26409e-05
0.141989	1.26391e-05
0.142012	1.26371e-05
0.142034	1.26351e-05
0.142057	1.2633e-05
0.142079	1.2631e-05
0.142101	1.2629e-05
0.142124	1.26272e-05
0.142146	1.26253e-05
0.142168	1.26232e-05
0.142191	1.26214e-05
0.142213	1.26195e-05
0.142236	1.26175e-05
0.142258	1.26154e-05
0.14228	1.26132e-05
0.142303	1.26111e-05
0.142325	1.26092e-05
0.142347	1.26073e-05
0.14237	1.26056e-05
0.142392	1.26038e-05
0.142414	1.2602e-05
0.142437	1.26002e-05
0.142459	1.25984e-05
0.142481	1.25965e-05
0.142504	1.25949e-05
0.142526	1.25933e-05
0.142548	1.25917e-05
0.142571	1.25901e-05
0.142593	1.25886e-05
0.142615	1.25869e-05
0.142638	1.25852e-05
0.14266	1.25835e-05
0.142682	1.25817e-05
0.142705	1.258e-05
0.142727	1.25783e-05
0.142749	1.25766e-05
0.142772	1.25748e-05
0.142794	1.2573e-05
0.142816	1.2571e-05
0.142839	1.25692e-05
0.142861	1.25674e-05
0.142883	1.25655e-05
0.142906	1.25637e-05
0.142928	1.25619e-05
0.14295	1.25603e-05
0.142973	1.25586e-05
0.142995	1.2557e-05
0.143017	1.25554e-05
0.14304	1.25538e-05
0.143062	1.25521e-05
0.143084	1.25506e-05
0.143106	1.25493e-05
0.143129	1.25481e-05
0.143151	1.25469e-05
0.143173	1.2546e-05
0.143196	1.25451e-05
0.143218	1.25443e-05
0.14324	1.25435e-05
0.143263	1.25428e-05
0.143285	1.2542e-05
0.143307	1.25413e-05
0.143329	1.25405e-05
0.143352	1.25398e-05
0.143374	1.2539e-05
0.143396	1.25382e-05
0.143419	1.25373e-05
0.143441	1.25365e-05
0.143463	1.25358e-05
0.143485	1.25352e-05
0.143508	1.25346e-05
0.14353	1.25341e-05
0.143552	1.25336e-05
0.143575	1.25331e-05
0.143597	1.25328e-05
0.143619	1.25325e-05
0.143641	1.25324e-05
0.143664	1.25325e-05
0.143686	1.25326e-05
0.143708	1.25327e-05
0.14373	1.25327e-05
0.143753	1.25328e-05
0.143775	1.2533e-05
0.143797	1.25334e-05
0.14382	1.25339e-05
0.143842	1.25345e-05
0.143864	1.25351e-05
0.143886	1.25358e-05
0.143909	1.25367e-05
0.143931	1.25376e-05
0.143953	1.25386e-05
0.143975	1.25396e-05
0.143998	1.25407e-05
0.14402	1.25417e-05
0.144042	1.25429e-05
0.144064	1.25441e-05
0.144087	1.25454e-05
0.144109	1.25468e-05
0.144131	1.25483e-05
0.144153	1.25499e-05
0.144176	1.25517e-05
0.144198	1.25535e-05
0.14422	1.25554e-05
0.144242	1.25574e-05
0.144265	1.25594e-05
0.144287	1.25616e-05
0.144309	1.2564e-05
0.144331	1.25666e-05
0.144354	1.25693e-05
0.144376	1.2572e-05
0.144398	1.25748e-05
0.14442	1.25776e-05
0.144443	1.25805e-05
0.144465	1.25834e-05
0.144487	1.25865e-05
0.144509	1.25897e-05
0.144531	1.25929e-05
0.144554	1.25964e-05
0.144576	1.25998e-05
0.144598	1.26033e-05
0.14462	1.26067e-05
0.144643	1.26104e-05
0.144665	1.26141e-05
0.144687	1.26179e-05
0.144709	1.26216e-05
0.144731	1.26253e-05
0.144754	1.26289e-05
0.144776	1.26327e-05
0.144798	1.26365e-05
0.14482	1.26403e-05
0.144843	1.26441e-05
0.144865	1.26479e-05
0.144887	1.26518e-05
0.144909	1.26558e-05
0.144931	1.26598e-05
0.144954	1.26639e-05
0.144976	1.2668e-05
0.144998	1.26721e-05
0.14502	1.26763e-05
0.145042	1.26806e-05
0.145065	1.2685e-05
0.145087	1.26895e-05
0.145109	1.2694e-05
0.145131	1.26986e-05
0.145154	1.27033e-05
0.145176	1.2708e-05
0.145198	1.27129e-05
0.14522	1.27178e-05
0.145242	1.27227e-05
0.145265	1.27277e-05
0.145287	1.27325e-05
0.145309	1.27374e-05
0.145331	1.27424e-05
0.145353	1.27471e-05
0.145376	1.27517e-05
0.145398	1.27563e-05
0.14542	1.27609e-05
0.145442	1.27655e-05
0.145464	1.277e-05
0.145487	1.27748e-05
0.145509	1.27796e-05
0.145531	1.27844e-05
0.145553	1.27892e-05
0.145575	1.27939e-05
0.145597	1.27986e-05
0.14562	1.28035e-05
0.145642	1.28083e-05
0.145664	1.2813e-05
0.145686	1.28178e-05
0.145708	1.28227e-05
0.145731	1.28276e-05
0.145753	1.28326e-05
0.145775	1.28375e-05
0.145797	1.28424e-05
0.145819	1.28473e-05
0.145842	1.28521e-05
0.145864	1.28569e-05
0.145886	1.28616e-05
0.145908	1.28664e-05
0.14593	1.28714e-05
0.145952	1.28763e-05
0.145975	1.28812e-05
0.145997	1.28859e-05
0.146019	1.28907e-05
0.146041	1.28955e-05
0.146063	1.29002e-05
0.146086	1.2905e-05
0.146108	1.29097e-05
0.14613	1.29142e-05
0.146152	1.29188e-05
0.146174	1.29234e-05
0.146196	1.2928e-05
0.146219	1.29326e-05
0.146241	1.29372e-05
0.146263	1.29418e-05
0.146285	1.29464e-05
0.146307	1.29509e-05
0.146329	1.29554e-05
0.146352	1.296e-05
0.146374	1.29646e-05
0.146396	1.29691e-05
0.146418	1.29736e-05
0.14644	1.29783e-05
0.146462	1.29829e-05
0.146485	1.29873e-05
0.146507	1.29916e-05
0.146529	1.29959e-05
0.146551	1.30003e-05
0.146573	1.30046e-05
0.146596	1.3009e-05
0.146618	1.30134e-05
0.14664	1.30179e-05
0.146662	1.30222e-05
0.146684	1.30265e-05
0.146706	1.30307e-05
0.146729	1.30348e-05
0.146751	1.30387e-05
0.146773	1.30428e-05
0.146795	1.30468e-05
0.146817	1.30508e-05
0.146839	1.30547e-05
0.146862	1.30586e-05
0.146884	1.30623e-05
0.146906	1.30661e-05
0.146928	1.30699e-05
0.14695	1.30737e-05
0.146972	1.30774e-05
0.146995	1.3081e-05
0.147017	1.30845e-05
0.147039	1.3088e-05
0.147061	1.30915e-05
0.147083	1.30949e-05
0.147105	1.30984e-05
0.147128	1.31018e-05
0.14715	1.31054e-05
0.147172	1.31089e-05
0.147194	1.31124e-05
0.147216	1.31157e-05
0.147238	1.3119e-05
0.147261	1.31223e-05
0.147283	1.31255e-05
0.147305	1.31287e-05
0.147327	1.31319e-05
0.147349	1.31349e-05
0.147371	1.31377e-05
0.147393	1.31405e-05
0.147416	1.31434e-05
0.147438	1.31461e-05
0.14746	1.31488e-05
0.147482	1.31513e-05
0.147504	1.31536e-05
0.147526	1.31558e-05
0.147549	1.31581e-05
0.147571	1.31603e-05
0.147593	1.31624e-05
0.147615	1.31646e-05
0.147637	1.31667e-05
0.147659	1.31687e-05
0.147682	1.31707e-05
0.147704	1.31727e-05
0.147726	1.31746e-05
0.147748	1.31766e-05
0.14777	1.31784e-05
0.147792	1.31802e-05
0.147815	1.31818e-05
0.147837	1.31832e-05
0.147859	1.31847e-05
0.147881	1.31861e-05
0.147903	1.31873e-05
0.147925	1.31885e-05
0.147948	1.31896e-05
0.14797	1.31906e-05
0.147992	1.31916e-05
0.148014	1.31924e-05
0.148036	1.31931e-05
0.148058	1.31937e-05
0.148081	1.31942e-05
0.148103	1.31946e-05
0.148125	1.31949e-05
0.148147	1.31952e-05
0.148169	1.31955e-05
0.148191	1.31956e-05
0.148214	1.31957e-05
0.148236	1.31959e-05
0.148258	1.31963e-05
0.14828	1.31967e-05
0.148302	1.3197e-05
0.148324	1.31972e-05
0.148347	1.31972e-05
0.148369	1.3197e-05
0.148391	1.31968e-05
0.148413	1.31966e-05
0.148435	1.31962e-05
0.148458	1.31956e-05
0.14848	1.3195e-05
0.148502	1.31942e-05
0.148524	1.31934e-05
0.148546	1.31925e-05
0.148568	1.31916e-05
0.148591	1.31905e-05
0.148613	1.31893e-05
0.148635	1.3188e-05
0.148657	1.31868e-05
0.148679	1.31855e-05
0.148701	1.31842e-05
0.148724	1.31827e-05
0.148746	1.31813e-05
0.148768	1.31799e-05
0.14879	1.31784e-05
0.148812	1.3177e-05
0.148835	1.31754e-05
0.148857	1.31738e-05
0.148879	1.3172e-05
0.148901	1.31702e-05
0.148923	1.31683e-05
0.148945	1.31663e-05
0.148968	1.31642e-05
0.14899	1.31621e-05
0.149012	1.316e-05
0.149034	1.31579e-05
0.149056	1.31558e-05
0.149079	1.31537e-05
0.149101	1.31515e-05
0.149123	1.31494e-05
0.149145	1.31472e-05
0.149167	1.3145e-05
0.149189	1.31427e-05
0.149212	1.31404e-05
0.149234	1.31381e-05
0.149256	1.31355e-05
0.149278	1.31329e-05
0.1493	1.31302e-05
0.149323	1.31273e-05
0.149345	1.31243e-05
0.149367	1.31211e-05
0.149389	1.3118e-05
0.149411	1.31148e-05
0.149434	1.31116e-05
0.149456	1.31085e-05
0.149478	1.31053e-05
0.1495	1.3102e-05
0.149522	1.30986e-05
0.149545	1.30949e-05
0.149567	1.30912e-05
0.149589	1.30875e-05
0.149611	1.30838e-05
0.149633	1.30799e-05
0.149656	1.30762e-05
0.149678	1.30725e-05
0.1497	1.30689e-05
0.149722	1.30653e-05
0.149744	1.30618e-05
0.149767	1.30584e-05
0.149789	1.30548e-05
0.149811	1.30512e-05
0.149833	1.30476e-05
0.149856	1.30438e-05
0.149878	1.304e-05
0.1499	1.3036e-05
0.149922	1.30319e-05
0.149944	1.30278e-05
0.149967	1.30236e-05
0.149989	1.30197e-05
0.150011	1.30157e-05
