0.100017	4.76081e-07
0.10004	4.76217e-07
0.100063	4.76353e-07
0.100086	4.76487e-07
0.100109	4.76616e-07
0.100132	4.76748e-07
0.100154	4.76883e-07
0.100177	4.77011e-07
0.1002	4.77139e-07
0.100223	4.77267e-07
0.100246	4.77392e-07
0.100269	4.77516e-07
0.100292	4.77638e-07
0.100314	4.77757e-07
0.100337	4.77878e-07
0.10036	4.77995e-07
0.100383	4.78117e-07
0.100406	4.78243e-07
0.100429	4.78366e-07
0.100451	4.78491e-07
0.100474	4.78618e-07
0.100497	4.78744e-07
0.10052	4.7887e-07
0.100543	4.78995e-07
0.100566	4.79119e-07
0.100588	4.79239e-07
0.100611	4.79356e-07
0.100634	4.79472e-07
0.100657	4.7959e-07
0.10068	4.79701e-07
0.100703	4.79815e-07
0.100725	4.7993e-07
0.100748	4.80044e-07
0.100771	4.80161e-07
0.100794	4.80277e-07
0.100817	4.80386e-07
0.10084	4.80495e-07
0.100862	4.806e-07
0.100885	4.80707e-07
0.100908	4.80814e-07
0.100931	4.80921e-07
0.100954	4.81029e-07
0.100976	4.81137e-07
0.100999	4.81241e-07
0.101022	4.81348e-07
0.101045	4.81457e-07
0.101068	4.81561e-07
0.10109	4.81664e-07
0.101113	4.81767e-07
0.101136	4.81864e-07
0.101159	4.81965e-07
0.101182	4.82068e-07
0.101205	4.8217e-07
0.101227	4.8227e-07
0.10125	4.82365e-07
0.101273	4.8246e-07
0.101296	4.82561e-07
0.101319	4.82658e-07
0.101341	4.8276e-07
0.101364	4.82863e-07
0.101387	4.82958e-07
0.10141	4.83053e-07
0.101432	4.83145e-07
0.101455	4.8323e-07
0.101478	4.83313e-07
0.101501	4.83391e-07
0.101524	4.83466e-07
0.101546	4.83538e-07
0.101569	4.83607e-07
0.101592	4.83676e-07
0.101615	4.8375e-07
0.101638	4.83821e-07
0.10166	4.83895e-07
0.101683	4.83973e-07
0.101706	4.84052e-07
0.101729	4.84131e-07
0.101751	4.84209e-07
0.101774	4.8428e-07
0.101797	4.8435e-07
0.10182	4.84417e-07
0.101843	4.84483e-07
0.101865	4.84546e-07
0.101888	4.84608e-07
0.101911	4.84667e-07
0.101934	4.8473e-07
0.101956	4.84788e-07
0.101979	4.84846e-07
0.102002	4.84906e-07
0.102025	4.8496e-07
0.102047	4.85013e-07
0.10207	4.85067e-07
0.102093	4.85116e-07
0.102116	4.85166e-07
0.102138	4.85212e-07
0.102161	4.85257e-07
0.102184	4.85305e-07
0.102207	4.85347e-07
0.102229	4.85387e-07
0.102252	4.85431e-07
0.102275	4.8547e-07
0.102298	4.85512e-07
0.102321	4.85555e-07
0.102343	4.85593e-07
0.102366	4.8563e-07
0.102389	4.8567e-07
0.102411	4.85705e-07
0.102434	4.8574e-07
0.102457	4.85773e-07
0.10248	4.85805e-07
0.102502	4.85839e-07
0.102525	4.85873e-07
0.102548	4.85905e-07
0.102571	4.85942e-07
0.102593	4.85972e-07
0.102616	4.86003e-07
0.102639	4.86035e-07
0.102662	4.86062e-07
0.102684	4.86089e-07
0.102707	4.8612e-07
0.10273	4.86143e-07
0.102753	4.86167e-07
0.102775	4.86194e-07
0.102798	4.86221e-07
0.102821	4.86251e-07
0.102844	4.86278e-07
0.102866	4.863e-07
0.102889	4.86327e-07
0.102912	4.86349e-07
0.102934	4.86373e-07
0.102957	4.86401e-07
0.10298	4.86427e-07
0.103003	4.8645e-07
0.103025	4.86476e-07
0.103048	4.86499e-07
0.103071	4.86523e-07
0.103093	4.86541e-07
0.103116	4.86563e-07
0.103139	4.86591e-07
0.103162	4.86619e-07
0.103184	4.86646e-07
0.103207	4.86679e-07
0.10323	4.86704e-07
0.103252	4.86729e-07
0.103275	4.86755e-07
0.103298	4.86779e-07
0.103321	4.86802e-07
0.103343	4.86826e-07
0.103366	4.86845e-07
0.103389	4.86867e-07
0.103411	4.86889e-07
0.103434	4.8691e-07
0.103457	4.86929e-07
0.10348	4.86949e-07
0.103502	4.86966e-07
0.103525	4.86989e-07
0.103548	4.87012e-07
0.10357	4.87035e-07
0.103593	4.87058e-07
0.103616	4.87079e-07
0.103638	4.87099e-07
0.103661	4.87126e-07
0.103684	4.8715e-07
0.103707	4.87175e-07
0.103729	4.87198e-07
0.103752	4.8722e-07
0.103775	4.87242e-07
0.103797	4.87261e-07
0.10382	4.87274e-07
0.103843	4.87292e-07
0.103865	4.87308e-07
0.103888	4.87321e-07
0.103911	4.87336e-07
0.103933	4.87354e-07
0.103956	4.8737e-07
0.103979	4.87387e-07
0.104001	4.87407e-07
0.104024	4.87427e-07
0.104047	4.87447e-07
0.10407	4.87469e-07
0.104092	4.87492e-07
0.104115	4.87516e-07
0.104138	4.87537e-07
0.10416	4.87559e-07
0.104183	4.87579e-07
0.104206	4.87595e-07
0.104228	4.87608e-07
0.104251	4.87621e-07
0.104274	4.87631e-07
0.104296	4.87642e-07
0.104319	4.87654e-07
0.104342	4.87664e-07
0.104364	4.87676e-07
0.104387	4.87689e-07
0.10441	4.87702e-07
0.104432	4.87715e-07
0.104455	4.87728e-07
0.104478	4.87744e-07
0.1045	4.87761e-07
0.104523	4.87779e-07
0.104546	4.87796e-07
0.104568	4.87811e-07
0.104591	4.87823e-07
0.104614	4.87835e-07
0.104636	4.87848e-07
0.104659	4.87858e-07
0.104682	4.87869e-07
0.104704	4.87883e-07
0.104727	4.87893e-07
0.10475	4.87904e-07
0.104772	4.87916e-07
0.104795	4.87922e-07
0.104818	4.87929e-07
0.10484	4.87936e-07
0.104863	4.87939e-07
0.104886	4.87943e-07
0.104908	4.87949e-07
0.104931	4.87952e-07
0.104954	4.87956e-07
0.104976	4.8796e-07
0.104999	4.87962e-07
0.105022	4.87969e-07
0.105044	4.87977e-07
0.105067	4.87983e-07
0.105089	4.87991e-07
0.105112	4.87999e-07
0.105135	4.88008e-07
0.105157	4.88017e-07
0.10518	4.8802e-07
0.105203	4.88028e-07
0.105225	4.88039e-07
0.105248	4.88048e-07
0.105271	4.88059e-07
0.105293	4.88072e-07
0.105316	4.88085e-07
0.105339	4.88098e-07
0.105361	4.88106e-07
0.105384	4.88117e-07
0.105407	4.8813e-07
0.105429	4.88137e-07
0.105452	4.8815e-07
0.105474	4.88166e-07
0.105497	4.88177e-07
0.10552	4.8819e-07
0.105542	4.88207e-07
0.105565	4.88219e-07
0.105588	4.88236e-07
0.10561	4.88257e-07
0.105633	4.88276e-07
0.105656	4.88297e-07
0.105678	4.88317e-07
0.105701	4.8834e-07
0.105724	4.88366e-07
0.105746	4.88387e-07
0.105769	4.88412e-07
0.105791	4.88439e-07
0.105814	4.88462e-07
0.105837	4.88488e-07
0.105859	4.88522e-07
0.105882	4.88551e-07
0.105905	4.88582e-07
0.105927	4.88616e-07
0.10595	4.88643e-07
0.105972	4.88674e-07
0.105995	4.88709e-07
0.106018	4.88745e-07
0.10604	4.88783e-07
0.106063	4.88819e-07
0.106086	4.88857e-07
0.106108	4.889e-07
0.106131	4.88941e-07
0.106154	4.88987e-07
0.106176	4.89039e-07
0.106199	4.89083e-07
0.106221	4.89132e-07
0.106244	4.89191e-07
0.106267	4.89244e-07
0.106289	4.89297e-07
0.106312	4.89353e-07
0.106335	4.89407e-07
0.106357	4.89469e-07
0.10638	4.89534e-07
0.106402	4.89599e-07
0.106425	4.89672e-07
0.106448	4.89742e-07
0.10647	4.89814e-07
0.106493	4.89895e-07
0.106516	4.89972e-07
0.106538	4.9005e-07
0.106561	4.90132e-07
0.106583	4.9021e-07
0.106606	4.90288e-07
0.106629	4.90368e-07
0.106651	4.90446e-07
0.106674	4.90528e-07
0.106696	4.90615e-07
0.106719	4.90704e-07
0.106742	4.90797e-07
0.106764	4.90891e-07
0.106787	4.90986e-07
0.10681	4.91088e-07
0.106832	4.91191e-07
0.106855	4.91298e-07
0.106877	4.91412e-07
0.1069	4.91524e-07
0.106923	4.91634e-07
0.106945	4.91746e-07
0.106968	4.91856e-07
0.106991	4.91966e-07
0.107013	4.92077e-07
0.107036	4.92186e-07
0.107058	4.92298e-07
0.107081	4.92412e-07
0.107104	4.92522e-07
0.107126	4.92635e-07
0.107149	4.92746e-07
0.107171	4.9286e-07
0.107194	4.92981e-07
0.107217	4.93108e-07
0.107239	4.93235e-07
0.107262	4.93365e-07
0.107285	4.93496e-07
0.107307	4.93626e-07
0.10733	4.93758e-07
0.107352	4.93891e-07
0.107375	4.94027e-07
0.107398	4.94165e-07
0.10742	4.94302e-07
0.107443	4.94444e-07
0.107465	4.94585e-07
0.107488	4.94727e-07
0.107511	4.94872e-07
0.107533	4.95019e-07
0.107556	4.95167e-07
0.107579	4.95316e-07
0.107601	4.95465e-07
0.107624	4.95616e-07
0.107646	4.95768e-07
0.107669	4.95921e-07
0.107692	4.9608e-07
0.107714	4.96237e-07
0.107737	4.96397e-07
0.107759	4.96561e-07
0.107782	4.96725e-07
0.107805	4.96891e-07
0.107827	4.97062e-07
0.10785	4.97235e-07
0.107872	4.97413e-07
0.107895	4.97592e-07
0.107918	4.97769e-07
0.10794	4.97945e-07
0.107963	4.98119e-07
0.107986	4.98293e-07
0.108008	4.98473e-07
0.108031	4.98656e-07
0.108053	4.98839e-07
0.108076	4.99024e-07
0.108099	4.99212e-07
0.108121	4.99401e-07
0.108144	4.99592e-07
0.108166	4.99789e-07
0.108189	4.99995e-07
0.108212	5.00207e-07
0.108234	5.00427e-07
0.108257	5.00658e-07
0.108279	5.0089e-07
0.108302	5.0112e-07
0.108325	5.01352e-07
0.108347	5.01586e-07
0.10837	5.01818e-07
0.108393	5.02054e-07
0.108415	5.0229e-07
0.108438	5.02527e-07
0.10846	5.02769e-07
0.108483	5.03014e-07
0.108506	5.03267e-07
0.108528	5.0352e-07
0.108551	5.03774e-07
0.108573	5.04035e-07
0.108596	5.04299e-07
0.108619	5.04566e-07
0.108641	5.04838e-07
0.108664	5.0511e-07
0.108687	5.05383e-07
0.108709	5.05663e-07
0.108732	5.05947e-07
0.108754	5.06236e-07
0.108777	5.06526e-07
0.1088	5.06816e-07
0.108822	5.07112e-07
0.108845	5.07408e-07
0.108867	5.07705e-07
0.10889	5.08011e-07
0.108913	5.08319e-07
0.108935	5.0863e-07
0.108958	5.08944e-07
0.10898	5.09264e-07
0.109003	5.09582e-07
0.109026	5.09897e-07
0.109048	5.10213e-07
0.109071	5.10529e-07
0.109094	5.10844e-07
0.109116	5.11158e-07
0.109139	5.11478e-07
0.109161	5.11801e-07
0.109184	5.12122e-07
0.109207	5.12445e-07
0.109229	5.1277e-07
0.109252	5.13094e-07
0.109275	5.13415e-07
0.109297	5.13735e-07
0.10932	5.14055e-07
0.109342	5.14375e-07
0.109365	5.14694e-07
0.109388	5.15014e-07
0.10941	5.15336e-07
0.109433	5.15655e-07
0.109455	5.15975e-07
0.109478	5.16295e-07
0.109501	5.16616e-07
0.109523	5.16938e-07
0.109546	5.17262e-07
0.109569	5.17582e-07
0.109591	5.179e-07
0.109614	5.18215e-07
0.109636	5.18533e-07
0.109659	5.18854e-07
0.109682	5.19174e-07
0.109704	5.19498e-07
0.109727	5.19822e-07
0.10975	5.20143e-07
0.109772	5.20465e-07
0.109795	5.2079e-07
0.109817	5.21113e-07
0.10984	5.21442e-07
0.109863	5.21774e-07
0.109885	5.22105e-07
0.109908	5.22434e-07
0.109931	5.22764e-07
0.109953	5.23093e-07
0.109976	5.23419e-07
0.109998	5.23742e-07
0.110021	5.24063e-07
0.110044	5.24383e-07
0.110066	5.24703e-07
0.110089	5.25025e-07
0.110112	5.25353e-07
0.110134	5.25681e-07
0.110157	5.26011e-07
0.11018	5.26335e-07
0.110202	5.26659e-07
0.110225	5.26981e-07
0.110247	5.273e-07
0.11027	5.27618e-07
0.110293	5.27937e-07
0.110315	5.28252e-07
0.110338	5.28563e-07
0.110361	5.28872e-07
0.110383	5.29185e-07
0.110406	5.29499e-07
0.110428	5.29812e-07
0.110451	5.30123e-07
0.110474	5.30435e-07
0.110496	5.30745e-07
0.110519	5.31053e-07
0.110542	5.31357e-07
0.110564	5.31659e-07
0.110587	5.3196e-07
0.11061	5.32258e-07
0.110632	5.32555e-07
0.110655	5.32853e-07
0.110678	5.33154e-07
0.1107	5.33452e-07
0.110723	5.33747e-07
0.110745	5.34041e-07
0.110768	5.34333e-07
0.110791	5.34622e-07
0.110813	5.34907e-07
0.110836	5.35195e-07
0.110859	5.35475e-07
0.110881	5.35758e-07
0.110904	5.3604e-07
0.110927	5.36325e-07
0.110949	5.36607e-07
0.110972	5.36887e-07
0.110995	5.37164e-07
0.111017	5.3744e-07
0.11104	5.37712e-07
0.111063	5.37984e-07
0.111085	5.38253e-07
0.111108	5.38523e-07
0.11113	5.38792e-07
0.111153	5.39061e-07
0.111176	5.39325e-07
0.111198	5.39586e-07
0.111221	5.39845e-07
0.111244	5.40099e-07
0.111266	5.40353e-07
0.111289	5.40603e-07
0.111312	5.40849e-07
0.111334	5.41098e-07
0.111357	5.41343e-07
0.11138	5.41587e-07
0.111402	5.41833e-07
0.111425	5.42076e-07
0.111448	5.42314e-07
0.11147	5.42551e-07
0.111493	5.42782e-07
0.111516	5.43011e-07
0.111538	5.43239e-07
0.111561	5.43464e-07
0.111584	5.43688e-07
0.111606	5.43909e-07
0.111629	5.44125e-07
0.111652	5.44346e-07
0.111674	5.44562e-07
0.111697	5.44779e-07
0.11172	5.44995e-07
0.111742	5.45207e-07
0.111765	5.45418e-07
0.111788	5.45626e-07
0.11181	5.45829e-07
0.111833	5.46034e-07
0.111856	5.46238e-07
0.111878	5.46443e-07
0.111901	5.46648e-07
0.111924	5.46855e-07
0.111946	5.47056e-07
0.111969	5.47257e-07
0.111992	5.47453e-07
0.112014	5.47649e-07
0.112037	5.47844e-07
0.11206	5.48036e-07
0.112082	5.48227e-07
0.112105	5.4842e-07
0.112128	5.48609e-07
0.11215	5.48801e-07
0.112173	5.4899e-07
0.112196	5.49173e-07
0.112219	5.49356e-07
0.112241	5.49542e-07
0.112264	5.49728e-07
0.112287	5.4991e-07
0.112309	5.50091e-07
0.112332	5.50268e-07
0.112355	5.50444e-07
0.112377	5.50616e-07
0.1124	5.50791e-07
0.112423	5.50968e-07
0.112445	5.51139e-07
0.112468	5.51307e-07
0.112491	5.51477e-07
0.112513	5.51643e-07
0.112536	5.5181e-07
0.112559	5.51978e-07
0.112582	5.52146e-07
0.112604	5.52317e-07
0.112627	5.52491e-07
0.11265	5.52664e-07
0.112672	5.52834e-07
0.112695	5.52998e-07
0.112718	5.53162e-07
0.11274	5.53321e-07
0.112763	5.53474e-07
0.112786	5.53632e-07
0.112809	5.53789e-07
0.112831	5.53939e-07
0.112854	5.54091e-07
0.112877	5.54242e-07
0.112899	5.54388e-07
0.112922	5.54535e-07
0.112945	5.54686e-07
0.112967	5.54839e-07
0.11299	5.54992e-07
0.113013	5.55145e-07
0.113036	5.553e-07
0.113058	5.55454e-07
0.113081	5.55603e-07
0.113104	5.55756e-07
0.113126	5.5591e-07
0.113149	5.56061e-07
0.113172	5.5621e-07
0.113195	5.56358e-07
0.113217	5.56505e-07
0.11324	5.56647e-07
0.113263	5.56793e-07
0.113285	5.56938e-07
0.113308	5.57083e-07
0.113331	5.57227e-07
0.113354	5.57373e-07
0.113376	5.57518e-07
0.113399	5.5766e-07
0.113422	5.57803e-07
0.113445	5.57946e-07
0.113467	5.58084e-07
0.11349	5.58224e-07
0.113513	5.58368e-07
0.113535	5.58512e-07
0.113558	5.58657e-07
0.113581	5.58808e-07
0.113604	5.58962e-07
0.113626	5.59115e-07
0.113649	5.59267e-07
0.113672	5.5942e-07
0.113695	5.59568e-07
0.113717	5.59713e-07
0.11374	5.59865e-07
0.113763	5.60014e-07
0.113786	5.6016e-07
0.113808	5.60311e-07
0.113831	5.60458e-07
0.113854	5.60497e-07
0.113876	5.60524e-07
0.113899	5.60556e-07
0.113922	5.60593e-07
0.113945	5.60627e-07
0.113967	5.60664e-07
0.11399	5.607e-07
0.114013	5.60732e-07
0.114036	5.60759e-07
0.114058	5.60788e-07
0.114081	5.60814e-07
0.114104	5.6084e-07
0.114126	5.60872e-07
0.114149	5.609e-07
0.114172	5.60922e-07
0.114195	5.60944e-07
0.114217	5.60965e-07
0.11424	5.60983e-07
0.114263	5.60998e-07
0.114286	5.61015e-07
0.114308	5.61028e-07
0.114331	5.61039e-07
0.114354	5.61045e-07
0.114376	5.61056e-07
0.114399	5.61062e-07
0.114422	5.61069e-07
0.114444	5.61076e-07
0.114467	5.61082e-07
0.11449	5.61085e-07
0.114513	5.61092e-07
0.114535	5.61096e-07
0.114558	5.61096e-07
0.114581	5.61095e-07
0.114603	5.61097e-07
0.114626	5.61099e-07
0.114649	5.61095e-07
0.114671	5.61087e-07
0.114694	5.6108e-07
0.114717	5.61066e-07
0.11474	5.61049e-07
0.114762	5.61032e-07
0.114785	5.61013e-07
0.114808	5.60988e-07
0.11483	5.60967e-07
0.114853	5.60948e-07
0.114876	5.60926e-07
0.114898	5.60903e-07
0.114921	5.6088e-07
0.114944	5.60854e-07
0.114966	5.60823e-07
0.114989	5.60787e-07
0.115012	5.60753e-07
0.115034	5.60711e-07
0.115057	5.60665e-07
0.11508	5.60626e-07
0.115102	5.60585e-07
0.115125	5.60539e-07
0.115148	5.605e-07
0.11517	5.60455e-07
0.115193	5.60407e-07
0.115216	5.60355e-07
0.115238	5.60304e-07
0.115261	5.60248e-07
0.115284	5.60191e-07
0.115306	5.60131e-07
0.115329	5.6007e-07
0.115352	5.60002e-07
0.115374	5.59935e-07
0.115397	5.59868e-07
0.11542	5.59798e-07
0.115442	5.59724e-07
0.115465	5.59652e-07
0.115488	5.59577e-07
0.11551	5.59497e-07
0.115533	5.59418e-07
0.115556	5.59334e-07
0.115578	5.59247e-07
0.115601	5.59159e-07
0.115624	5.59064e-07
0.115646	5.58966e-07
0.115669	5.58864e-07
0.115691	5.58764e-07
0.115714	5.58665e-07
0.115737	5.58566e-07
0.115759	5.58464e-07
0.115782	5.58365e-07
0.115805	5.58262e-07
0.115827	5.58155e-07
0.11585	5.58049e-07
0.115873	5.57943e-07
0.115895	5.5783e-07
0.115918	5.57717e-07
0.11594	5.57598e-07
0.115963	5.57478e-07
0.115986	5.57354e-07
0.116008	5.57236e-07
0.116031	5.57116e-07
0.116054	5.56996e-07
0.116076	5.5687e-07
0.116099	5.56746e-07
0.116121	5.56615e-07
0.116144	5.56482e-07
0.116167	5.5635e-07
0.116189	5.56217e-07
0.116212	5.56077e-07
0.116235	5.55941e-07
0.116257	5.55801e-07
0.11628	5.55657e-07
0.116302	5.55508e-07
0.116325	5.55359e-07
0.116348	5.55213e-07
0.11637	5.55066e-07
0.116393	5.54916e-07
0.116415	5.54769e-07
0.116438	5.5462e-07
0.116461	5.54467e-07
0.116483	5.54308e-07
0.116506	5.54148e-07
0.116528	5.53982e-07
0.116551	5.53822e-07
0.116574	5.53658e-07
0.116596	5.53494e-07
0.116619	5.53324e-07
0.116641	5.53156e-07
0.116664	5.52986e-07
0.116687	5.52815e-07
0.116709	5.52642e-07
0.116732	5.52468e-07
0.116754	5.52286e-07
0.116777	5.52106e-07
0.1168	5.51922e-07
0.116822	5.51735e-07
0.116845	5.51546e-07
0.116867	5.51363e-07
0.11689	5.51175e-07
0.116912	5.50985e-07
0.116935	5.50796e-07
0.116958	5.50608e-07
0.11698	5.50421e-07
0.117003	5.50233e-07
0.117025	5.50041e-07
0.117048	5.49846e-07
0.11707	5.4965e-07
0.117093	5.49457e-07
0.117116	5.49264e-07
0.117138	5.4907e-07
0.117161	5.48877e-07
0.117183	5.48685e-07
0.117206	5.4849e-07
0.117228	5.48294e-07
0.117251	5.48099e-07
0.117274	5.47902e-07
0.117296	5.47703e-07
0.117319	5.47508e-07
0.117341	5.47316e-07
0.117364	5.47121e-07
0.117386	5.46924e-07
0.117409	5.46732e-07
0.117432	5.46542e-07
0.117454	5.46354e-07
0.117477	5.46165e-07
0.117499	5.45976e-07
0.117522	5.45783e-07
0.117544	5.45588e-07
0.117567	5.45394e-07
0.117589	5.45202e-07
0.117612	5.45009e-07
0.117635	5.4482e-07
0.117657	5.4463e-07
0.11768	5.4444e-07
0.117702	5.44251e-07
0.117725	5.44062e-07
0.117747	5.43871e-07
0.11777	5.43681e-07
0.117792	5.43492e-07
0.117815	5.43304e-07
0.117837	5.43117e-07
0.11786	5.42931e-07
0.117883	5.42746e-07
0.117905	5.42562e-07
0.117928	5.42378e-07
0.11795	5.42195e-07
0.117973	5.4201e-07
0.117995	5.41825e-07
0.118018	5.41646e-07
0.11804	5.41471e-07
0.118063	5.41293e-07
0.118085	5.41123e-07
0.118108	5.40955e-07
0.11813	5.40785e-07
0.118153	5.40616e-07
0.118175	5.40446e-07
0.118198	5.40273e-07
0.118221	5.40104e-07
0.118243	5.39936e-07
0.118266	5.39769e-07
0.118288	5.39599e-07
0.118311	5.39424e-07
0.118333	5.39248e-07
0.118356	5.39072e-07
0.118378	5.38896e-07
0.118401	5.38727e-07
0.118423	5.38559e-07
0.118446	5.38386e-07
0.118468	5.38219e-07
0.118491	5.38054e-07
0.118513	5.37889e-07
0.118536	5.37727e-07
0.118558	5.37568e-07
0.118581	5.37404e-07
0.118603	5.37243e-07
0.118626	5.37081e-07
0.118648	5.36919e-07
0.118671	5.36753e-07
0.118693	5.36591e-07
0.118716	5.36432e-07
0.118738	5.36273e-07
0.118761	5.36111e-07
0.118783	5.35954e-07
0.118806	5.35795e-07
0.118829	5.35637e-07
0.118851	5.35485e-07
0.118874	5.35335e-07
0.118896	5.35186e-07
0.118919	5.3504e-07
0.118941	5.3489e-07
0.118964	5.34741e-07
0.118986	5.34592e-07
0.119009	5.34445e-07
0.119031	5.34292e-07
0.119054	5.3414e-07
0.119076	5.33986e-07
0.119099	5.33836e-07
0.119121	5.33685e-07
0.119144	5.33535e-07
0.119166	5.3339e-07
0.119189	5.33242e-07
0.119211	5.33097e-07
0.119234	5.32957e-07
0.119256	5.32812e-07
0.119279	5.32673e-07
0.119301	5.32542e-07
0.119324	5.32408e-07
0.119346	5.32279e-07
0.119369	5.32152e-07
0.119391	5.32023e-07
0.119414	5.3189e-07
0.119436	5.31753e-07
0.119459	5.31618e-07
0.119481	5.31486e-07
0.119504	5.31353e-07
0.119526	5.31221e-07
0.119548	5.31098e-07
0.119571	5.30971e-07
0.119593	5.30841e-07
0.119616	5.30715e-07
0.119638	5.3058e-07
0.119661	5.30446e-07
0.119683	5.30318e-07
0.119706	5.30189e-07
0.119728	5.30061e-07
0.119751	5.29936e-07
0.119773	5.2981e-07
0.119796	5.29682e-07
0.119818	5.29555e-07
0.119841	5.2943e-07
0.119863	5.29314e-07
0.119886	5.29198e-07
0.119908	5.29082e-07
0.119931	5.28972e-07
0.119953	5.28861e-07
0.119976	5.28745e-07
0.119998	5.28634e-07
0.120021	5.28524e-07
0.120043	5.28415e-07
0.120066	5.28304e-07
0.120088	5.28197e-07
0.120111	5.28093e-07
0.120133	5.27994e-07
0.120156	5.27898e-07
0.120178	5.27809e-07
0.120201	5.27717e-07
0.120223	5.27627e-07
0.120245	5.27541e-07
0.120268	5.27454e-07
0.12029	5.27368e-07
0.120313	5.27285e-07
0.120335	5.27197e-07
0.120358	5.27113e-07
0.12038	5.27026e-07
0.120403	5.2694e-07
0.120425	5.26856e-07
0.120448	5.2677e-07
0.12047	5.26682e-07
0.120493	5.26599e-07
0.120515	5.26515e-07
0.120538	5.26429e-07
0.12056	5.26347e-07
0.120583	5.26268e-07
0.120605	5.26185e-07
0.120628	5.26108e-07
0.12065	5.26031e-07
0.120673	5.25954e-07
0.120695	5.25879e-07
0.120717	5.25802e-07
0.12074	5.25724e-07
0.120762	5.2565e-07
0.120785	5.25575e-07
0.120807	5.25502e-07
0.12083	5.25425e-07
0.120852	5.25345e-07
0.120875	5.25266e-07
0.120897	5.25186e-07
0.12092	5.25103e-07
0.120942	5.25022e-07
0.120965	5.24943e-07
0.120987	5.24867e-07
0.12101	5.24792e-07
0.121032	5.24718e-07
0.121055	5.24648e-07
0.121077	5.2458e-07
0.1211	5.24516e-07
0.121122	5.24456e-07
0.121144	5.24398e-07
0.121167	5.24339e-07
0.121189	5.2428e-07
0.121212	5.2422e-07
0.121234	5.24158e-07
0.121257	5.24099e-07
0.121279	5.24038e-07
0.121302	5.23981e-07
0.121324	5.23924e-07
0.121347	5.23867e-07
0.121369	5.23807e-07
0.121392	5.23747e-07
0.121414	5.23689e-07
0.121437	5.23634e-07
0.121459	5.23581e-07
0.121482	5.2353e-07
0.121504	5.23481e-07
0.121526	5.23435e-07
0.121549	5.23394e-07
0.121571	5.23358e-07
0.121594	5.23323e-07
0.121616	5.2329e-07
0.121639	5.23256e-07
0.121661	5.23221e-07
0.121684	5.23184e-07
0.121706	5.23144e-07
0.121729	5.23105e-07
0.121751	5.23072e-07
0.121774	5.23037e-07
0.121796	5.23004e-07
0.121819	5.22977e-07
0.121841	5.2295e-07
0.121864	5.22931e-07
0.121886	5.22922e-07
0.121908	5.22911e-07
0.121931	5.22903e-07
0.121953	5.22893e-07
0.121976	5.22888e-07
0.121998	5.22886e-07
0.122021	5.22885e-07
0.122043	5.2289e-07
0.122066	5.22899e-07
0.122088	5.22914e-07
0.122111	5.22936e-07
0.122133	5.22965e-07
0.122156	5.22997e-07
0.122178	5.23035e-07
0.122201	5.23076e-07
0.122223	5.23122e-07
0.122246	5.23171e-07
0.122268	5.23225e-07
0.122291	5.23287e-07
0.122313	5.2335e-07
0.122335	5.23423e-07
0.122358	5.23495e-07
0.12238	5.23572e-07
0.122403	5.23654e-07
0.122425	5.23741e-07
0.122448	5.23829e-07
0.12247	5.23919e-07
0.122493	5.24016e-07
0.122515	5.24118e-07
0.122538	5.24222e-07
0.12256	5.24333e-07
0.122583	5.2445e-07
0.122605	5.24568e-07
0.122628	5.24687e-07
0.12265	5.24813e-07
0.122673	5.24945e-07
0.122695	5.25085e-07
0.122718	5.25227e-07
0.12274	5.25369e-07
0.122763	5.25512e-07
0.122785	5.25662e-07
0.122808	5.25813e-07
0.12283	5.2597e-07
0.122853	5.26129e-07
0.122875	5.26294e-07
0.122897	5.26456e-07
0.12292	5.26617e-07
0.122942	5.26784e-07
0.122965	5.26957e-07
0.122987	5.27132e-07
0.12301	5.27317e-07
0.123032	5.27508e-07
0.123055	5.27702e-07
0.123077	5.27902e-07
0.1231	5.28106e-07
0.123122	5.28313e-07
0.123145	5.28526e-07
0.123167	5.28746e-07
0.12319	5.28972e-07
0.123212	5.29198e-07
0.123235	5.2943e-07
0.123257	5.29667e-07
0.12328	5.29911e-07
0.123302	5.30153e-07
0.123325	5.30393e-07
0.123347	5.30635e-07
0.12337	5.30885e-07
0.123392	5.31132e-07
0.123415	5.31387e-07
0.123437	5.3164e-07
0.12346	5.31899e-07
0.123482	5.32163e-07
0.123505	5.32431e-07
0.123527	5.32705e-07
0.12355	5.32985e-07
0.123572	5.33266e-07
0.123595	5.33545e-07
0.123617	5.33826e-07
0.12364	5.3411e-07
0.123662	5.34394e-07
0.123685	5.34682e-07
0.123707	5.34976e-07
0.12373	5.35276e-07
0.123752	5.35573e-07
0.123775	5.35874e-07
0.123797	5.36184e-07
0.12382	5.36496e-07
0.123842	5.36815e-07
0.123865	5.3714e-07
0.123887	5.37466e-07
0.12391	5.37794e-07
0.123932	5.38127e-07
0.123955	5.38465e-07
0.123977	5.38803e-07
0.124	5.39144e-07
0.124022	5.3949e-07
0.124045	5.39842e-07
0.124067	5.40198e-07
0.12409	5.40559e-07
0.124112	5.40917e-07
0.124135	5.41273e-07
0.124157	5.41632e-07
0.12418	5.41994e-07
0.124202	5.42354e-07
0.124225	5.42716e-07
0.124247	5.43079e-07
0.12427	5.43443e-07
0.124292	5.43812e-07
0.124315	5.44188e-07
0.124338	5.44564e-07
0.12436	5.44939e-07
0.124383	5.45313e-07
0.124405	5.45686e-07
0.124428	5.46062e-07
0.12445	5.46443e-07
0.124473	5.46826e-07
0.124495	5.47215e-07
0.124518	5.47605e-07
0.12454	5.47993e-07
0.124563	5.48386e-07
0.124585	5.48776e-07
0.124608	5.49167e-07
0.12463	5.49561e-07
0.124653	5.49955e-07
0.124675	5.5035e-07
0.124698	5.50743e-07
0.12472	5.51137e-07
0.124743	5.51529e-07
0.124766	5.51926e-07
0.124788	5.52323e-07
0.124811	5.52717e-07
0.124833	5.53112e-07
0.124856	5.53509e-07
0.124878	5.53905e-07
0.124901	5.54299e-07
0.124923	5.54689e-07
0.124946	5.55081e-07
0.124968	5.55474e-07
0.124991	5.55866e-07
0.125013	5.5626e-07
0.125036	5.5665e-07
0.125059	5.57035e-07
0.125081	5.57415e-07
0.125104	5.57793e-07
0.125126	5.5817e-07
0.125149	5.58543e-07
0.125171	5.58914e-07
0.125194	5.59286e-07
0.125216	5.59656e-07
0.125239	5.60024e-07
0.125261	5.60392e-07
0.125284	5.60758e-07
0.125307	5.61117e-07
0.125329	5.61478e-07
0.125352	5.61835e-07
0.125374	5.62192e-07
0.125397	5.62547e-07
0.125419	5.629e-07
0.125442	5.6325e-07
0.125464	5.63596e-07
0.125487	5.63938e-07
0.12551	5.64282e-07
0.125532	5.64622e-07
0.125555	5.64957e-07
0.125577	5.65289e-07
0.1256	5.65616e-07
0.125622	5.65935e-07
0.125645	5.66257e-07
0.125668	5.66578e-07
0.12569	5.66902e-07
0.125713	5.67226e-07
0.125735	5.67555e-07
0.125758	5.6788e-07
0.12578	5.68205e-07
0.125803	5.68529e-07
0.125826	5.68852e-07
0.125848	5.69166e-07
0.125871	5.69484e-07
0.125893	5.698e-07
0.125916	5.70108e-07
0.125938	5.70409e-07
0.125961	5.7071e-07
0.125984	5.71006e-07
0.126006	5.71301e-07
0.126029	5.71594e-07
0.126051	5.71884e-07
0.126074	5.72168e-07
0.126097	5.72454e-07
0.126119	5.72736e-07
0.126142	5.73019e-07
0.126164	5.73295e-07
0.126187	5.7357e-07
0.126209	5.73842e-07
0.126232	5.74117e-07
0.126255	5.74392e-07
0.126277	5.74668e-07
0.1263	5.74934e-07
0.126322	5.752e-07
0.126345	5.75464e-07
0.126368	5.75723e-07
0.12639	5.75975e-07
0.126413	5.76226e-07
0.126435	5.76471e-07
0.126458	5.76713e-07
0.126481	5.76948e-07
0.126503	5.77186e-07
0.126526	5.77421e-07
0.126548	5.77652e-07
0.126571	5.77878e-07
0.126594	5.78103e-07
0.126616	5.78321e-07
0.126639	5.78539e-07
0.126662	5.78757e-07
0.126684	5.78972e-07
0.126707	5.79185e-07
0.126729	5.79401e-07
0.126752	5.79615e-07
0.126775	5.79832e-07
0.126797	5.80045e-07
0.12682	5.80258e-07
0.126842	5.80464e-07
0.126865	5.80667e-07
0.126888	5.80866e-07
0.12691	5.81064e-07
0.126933	5.81259e-07
0.126956	5.81448e-07
0.126978	5.81632e-07
0.127001	5.81812e-07
0.127023	5.81989e-07
0.127046	5.82164e-07
0.127069	5.82336e-07
0.127091	5.82508e-07
0.127114	5.82677e-07
0.127137	5.8285e-07
0.127159	5.83019e-07
0.127182	5.83185e-07
0.127205	5.83346e-07
0.127227	5.83503e-07
0.12725	5.83655e-07
0.127272	5.83783e-07
0.127295	5.83769e-07
0.127318	5.83747e-07
0.12734	5.83724e-07
0.127363	5.83699e-07
0.127386	5.83675e-07
0.127408	5.83646e-07
0.127431	5.83619e-07
0.127453	5.83588e-07
0.127476	5.8355e-07
0.127499	5.83509e-07
0.127521	5.8347e-07
0.127544	5.83433e-07
0.127567	5.83397e-07
0.127589	5.83361e-07
0.127612	5.8332e-07
0.127634	5.83276e-07
0.127657	5.83231e-07
0.12768	5.83187e-07
0.127702	5.83141e-07
0.127725	5.83091e-07
0.127748	5.83041e-07
0.12777	5.82991e-07
0.127793	5.82942e-07
0.127815	5.82891e-07
0.127838	5.82835e-07
0.127861	5.82779e-07
0.127883	5.8272e-07
0.127906	5.82662e-07
0.127928	5.826e-07
0.127951	5.82536e-07
0.127974	5.82476e-07
0.127996	5.82415e-07
0.128019	5.82356e-07
0.128041	5.82298e-07
0.128064	5.8224e-07
0.128087	5.82177e-07
0.128109	5.82116e-07
0.128132	5.82057e-07
0.128154	5.81999e-07
0.128177	5.81945e-07
0.128199	5.81889e-07
0.128222	5.8183e-07
0.128245	5.81771e-07
0.128267	5.81706e-07
0.12829	5.81649e-07
0.128312	5.8159e-07
0.128335	5.81534e-07
0.128358	5.8148e-07
0.12838	5.81429e-07
0.128403	5.81372e-07
0.128425	5.81317e-07
0.128448	5.8126e-07
0.12847	5.81205e-07
0.128493	5.81154e-07
0.128516	5.81105e-07
0.128538	5.81058e-07
0.128561	5.81017e-07
0.128583	5.80975e-07
0.128606	5.8093e-07
0.128628	5.80883e-07
0.128651	5.80839e-07
0.128673	5.80797e-07
0.128696	5.80757e-07
0.128719	5.8072e-07
0.128741	5.80686e-07
0.128764	5.80649e-07
0.128786	5.80614e-07
0.128809	5.80578e-07
0.128831	5.80544e-07
0.128854	5.80514e-07
0.128876	5.80487e-07
0.128899	5.80455e-07
0.128921	5.80423e-07
0.128944	5.80391e-07
0.128967	5.80362e-07
0.128989	5.8034e-07
0.129012	5.80321e-07
0.129034	5.80302e-07
0.129057	5.80289e-07
0.129079	5.80276e-07
0.129102	5.80261e-07
0.129124	5.80249e-07
0.129147	5.80244e-07
0.129169	5.80245e-07
0.129192	5.80248e-07
0.129214	5.8025e-07
0.129237	5.80258e-07
0.129259	5.80274e-07
0.129282	5.8029e-07
0.129305	5.8031e-07
0.129327	5.80334e-07
0.12935	5.80353e-07
0.129372	5.80375e-07
0.129395	5.80398e-07
0.129417	5.8042e-07
0.12944	5.80442e-07
0.129462	5.80468e-07
0.129485	5.80496e-07
0.129507	5.80524e-07
0.12953	5.80554e-07
0.129552	5.80585e-07
0.129575	5.80616e-07
0.129597	5.8065e-07
0.12962	5.80688e-07
0.129642	5.80729e-07
0.129665	5.80775e-07
0.129687	5.80824e-07
0.12971	5.80873e-07
0.129732	5.80926e-07
0.129755	5.80983e-07
0.129777	5.81042e-07
0.1298	5.81105e-07
0.129822	5.81174e-07
0.129845	5.81243e-07
0.129867	5.81311e-07
0.12989	5.81384e-07
0.129912	5.81465e-07
0.129935	5.81549e-07
0.129957	5.81634e-07
0.12998	5.81716e-07
0.130002	5.81796e-07
0.130025	5.81876e-07
0.130047	5.81953e-07
0.13007	5.82028e-07
0.130092	5.82099e-07
0.130114	5.82169e-07
0.130137	5.82239e-07
0.130159	5.82308e-07
0.130182	5.82376e-07
0.130204	5.82444e-07
0.130227	5.8251e-07
0.130249	5.8258e-07
0.130272	5.82649e-07
0.130294	5.82712e-07
0.130317	5.82776e-07
0.130339	5.82839e-07
0.130362	5.82897e-07
0.130384	5.82951e-07
0.130407	5.83004e-07
0.130429	5.8305e-07
0.130452	5.83091e-07
0.130474	5.83131e-07
0.130496	5.83163e-07
0.130519	5.83192e-07
0.130541	5.83218e-07
0.130564	5.83239e-07
0.130586	5.83258e-07
0.130609	5.83276e-07
0.130631	5.83289e-07
0.130654	5.83298e-07
0.130676	5.83303e-07
0.130699	5.83306e-07
0.130721	5.83306e-07
0.130743	5.83301e-07
0.130766	5.83292e-07
0.130788	5.83283e-07
0.130811	5.83267e-07
0.130833	5.83254e-07
0.130856	5.8324e-07
0.130878	5.8322e-07
0.130901	5.83196e-07
0.130923	5.83164e-07
0.130945	5.83128e-07
0.130968	5.83096e-07
0.13099	5.83064e-07
0.131013	5.83035e-07
0.131035	5.83006e-07
0.131058	5.82973e-07
0.13108	5.82939e-07
0.131103	5.82901e-07
0.131125	5.82855e-07
0.131147	5.82808e-07
0.13117	5.82762e-07
0.131192	5.82709e-07
0.131215	5.82655e-07
0.131237	5.82598e-07
0.13126	5.82539e-07
0.131282	5.82478e-07
0.131304	5.82419e-07
0.131327	5.82354e-07
0.131349	5.82288e-07
0.131372	5.82226e-07
0.131394	5.82163e-07
0.131417	5.82103e-07
0.131439	5.82046e-07
0.131461	5.81984e-07
0.131484	5.81916e-07
0.131506	5.81847e-07
0.131529	5.81778e-07
0.131551	5.81712e-07
0.131573	5.81641e-07
0.131596	5.81567e-07
0.131618	5.81489e-07
0.131641	5.81407e-07
0.131663	5.81323e-07
0.131686	5.81243e-07
0.131708	5.8116e-07
0.13173	5.81083e-07
0.131753	5.81004e-07
0.131775	5.80925e-07
0.131798	5.80843e-07
0.13182	5.80761e-07
0.131842	5.80673e-07
0.131865	5.80588e-07
0.131887	5.80494e-07
0.13191	5.80397e-07
0.131932	5.80295e-07
0.131954	5.80192e-07
0.131977	5.80085e-07
0.131999	5.79982e-07
0.132022	5.79877e-07
0.132044	5.79765e-07
0.132067	5.79649e-07
0.132089	5.79534e-07
0.132111	5.79414e-07
0.132134	5.79299e-07
0.132156	5.79175e-07
0.132179	5.79054e-07
0.132201	5.78922e-07
0.132223	5.78787e-07
0.132246	5.78647e-07
0.132268	5.78509e-07
0.132291	5.78374e-07
0.132313	5.7825e-07
0.132335	5.78123e-07
0.132358	5.78001e-07
0.13238	5.77874e-07
0.132402	5.7775e-07
0.132425	5.77622e-07
0.132447	5.77492e-07
0.13247	5.7735e-07
0.132492	5.77203e-07
0.132514	5.77053e-07
0.132537	5.76902e-07
0.132559	5.76741e-07
0.132582	5.7658e-07
0.132604	5.76415e-07
0.132626	5.76253e-07
0.132649	5.7609e-07
0.132671	5.75926e-07
0.132694	5.75758e-07
0.132716	5.75594e-07
0.132738	5.75416e-07
0.132761	5.75233e-07
0.132783	5.75043e-07
0.132805	5.74855e-07
0.132828	5.74664e-07
0.13285	5.7447e-07
0.132873	5.74272e-07
0.132895	5.7407e-07
0.132917	5.73865e-07
0.13294	5.73658e-07
0.132962	5.73446e-07
0.132985	5.73234e-07
0.133007	5.7302e-07
0.133029	5.72808e-07
0.133052	5.72595e-07
0.133074	5.72377e-07
0.133096	5.72157e-07
0.133119	5.71938e-07
0.133141	5.71719e-07
0.133164	5.715e-07
0.133186	5.71281e-07
0.133208	5.71065e-07
0.133231	5.70853e-07
0.133253	5.70641e-07
0.133275	5.70425e-07
0.133298	5.70211e-07
0.13332	5.69991e-07
0.133343	5.69771e-07
0.133365	5.69558e-07
0.133387	5.69347e-07
0.13341	5.6914e-07
0.133432	5.68936e-07
0.133454	5.6873e-07
0.133477	5.68525e-07
0.133499	5.68318e-07
0.133521	5.68108e-07
0.133544	5.679e-07
0.133566	5.67691e-07
0.133589	5.67484e-07
0.133611	5.67274e-07
0.133633	5.67067e-07
0.133656	5.6686e-07
0.133678	5.66653e-07
0.1337	5.66447e-07
0.133723	5.66244e-07
0.133745	5.66039e-07
0.133767	5.65834e-07
0.13379	5.65624e-07
0.133812	5.65417e-07
0.133835	5.65211e-07
0.133857	5.65004e-07
0.133879	5.64792e-07
0.133902	5.64583e-07
0.133924	5.64373e-07
0.133946	5.64169e-07
0.133969	5.63966e-07
0.133991	5.63764e-07
0.134013	5.63559e-07
0.134036	5.63355e-07
0.134058	5.63143e-07
0.134081	5.62935e-07
0.134103	5.62727e-07
0.134125	5.62521e-07
0.134148	5.62312e-07
0.13417	5.62109e-07
0.134192	5.61909e-07
0.134215	5.61712e-07
0.134237	5.61511e-07
0.134259	5.61318e-07
0.134282	5.6112e-07
0.134304	5.60919e-07
0.134326	5.60711e-07
0.134349	5.60511e-07
0.134371	5.60313e-07
0.134393	5.60115e-07
0.134416	5.59913e-07
0.134438	5.59728e-07
0.134461	5.59545e-07
0.134483	5.5935e-07
0.134505	5.59149e-07
0.134528	5.58962e-07
0.13455	5.58783e-07
0.134572	5.58598e-07
0.134595	5.58404e-07
0.134617	5.5822e-07
0.134639	5.58037e-07
0.134662	5.57849e-07
0.134684	5.57658e-07
0.134706	5.57481e-07
0.134729	5.57306e-07
0.134751	5.57126e-07
0.134773	5.56937e-07
0.134796	5.56765e-07
0.134818	5.56597e-07
0.134841	5.56423e-07
0.134863	5.56239e-07
0.134885	5.56064e-07
0.134908	5.55885e-07
0.13493	5.55703e-07
0.134952	5.55515e-07
0.134975	5.55346e-07
0.134997	5.55187e-07
0.135019	5.55025e-07
0.135042	5.5486e-07
0.135064	5.54711e-07
0.135086	5.54566e-07
0.135109	5.54414e-07
0.135131	5.54259e-07
0.135153	5.54122e-07
0.135176	5.53993e-07
0.135198	5.53856e-07
0.13522	5.53708e-07
0.135243	5.53575e-07
0.135265	5.53454e-07
0.135288	5.53334e-07
0.13531	5.53212e-07
0.135332	5.53093e-07
0.135355	5.52968e-07
0.135377	5.52849e-07
0.135399	5.52732e-07
0.135422	5.52619e-07
0.135444	5.52507e-07
0.135466	5.52399e-07
0.135489	5.52294e-07
0.135511	5.52193e-07
0.135533	5.52095e-07
0.135556	5.52003e-07
0.135578	5.51905e-07
0.1356	5.51814e-07
0.135623	5.51724e-07
0.135645	5.51644e-07
0.135667	5.51566e-07
0.13569	5.51491e-07
0.135712	5.51414e-07
0.135735	5.51352e-07
0.135757	5.5129e-07
0.135779	5.51224e-07
0.135802	5.51157e-07
0.135824	5.51109e-07
0.135846	5.51065e-07
0.135869	5.51027e-07
0.135891	5.50983e-07
0.135913	5.50956e-07
0.135936	5.50927e-07
0.135958	5.50902e-07
0.13598	5.50877e-07
0.136003	5.50866e-07
0.136025	5.50855e-07
0.136048	5.50844e-07
0.13607	5.5083e-07
0.136092	5.50831e-07
0.136115	5.5083e-07
0.136137	5.50826e-07
0.136159	5.50816e-07
0.136182	5.50827e-07
0.136204	5.50839e-07
0.136226	5.50845e-07
0.136249	5.50854e-07
0.136271	5.50887e-07
0.136293	5.50912e-07
0.136316	5.50926e-07
0.136338	5.50948e-07
0.136361	5.50995e-07
0.136383	5.51037e-07
0.136405	5.5107e-07
0.136428	5.51115e-07
0.13645	5.51181e-07
0.136472	5.51239e-07
0.136495	5.51301e-07
0.136517	5.5137e-07
0.136539	5.51457e-07
0.136562	5.51533e-07
0.136584	5.51613e-07
0.136607	5.51706e-07
0.136629	5.5181e-07
0.136651	5.51893e-07
0.136674	5.51977e-07
0.136696	5.52076e-07
0.136718	5.52194e-07
0.136741	5.523e-07
0.136763	5.52411e-07
0.136785	5.52532e-07
0.136808	5.52671e-07
0.13683	5.52797e-07
0.136853	5.52924e-07
0.136875	5.53067e-07
0.136897	5.53228e-07
0.13692	5.53381e-07
0.136942	5.53534e-07
0.136964	5.5369e-07
0.136987	5.53865e-07
0.137009	5.54037e-07
0.137032	5.54202e-07
0.137054	5.54371e-07
0.137076	5.54563e-07
0.137099	5.54754e-07
0.137121	5.54938e-07
0.137143	5.55131e-07
0.137166	5.55343e-07
0.137188	5.5555e-07
0.137211	5.55746e-07
0.137233	5.55958e-07
0.137255	5.56192e-07
0.137278	5.56418e-07
0.1373	5.56646e-07
0.137322	5.56885e-07
0.137345	5.5714e-07
0.137367	5.57387e-07
0.13739	5.57633e-07
0.137412	5.5789e-07
0.137434	5.58162e-07
0.137457	5.58421e-07
0.137479	5.58675e-07
0.137502	5.58943e-07
0.137524	5.59239e-07
0.137546	5.59537e-07
0.137569	5.59833e-07
0.137591	5.60127e-07
0.137613	5.60433e-07
0.137636	5.60745e-07
0.137658	5.61056e-07
0.137681	5.61349e-07
0.137703	5.61656e-07
0.137725	5.61978e-07
0.137748	5.62305e-07
0.13777	5.6262e-07
0.137793	5.62951e-07
0.137815	5.63303e-07
0.137837	5.63664e-07
0.13786	5.64023e-07
0.137882	5.64392e-07
0.137905	5.64762e-07
0.137927	5.65132e-07
0.137949	5.65506e-07
0.137972	5.65892e-07
0.137994	5.66268e-07
0.138017	5.66644e-07
0.138039	5.67027e-07
0.138061	5.6743e-07
0.138084	5.67821e-07
0.138106	5.68201e-07
0.138129	5.68585e-07
0.138151	5.68999e-07
0.138173	5.6941e-07
0.138196	5.69815e-07
0.138218	5.70213e-07
0.138241	5.70622e-07
0.138263	5.71029e-07
0.138286	5.71434e-07
0.138308	5.7184e-07
0.13833	5.72267e-07
0.138353	5.72697e-07
0.138375	5.73129e-07
0.138398	5.73554e-07
0.13842	5.73997e-07
0.138442	5.74444e-07
0.138465	5.74887e-07
0.138487	5.75327e-07
0.13851	5.7578e-07
0.138532	5.76234e-07
0.138555	5.76683e-07
0.138577	5.77121e-07
0.138599	5.77571e-07
0.138622	5.7802e-07
0.138644	5.78463e-07
0.138667	5.78904e-07
0.138689	5.79365e-07
0.138712	5.79822e-07
0.138734	5.80279e-07
0.138756	5.80731e-07
0.138779	5.81198e-07
0.138801	5.81661e-07
0.138824	5.82123e-07
0.138846	5.82591e-07
0.138869	5.83079e-07
0.138891	5.83558e-07
0.138913	5.84029e-07
0.138936	5.84501e-07
0.138958	5.84993e-07
0.138981	5.85467e-07
0.139003	5.8593e-07
0.139026	5.86394e-07
0.139048	5.86881e-07
0.139071	5.87358e-07
0.139093	5.87832e-07
0.139115	5.88292e-07
0.139138	5.88756e-07
0.13916	5.89225e-07
0.139183	5.89699e-07
0.139205	5.90154e-07
0.139228	5.90615e-07
0.13925	5.91081e-07
0.139273	5.91556e-07
0.139295	5.9201e-07
0.139318	5.92472e-07
0.13934	5.92937e-07
0.139362	5.93399e-07
0.139385	5.93844e-07
0.139407	5.943e-07
0.13943	5.94757e-07
0.139452	5.9521e-07
0.139475	5.95647e-07
0.139497	5.96095e-07
0.13952	5.96548e-07
0.139542	5.97004e-07
0.139565	5.97439e-07
0.139587	5.97886e-07
0.13961	5.98347e-07
0.139632	5.98815e-07
0.139655	5.99261e-07
0.139677	5.99709e-07
0.139699	6.00162e-07
0.139722	6.00618e-07
0.139744	6.01056e-07
0.139767	6.01504e-07
0.139789	6.01938e-07
0.139812	6.02362e-07
0.139834	6.0279e-07
0.139857	6.03233e-07
0.139879	6.03655e-07
0.139902	6.04069e-07
0.139924	6.0448e-07
0.139947	6.04914e-07
0.139969	6.05335e-07
0.139992	6.05746e-07
0.140014	6.06146e-07
0.140037	6.06553e-07
0.140059	6.06964e-07
0.140082	6.07373e-07
0.140104	6.07765e-07
0.140127	6.08166e-07
0.140149	6.0857e-07
0.140172	6.08972e-07
0.140194	6.0935e-07
0.140217	6.09735e-07
0.140239	6.10131e-07
0.140262	6.1053e-07
0.140284	6.10894e-07
0.140307	6.11114e-07
0.140329	6.11301e-07
0.140352	6.11492e-07
0.140374	6.11674e-07
0.140397	6.11865e-07
0.140419	6.12041e-07
0.140442	6.12202e-07
0.140464	6.12364e-07
0.140487	6.12544e-07
0.140509	6.12712e-07
0.140532	6.12873e-07
0.140554	6.13014e-07
0.140577	6.13161e-07
0.140599	6.13311e-07
0.140621	6.13464e-07
0.140644	6.13592e-07
0.140666	6.13725e-07
0.140689	6.13867e-07
0.140711	6.14003e-07
0.140734	6.14112e-07
0.140756	6.14227e-07
0.140779	6.14348e-07
0.140801	6.14473e-07
0.140824	6.14588e-07
0.140846	6.14711e-07
0.140869	6.14819e-07
0.140891	6.14909e-07
0.140914	6.14997e-07
0.140936	6.15098e-07
0.140958	6.15187e-07
0.140981	6.15255e-07
0.141003	6.15318e-07
0.141026	6.15403e-07
0.141048	6.15472e-07
0.141071	6.15533e-07
0.141093	6.15589e-07
0.141116	6.15657e-07
0.141138	6.15717e-07
0.14116	6.15765e-07
0.141183	6.15806e-07
0.141205	6.1586e-07
0.141228	6.159e-07
0.14125	6.15926e-07
0.141273	6.15956e-07
0.141295	6.16005e-07
0.141317	6.16033e-07
0.14134	6.16044e-07
0.141362	6.16053e-07
0.141385	6.1608e-07
0.141407	6.16106e-07
0.14143	6.1612e-07
0.141452	6.16117e-07
0.141474	6.1611e-07
0.141497	6.16111e-07
0.141519	6.1611e-07
0.141542	6.16087e-07
0.141564	6.16069e-07
0.141586	6.16061e-07
0.141609	6.16052e-07
0.141631	6.16019e-07
0.141654	6.15986e-07
0.141676	6.15963e-07
0.141698	6.15941e-07
0.141721	6.15905e-07
0.141743	6.15874e-07
0.141766	6.15844e-07
0.141788	6.15806e-07
0.14181	6.15746e-07
0.141833	6.15691e-07
0.141855	6.15649e-07
0.141878	6.15603e-07
0.1419	6.15532e-07
0.141922	6.15461e-07
0.141945	6.15399e-07
0.141967	6.15339e-07
0.141989	6.15259e-07
0.142012	6.15185e-07
0.142034	6.15117e-07
0.142057	6.15046e-07
0.142079	6.14966e-07
0.142101	6.1489e-07
0.142124	6.14818e-07
0.142146	6.14739e-07
0.142168	6.14643e-07
0.142191	6.14552e-07
0.142213	6.14465e-07
0.142236	6.14367e-07
0.142258	6.14251e-07
0.14228	6.14137e-07
0.142303	6.14031e-07
0.142325	6.13925e-07
0.142347	6.138e-07
0.14237	6.13675e-07
0.142392	6.13561e-07
0.142414	6.13457e-07
0.142437	6.1334e-07
0.142459	6.1323e-07
0.142481	6.13122e-07
0.142504	6.13006e-07
0.142526	6.12881e-07
0.142548	6.12765e-07
0.142571	6.12646e-07
0.142593	6.12523e-07
0.142615	6.12392e-07
0.142638	6.12268e-07
0.14266	6.12144e-07
0.142682	6.12017e-07
0.142705	6.11875e-07
0.142727	6.11742e-07
0.142749	6.11611e-07
0.142772	6.11482e-07
0.142794	6.11339e-07
0.142816	6.11212e-07
0.142839	6.11097e-07
0.142861	6.10986e-07
0.142883	6.10848e-07
0.142906	6.10712e-07
0.142928	6.10585e-07
0.14295	6.10468e-07
0.142973	6.10342e-07
0.142995	6.10228e-07
0.143017	6.10098e-07
0.14304	6.09957e-07
0.143062	6.09822e-07
0.143084	6.09708e-07
0.143106	6.09582e-07
0.143129	6.09443e-07
0.143151	6.09308e-07
0.143173	6.092e-07
0.143196	6.09087e-07
0.143218	6.0896e-07
0.14324	6.08827e-07
0.143263	6.08704e-07
0.143285	6.08581e-07
0.143307	6.08451e-07
0.143329	6.08314e-07
0.143352	6.08183e-07
0.143374	6.08057e-07
0.143396	6.07927e-07
0.143419	6.07786e-07
0.143441	6.0766e-07
0.143463	6.07538e-07
0.143485	6.07418e-07
0.143508	6.07289e-07
0.14353	6.07168e-07
0.143552	6.07045e-07
0.143575	6.06926e-07
0.143597	6.06798e-07
0.143619	6.06681e-07
0.143641	6.06574e-07
0.143664	6.0646e-07
0.143686	6.06324e-07
0.143708	6.06194e-07
0.14373	6.06074e-07
0.143753	6.05963e-07
0.143775	6.05842e-07
0.143797	6.05738e-07
0.14382	6.05646e-07
0.143842	6.05555e-07
0.143864	6.05458e-07
0.143886	6.05371e-07
0.143909	6.05288e-07
0.143931	6.05203e-07
0.143953	6.051e-07
0.143975	6.05011e-07
0.143998	6.04934e-07
0.14402	6.04854e-07
0.144042	6.04751e-07
0.144064	6.04653e-07
0.144087	6.04558e-07
0.144109	6.04472e-07
0.144131	6.04375e-07
0.144153	6.04284e-07
0.144176	6.0419e-07
0.144198	6.04086e-07
0.14422	6.03976e-07
0.144242	6.03875e-07
0.144265	6.03761e-07
0.144287	6.03632e-07
0.144309	6.03505e-07
0.144331	6.03388e-07
0.144354	6.0326e-07
0.144376	6.0312e-07
0.144398	6.02983e-07
0.14442	6.02867e-07
0.144443	6.0274e-07
0.144465	6.02599e-07
0.144487	6.02459e-07
0.144509	6.02333e-07
0.144531	6.0219e-07
0.144554	6.02031e-07
0.144576	6.01877e-07
0.144598	6.01738e-07
0.14462	6.01586e-07
0.144643	6.01426e-07
0.144665	6.01272e-07
0.144687	6.01138e-07
0.144709	6.00995e-07
0.144731	6.00833e-07
0.144754	6.00676e-07
0.144776	6.00544e-07
0.144798	6.0041e-07
0.14482	6.00263e-07
0.144843	6.00098e-07
0.144865	5.99934e-07
0.144887	5.99781e-07
0.144909	5.99626e-07
0.144931	5.99451e-07
0.144954	5.99276e-07
0.144976	5.99117e-07
0.144998	5.98961e-07
0.14502	5.98791e-07
0.145042	5.98633e-07
0.145065	5.98473e-07
0.145087	5.98296e-07
0.145109	5.98116e-07
0.145131	5.97943e-07
0.145154	5.97764e-07
0.145176	5.97576e-07
0.145198	5.97388e-07
0.14522	5.97208e-07
0.145242	5.97021e-07
0.145265	5.96821e-07
0.145287	5.96625e-07
0.145309	5.96438e-07
0.145331	5.96235e-07
0.145353	5.96012e-07
0.145376	5.95799e-07
0.145398	5.956e-07
0.14542	5.95388e-07
0.145442	5.95158e-07
0.145464	5.94935e-07
0.145487	5.94734e-07
0.145509	5.94535e-07
0.145531	5.94332e-07
0.145553	5.94116e-07
0.145575	5.93896e-07
0.145597	5.93681e-07
0.14562	5.93463e-07
0.145642	5.93235e-07
0.145664	5.9301e-07
0.145686	5.9278e-07
0.145708	5.9254e-07
0.145731	5.92307e-07
0.145753	5.92084e-07
0.145775	5.91856e-07
0.145797	5.91616e-07
0.145819	5.91379e-07
0.145842	5.91153e-07
0.145864	5.90908e-07
0.145886	5.90646e-07
0.145908	5.9039e-07
0.14593	5.90148e-07
0.145952	5.89899e-07
0.145975	5.89636e-07
0.145997	5.8937e-07
0.146019	5.89117e-07
0.146041	5.88867e-07
0.146063	5.88609e-07
0.146086	5.88343e-07
0.146108	5.88087e-07
0.14613	5.8784e-07
0.146152	5.87583e-07
0.146174	5.87322e-07
0.146196	5.87072e-07
0.146219	5.86822e-07
0.146241	5.86563e-07
0.146263	5.86293e-07
0.146285	5.8603e-07
0.146307	5.85781e-07
0.146329	5.8553e-07
0.146352	5.85268e-07
0.146374	5.85011e-07
0.146396	5.84758e-07
0.146418	5.84494e-07
0.14644	5.84213e-07
0.146462	5.83938e-07
0.146485	5.83673e-07
0.146507	5.83408e-07
0.146529	5.83134e-07
0.146551	5.82865e-07
0.146573	5.82601e-07
0.146596	5.82329e-07
0.146618	5.82052e-07
0.14664	5.81792e-07
0.146662	5.81538e-07
0.146684	5.81275e-07
0.146706	5.81013e-07
0.146729	5.80757e-07
0.146751	5.80503e-07
0.146773	5.80248e-07
0.146795	5.79986e-07
0.146817	5.79732e-07
0.146839	5.79487e-07
0.146862	5.79233e-07
0.146884	5.78976e-07
0.146906	5.78725e-07
0.146928	5.78484e-07
0.14695	5.7823e-07
0.146972	5.77958e-07
0.146995	5.77686e-07
0.147017	5.77434e-07
0.147039	5.77178e-07
0.147061	5.7691e-07
0.147083	5.76639e-07
0.147105	5.76387e-07
0.147128	5.7614e-07
0.14715	5.75888e-07
0.147172	5.7564e-07
0.147194	5.75384e-07
0.147216	5.7511e-07
0.147238	5.74849e-07
0.147261	5.74601e-07
0.147283	5.7435e-07
0.147305	5.74089e-07
0.147327	5.73836e-07
0.147349	5.73596e-07
0.147371	5.73353e-07
0.147393	5.731e-07
0.147416	5.72856e-07
0.147438	5.72621e-07
0.14746	5.72387e-07
0.147482	5.72143e-07
0.147504	5.71906e-07
0.147526	5.71687e-07
0.147549	5.71459e-07
0.147571	5.71212e-07
0.147593	5.70973e-07
0.147615	5.7075e-07
0.147637	5.70518e-07
0.147659	5.70274e-07
0.147682	5.70041e-07
0.147704	5.69822e-07
0.147726	5.69603e-07
0.147748	5.6937e-07
0.14777	5.69153e-07
0.147792	5.68948e-07
0.147815	5.6874e-07
0.147837	5.68522e-07
0.147859	5.68314e-07
0.147881	5.68126e-07
0.147903	5.67933e-07
0.147925	5.67727e-07
0.147948	5.67534e-07
0.14797	5.67353e-07
0.147992	5.67167e-07
0.148014	5.66971e-07
0.148036	5.66792e-07
0.148058	5.66628e-07
0.148081	5.66452e-07
0.148103	5.66264e-07
0.148125	5.66097e-07
0.148147	5.65946e-07
0.148169	5.65794e-07
0.148191	5.65635e-07
0.148214	5.65492e-07
0.148236	5.6536e-07
0.148258	5.65224e-07
0.14828	5.6508e-07
0.148302	5.64946e-07
0.148324	5.64816e-07
0.148347	5.64688e-07
0.148369	5.64553e-07
0.148391	5.64431e-07
0.148413	5.64316e-07
0.148435	5.64197e-07
0.148458	5.64064e-07
0.14848	5.63949e-07
0.148502	5.63842e-07
0.148524	5.63733e-07
0.148546	5.63619e-07
0.148568	5.63516e-07
0.148591	5.63419e-07
0.148613	5.63322e-07
0.148635	5.63218e-07
0.148657	5.63127e-07
0.148679	5.63041e-07
0.148701	5.6295e-07
0.148724	5.62852e-07
0.148746	5.62771e-07
0.148768	5.62699e-07
0.14879	5.6263e-07
0.148812	5.62551e-07
0.148835	5.62485e-07
0.148857	5.62418e-07
0.148879	5.62356e-07
0.148901	5.62288e-07
0.148923	5.62236e-07
0.148945	5.62189e-07
0.148968	5.6214e-07
0.14899	5.6208e-07
0.149012	5.62038e-07
0.149034	5.62002e-07
0.149056	5.61961e-07
0.149079	5.61915e-07
0.149101	5.61889e-07
0.149123	5.61872e-07
0.149145	5.61853e-07
0.149167	5.61832e-07
0.149189	5.61828e-07
0.149212	5.6183e-07
0.149234	5.61834e-07
0.149256	5.61835e-07
0.149278	5.61848e-07
0.1493	5.61866e-07
0.149323	5.61891e-07
0.149345	5.6192e-07
0.149367	5.61958e-07
0.149389	5.61998e-07
0.149411	5.62042e-07
0.149434	5.62085e-07
0.149456	5.6214e-07
0.149478	5.62195e-07
0.1495	5.62249e-07
0.149522	5.623e-07
0.149545	5.62362e-07
0.149567	5.62426e-07
0.149589	5.62492e-07
0.149611	5.62559e-07
0.149633	5.62642e-07
0.149656	5.62725e-07
0.149678	5.62809e-07
0.1497	5.62894e-07
0.149722	5.62999e-07
0.149744	5.63113e-07
0.149767	5.63229e-07
0.149789	5.6335e-07
0.149811	5.63485e-07
0.149833	5.63624e-07
0.149856	5.63771e-07
0.149878	5.63917e-07
0.1499	5.64076e-07
0.149922	5.6424e-07
0.149944	5.6441e-07
0.149967	5.64574e-07
0.149989	5.64755e-07
0.150011	5.64939e-07
