0.100017	1.48605e-05
0.10004	1.48632e-05
0.100063	1.48659e-05
0.100086	1.48685e-05
0.100109	1.4871e-05
0.100132	1.48735e-05
0.100154	1.48761e-05
0.100177	1.48785e-05
0.1002	1.48809e-05
0.100223	1.48834e-05
0.100246	1.48859e-05
0.100269	1.48882e-05
0.100292	1.48905e-05
0.100314	1.48928e-05
0.100337	1.4895e-05
0.10036	1.48972e-05
0.100383	1.48995e-05
0.100406	1.49018e-05
0.100429	1.4904e-05
0.100451	1.49061e-05
0.100474	1.49083e-05
0.100497	1.49105e-05
0.10052	1.49126e-05
0.100543	1.49147e-05
0.100566	1.49169e-05
0.100588	1.4919e-05
0.100611	1.49212e-05
0.100634	1.49233e-05
0.100657	1.49255e-05
0.10068	1.49276e-05
0.100703	1.49297e-05
0.100725	1.49318e-05
0.100748	1.49339e-05
0.100771	1.4936e-05
0.100794	1.4938e-05
0.100817	1.494e-05
0.10084	1.4942e-05
0.100862	1.49439e-05
0.100885	1.49459e-05
0.100908	1.49479e-05
0.100931	1.49498e-05
0.100954	1.49517e-05
0.100976	1.49535e-05
0.100999	1.49552e-05
0.101022	1.4957e-05
0.101045	1.49588e-05
0.101068	1.49605e-05
0.10109	1.49623e-05
0.101113	1.4964e-05
0.101136	1.49657e-05
0.101159	1.49674e-05
0.101182	1.49692e-05
0.101205	1.49709e-05
0.101227	1.49727e-05
0.10125	1.49745e-05
0.101273	1.49763e-05
0.101296	1.4978e-05
0.101319	1.49797e-05
0.101341	1.49813e-05
0.101364	1.4983e-05
0.101387	1.49846e-05
0.10141	1.49862e-05
0.101432	1.49877e-05
0.101455	1.49892e-05
0.101478	1.49905e-05
0.101501	1.49919e-05
0.101524	1.49932e-05
0.101546	1.49944e-05
0.101569	1.49956e-05
0.101592	1.49969e-05
0.101615	1.49982e-05
0.101638	1.49995e-05
0.10166	1.50007e-05
0.101683	1.50018e-05
0.101706	1.50029e-05
0.101729	1.50039e-05
0.101751	1.50051e-05
0.101774	1.50063e-05
0.101797	1.50074e-05
0.10182	1.50085e-05
0.101843	1.50095e-05
0.101865	1.50104e-05
0.101888	1.50114e-05
0.101911	1.50124e-05
0.101934	1.50133e-05
0.101956	1.50142e-05
0.101979	1.50153e-05
0.102002	1.50163e-05
0.102025	1.50172e-05
0.102047	1.5018e-05
0.10207	1.50188e-05
0.102093	1.50196e-05
0.102116	1.50204e-05
0.102138	1.50213e-05
0.102161	1.50223e-05
0.102184	1.50232e-05
0.102207	1.5024e-05
0.102229	1.50248e-05
0.102252	1.50256e-05
0.102275	1.50264e-05
0.102298	1.50272e-05
0.102321	1.50279e-05
0.102343	1.50288e-05
0.102366	1.50296e-05
0.102389	1.50304e-05
0.102411	1.50312e-05
0.102434	1.50319e-05
0.102457	1.50326e-05
0.10248	1.50334e-05
0.102502	1.50341e-05
0.102525	1.5035e-05
0.102548	1.50357e-05
0.102571	1.50364e-05
0.102593	1.50372e-05
0.102616	1.50379e-05
0.102639	1.50386e-05
0.102662	1.50393e-05
0.102684	1.504e-05
0.102707	1.50408e-05
0.10273	1.50414e-05
0.102753	1.50419e-05
0.102775	1.50426e-05
0.102798	1.50433e-05
0.102821	1.50441e-05
0.102844	1.50449e-05
0.102866	1.50456e-05
0.102889	1.50463e-05
0.102912	1.5047e-05
0.102934	1.50477e-05
0.102957	1.50484e-05
0.10298	1.50492e-05
0.103003	1.505e-05
0.103025	1.50508e-05
0.103048	1.50516e-05
0.103071	1.50524e-05
0.103093	1.50532e-05
0.103116	1.50541e-05
0.103139	1.5055e-05
0.103162	1.5056e-05
0.103184	1.5057e-05
0.103207	1.50582e-05
0.10323	1.50594e-05
0.103252	1.50606e-05
0.103275	1.50619e-05
0.103298	1.50631e-05
0.103321	1.50644e-05
0.103343	1.50658e-05
0.103366	1.50671e-05
0.103389	1.50685e-05
0.103411	1.507e-05
0.103434	1.50714e-05
0.103457	1.50727e-05
0.10348	1.50742e-05
0.103502	1.50756e-05
0.103525	1.50771e-05
0.103548	1.50787e-05
0.10357	1.50802e-05
0.103593	1.50818e-05
0.103616	1.50832e-05
0.103638	1.50846e-05
0.103661	1.50862e-05
0.103684	1.50878e-05
0.103707	1.50894e-05
0.103729	1.50911e-05
0.103752	1.50929e-05
0.103775	1.50947e-05
0.103797	1.50965e-05
0.10382	1.50984e-05
0.103843	1.51003e-05
0.103865	1.51022e-05
0.103888	1.5104e-05
0.103911	1.51059e-05
0.103933	1.51079e-05
0.103956	1.51098e-05
0.103979	1.51118e-05
0.104001	1.51138e-05
0.104024	1.51157e-05
0.104047	1.51177e-05
0.10407	1.51197e-05
0.104092	1.51218e-05
0.104115	1.51239e-05
0.104138	1.51259e-05
0.10416	1.5128e-05
0.104183	1.51302e-05
0.104206	1.51324e-05
0.104228	1.51345e-05
0.104251	1.51366e-05
0.104274	1.51388e-05
0.104296	1.5141e-05
0.104319	1.51431e-05
0.104342	1.51453e-05
0.104364	1.51475e-05
0.104387	1.51497e-05
0.10441	1.5152e-05
0.104432	1.51542e-05
0.104455	1.51565e-05
0.104478	1.51588e-05
0.1045	1.51613e-05
0.104523	1.51637e-05
0.104546	1.51662e-05
0.104568	1.51686e-05
0.104591	1.5171e-05
0.104614	1.51736e-05
0.104636	1.51762e-05
0.104659	1.51788e-05
0.104682	1.51815e-05
0.104704	1.51842e-05
0.104727	1.51869e-05
0.10475	1.51896e-05
0.104772	1.51923e-05
0.104795	1.51949e-05
0.104818	1.51976e-05
0.10484	1.52003e-05
0.104863	1.5203e-05
0.104886	1.52058e-05
0.104908	1.52086e-05
0.104931	1.52113e-05
0.104954	1.52141e-05
0.104976	1.52169e-05
0.104999	1.52197e-05
0.105022	1.52224e-05
0.105044	1.52252e-05
0.105067	1.5228e-05
0.105089	1.52309e-05
0.105112	1.52338e-05
0.105135	1.52368e-05
0.105157	1.52399e-05
0.10518	1.52429e-05
0.105203	1.52459e-05
0.105225	1.52491e-05
0.105248	1.52522e-05
0.105271	1.52552e-05
0.105293	1.52584e-05
0.105316	1.52616e-05
0.105339	1.52648e-05
0.105361	1.52681e-05
0.105384	1.52712e-05
0.105407	1.52744e-05
0.105429	1.52775e-05
0.105452	1.52807e-05
0.105474	1.5284e-05
0.105497	1.52873e-05
0.10552	1.52907e-05
0.105542	1.5294e-05
0.105565	1.52973e-05
0.105588	1.53005e-05
0.10561	1.53038e-05
0.105633	1.5307e-05
0.105656	1.53103e-05
0.105678	1.53135e-05
0.105701	1.53169e-05
0.105724	1.53204e-05
0.105746	1.53239e-05
0.105769	1.53276e-05
0.105791	1.53312e-05
0.105814	1.53348e-05
0.105837	1.53385e-05
0.105859	1.53422e-05
0.105882	1.5346e-05
0.105905	1.53498e-05
0.105927	1.53536e-05
0.10595	1.53575e-05
0.105972	1.53613e-05
0.105995	1.53652e-05
0.106018	1.53691e-05
0.10604	1.53729e-05
0.106063	1.53767e-05
0.106086	1.53805e-05
0.106108	1.53845e-05
0.106131	1.53885e-05
0.106154	1.53926e-05
0.106176	1.53968e-05
0.106199	1.5401e-05
0.106221	1.54052e-05
0.106244	1.54095e-05
0.106267	1.54138e-05
0.106289	1.54182e-05
0.106312	1.54227e-05
0.106335	1.54272e-05
0.106357	1.54318e-05
0.10638	1.54364e-05
0.106402	1.5441e-05
0.106425	1.54457e-05
0.106448	1.54504e-05
0.10647	1.54551e-05
0.106493	1.54598e-05
0.106516	1.54645e-05
0.106538	1.54692e-05
0.106561	1.5474e-05
0.106583	1.54787e-05
0.106606	1.54836e-05
0.106629	1.54886e-05
0.106651	1.54937e-05
0.106674	1.54988e-05
0.106696	1.5504e-05
0.106719	1.55091e-05
0.106742	1.55145e-05
0.106764	1.552e-05
0.106787	1.55253e-05
0.10681	1.55309e-05
0.106832	1.55365e-05
0.106855	1.55421e-05
0.106877	1.55478e-05
0.1069	1.55536e-05
0.106923	1.55593e-05
0.106945	1.5565e-05
0.106968	1.55708e-05
0.106991	1.55765e-05
0.107013	1.55823e-05
0.107036	1.55881e-05
0.107058	1.55939e-05
0.107081	1.55998e-05
0.107104	1.56057e-05
0.107126	1.56116e-05
0.107149	1.56176e-05
0.107171	1.56235e-05
0.107194	1.56296e-05
0.107217	1.56356e-05
0.107239	1.56417e-05
0.107262	1.56479e-05
0.107285	1.5654e-05
0.107307	1.56602e-05
0.10733	1.56664e-05
0.107352	1.56727e-05
0.107375	1.5679e-05
0.107398	1.56851e-05
0.10742	1.56913e-05
0.107443	1.56974e-05
0.107465	1.57036e-05
0.107488	1.57098e-05
0.107511	1.5716e-05
0.107533	1.57223e-05
0.107556	1.57286e-05
0.107579	1.5735e-05
0.107601	1.57413e-05
0.107624	1.57476e-05
0.107646	1.57539e-05
0.107669	1.57602e-05
0.107692	1.57665e-05
0.107714	1.57729e-05
0.107737	1.57791e-05
0.107759	1.57856e-05
0.107782	1.57919e-05
0.107805	1.57983e-05
0.107827	1.58048e-05
0.10785	1.58114e-05
0.107872	1.58179e-05
0.107895	1.58244e-05
0.107918	1.58308e-05
0.10794	1.58373e-05
0.107963	1.58437e-05
0.107986	1.58502e-05
0.108008	1.58567e-05
0.108031	1.58633e-05
0.108053	1.58699e-05
0.108076	1.58764e-05
0.108099	1.58829e-05
0.108121	1.58893e-05
0.108144	1.58956e-05
0.108166	1.59019e-05
0.108189	1.59083e-05
0.108212	1.59146e-05
0.108234	1.59209e-05
0.108257	1.59273e-05
0.108279	1.59338e-05
0.108302	1.59403e-05
0.108325	1.59467e-05
0.108347	1.59532e-05
0.10837	1.59597e-05
0.108393	1.59663e-05
0.108415	1.59729e-05
0.108438	1.59794e-05
0.10846	1.5986e-05
0.108483	1.59926e-05
0.108506	1.59992e-05
0.108528	1.60059e-05
0.108551	1.60123e-05
0.108573	1.60188e-05
0.108596	1.60252e-05
0.108619	1.60315e-05
0.108641	1.60379e-05
0.108664	1.60442e-05
0.108687	1.60505e-05
0.108709	1.60568e-05
0.108732	1.60632e-05
0.108754	1.60696e-05
0.108777	1.6076e-05
0.1088	1.60825e-05
0.108822	1.6089e-05
0.108845	1.60956e-05
0.108867	1.61022e-05
0.10889	1.61089e-05
0.108913	1.61155e-05
0.108935	1.61221e-05
0.108958	1.61286e-05
0.10898	1.61351e-05
0.109003	1.61417e-05
0.109026	1.61483e-05
0.109048	1.61548e-05
0.109071	1.61612e-05
0.109094	1.61676e-05
0.109116	1.61739e-05
0.109139	1.61802e-05
0.109161	1.61865e-05
0.109184	1.61928e-05
0.109207	1.61991e-05
0.109229	1.62055e-05
0.109252	1.6212e-05
0.109275	1.62186e-05
0.109297	1.62253e-05
0.10932	1.62319e-05
0.109342	1.62386e-05
0.109365	1.62452e-05
0.109388	1.62518e-05
0.10941	1.62583e-05
0.109433	1.62648e-05
0.109455	1.62712e-05
0.109478	1.62778e-05
0.109501	1.62843e-05
0.109523	1.62908e-05
0.109546	1.62972e-05
0.109569	1.63035e-05
0.109591	1.63098e-05
0.109614	1.63161e-05
0.109636	1.63223e-05
0.109659	1.63286e-05
0.109682	1.63348e-05
0.109704	1.63411e-05
0.109727	1.63473e-05
0.10975	1.63534e-05
0.109772	1.63597e-05
0.109795	1.63659e-05
0.109817	1.63722e-05
0.10984	1.63787e-05
0.109863	1.63851e-05
0.109885	1.63915e-05
0.109908	1.63976e-05
0.109931	1.64037e-05
0.109953	1.64098e-05
0.109976	1.64159e-05
0.109998	1.6422e-05
0.110021	1.6428e-05
0.110044	1.6434e-05
0.110066	1.64401e-05
0.110089	1.64461e-05
0.110112	1.64521e-05
0.110134	1.64579e-05
0.110157	1.64639e-05
0.11018	1.64698e-05
0.110202	1.64757e-05
0.110225	1.64817e-05
0.110247	1.64876e-05
0.11027	1.64937e-05
0.110293	1.64998e-05
0.110315	1.65059e-05
0.110338	1.65122e-05
0.110361	1.65183e-05
0.110383	1.65243e-05
0.110406	1.65302e-05
0.110428	1.65361e-05
0.110451	1.65419e-05
0.110474	1.65478e-05
0.110496	1.65537e-05
0.110519	1.65597e-05
0.110542	1.65657e-05
0.110564	1.65717e-05
0.110587	1.65775e-05
0.11061	1.65833e-05
0.110632	1.65892e-05
0.110655	1.6595e-05
0.110678	1.66009e-05
0.1107	1.66066e-05
0.110723	1.66124e-05
0.110745	1.66182e-05
0.110768	1.6624e-05
0.110791	1.66299e-05
0.110813	1.66358e-05
0.110836	1.66417e-05
0.110859	1.66474e-05
0.110881	1.66531e-05
0.110904	1.66589e-05
0.110927	1.66647e-05
0.110949	1.66704e-05
0.110972	1.66762e-05
0.110995	1.66821e-05
0.111017	1.66879e-05
0.11104	1.66936e-05
0.111063	1.66992e-05
0.111085	1.67046e-05
0.111108	1.67101e-05
0.11113	1.67156e-05
0.111153	1.67211e-05
0.111176	1.67265e-05
0.111198	1.67319e-05
0.111221	1.67374e-05
0.111244	1.67429e-05
0.111266	1.67484e-05
0.111289	1.6754e-05
0.111312	1.67596e-05
0.111334	1.67651e-05
0.111357	1.67705e-05
0.11138	1.67759e-05
0.111402	1.67812e-05
0.111425	1.67864e-05
0.111448	1.67917e-05
0.11147	1.67971e-05
0.111493	1.68024e-05
0.111516	1.68076e-05
0.111538	1.68128e-05
0.111561	1.68179e-05
0.111584	1.6823e-05
0.111606	1.6828e-05
0.111629	1.6833e-05
0.111652	1.68379e-05
0.111674	1.68428e-05
0.111697	1.68477e-05
0.11172	1.68527e-05
0.111742	1.68577e-05
0.111765	1.68629e-05
0.111788	1.6868e-05
0.11181	1.68729e-05
0.111833	1.68779e-05
0.111856	1.68827e-05
0.111878	1.68874e-05
0.111901	1.68923e-05
0.111924	1.68972e-05
0.111946	1.69021e-05
0.111969	1.69069e-05
0.111992	1.69116e-05
0.112014	1.69163e-05
0.112037	1.69208e-05
0.11206	1.69252e-05
0.112082	1.69296e-05
0.112105	1.69341e-05
0.112128	1.69386e-05
0.11215	1.69432e-05
0.112173	1.69479e-05
0.112196	1.69525e-05
0.112219	1.69572e-05
0.112241	1.6962e-05
0.112264	1.69667e-05
0.112287	1.69715e-05
0.112309	1.69761e-05
0.112332	1.69808e-05
0.112355	1.69852e-05
0.112377	1.69898e-05
0.1124	1.69943e-05
0.112423	1.69989e-05
0.112445	1.70034e-05
0.112468	1.70079e-05
0.112491	1.70124e-05
0.112513	1.70167e-05
0.112536	1.7021e-05
0.112559	1.70252e-05
0.112582	1.70294e-05
0.112604	1.70337e-05
0.112627	1.7038e-05
0.11265	1.70424e-05
0.112672	1.70467e-05
0.112695	1.7051e-05
0.112718	1.70555e-05
0.11274	1.70599e-05
0.112763	1.70642e-05
0.112786	1.70685e-05
0.112809	1.70726e-05
0.112831	1.70767e-05
0.112854	1.70809e-05
0.112877	1.70852e-05
0.112899	1.70894e-05
0.112922	1.70937e-05
0.112945	1.70979e-05
0.112967	1.7102e-05
0.11299	1.7106e-05
0.113013	1.711e-05
0.113036	1.71139e-05
0.113058	1.71178e-05
0.113081	1.71217e-05
0.113104	1.71256e-05
0.113126	1.71295e-05
0.113149	1.71333e-05
0.113172	1.71372e-05
0.113195	1.71411e-05
0.113217	1.7145e-05
0.11324	1.71488e-05
0.113263	1.71525e-05
0.113285	1.71563e-05
0.113308	1.716e-05
0.113331	1.71637e-05
0.113354	1.71675e-05
0.113376	1.71711e-05
0.113399	1.71747e-05
0.113422	1.71783e-05
0.113445	1.71817e-05
0.113467	1.7185e-05
0.11349	1.71882e-05
0.113513	1.71914e-05
0.113535	1.71946e-05
0.113558	1.71978e-05
0.113581	1.7201e-05
0.113604	1.72042e-05
0.113626	1.72073e-05
0.113649	1.72105e-05
0.113672	1.72138e-05
0.113695	1.72172e-05
0.113717	1.72206e-05
0.11374	1.72239e-05
0.113763	1.72271e-05
0.113786	1.72304e-05
0.113808	1.72337e-05
0.113831	1.7237e-05
0.113854	1.72388e-05
0.113876	1.72405e-05
0.113899	1.72421e-05
0.113922	1.72437e-05
0.113945	1.72452e-05
0.113967	1.72468e-05
0.11399	1.72483e-05
0.114013	1.72498e-05
0.114036	1.72512e-05
0.114058	1.72526e-05
0.114081	1.72541e-05
0.114104	1.72555e-05
0.114126	1.72571e-05
0.114149	1.72586e-05
0.114172	1.72603e-05
0.114195	1.72619e-05
0.114217	1.72637e-05
0.11424	1.72654e-05
0.114263	1.72671e-05
0.114286	1.72688e-05
0.114308	1.72703e-05
0.114331	1.72717e-05
0.114354	1.7273e-05
0.114376	1.72742e-05
0.114399	1.72753e-05
0.114422	1.72765e-05
0.114444	1.72777e-05
0.114467	1.72788e-05
0.11449	1.72799e-05
0.114513	1.7281e-05
0.114535	1.72819e-05
0.114558	1.72829e-05
0.114581	1.72839e-05
0.114603	1.72849e-05
0.114626	1.72861e-05
0.114649	1.72873e-05
0.114671	1.72884e-05
0.114694	1.72894e-05
0.114717	1.72903e-05
0.11474	1.72912e-05
0.114762	1.72921e-05
0.114785	1.72929e-05
0.114808	1.72934e-05
0.11483	1.72939e-05
0.114853	1.72944e-05
0.114876	1.72947e-05
0.114898	1.7295e-05
0.114921	1.72953e-05
0.114944	1.72956e-05
0.114966	1.72958e-05
0.114989	1.72961e-05
0.115012	1.72963e-05
0.115034	1.72965e-05
0.115057	1.72968e-05
0.11508	1.72971e-05
0.115102	1.72976e-05
0.115125	1.72981e-05
0.115148	1.72986e-05
0.11517	1.72991e-05
0.115193	1.72994e-05
0.115216	1.72998e-05
0.115238	1.73002e-05
0.115261	1.73004e-05
0.115284	1.73005e-05
0.115306	1.73006e-05
0.115329	1.73007e-05
0.115352	1.7301e-05
0.115374	1.73013e-05
0.115397	1.73016e-05
0.11542	1.73018e-05
0.115442	1.73019e-05
0.115465	1.73021e-05
0.115488	1.73023e-05
0.11551	1.73022e-05
0.115533	1.73023e-05
0.115556	1.73024e-05
0.115578	1.73025e-05
0.115601	1.73027e-05
0.115624	1.73028e-05
0.115646	1.73027e-05
0.115669	1.73027e-05
0.115691	1.73026e-05
0.115714	1.73023e-05
0.115737	1.73019e-05
0.115759	1.73014e-05
0.115782	1.7301e-05
0.115805	1.73005e-05
0.115827	1.73001e-05
0.11585	1.72998e-05
0.115873	1.72993e-05
0.115895	1.72989e-05
0.115918	1.72983e-05
0.11594	1.72978e-05
0.115963	1.72973e-05
0.115986	1.72969e-05
0.116008	1.72964e-05
0.116031	1.72961e-05
0.116054	1.72959e-05
0.116076	1.72955e-05
0.116099	1.7295e-05
0.116121	1.72945e-05
0.116144	1.72939e-05
0.116167	1.72932e-05
0.116189	1.72922e-05
0.116212	1.72912e-05
0.116235	1.72901e-05
0.116257	1.72891e-05
0.11628	1.7288e-05
0.116302	1.72868e-05
0.116325	1.72855e-05
0.116348	1.72841e-05
0.11637	1.72827e-05
0.116393	1.72813e-05
0.116415	1.72801e-05
0.116438	1.72792e-05
0.116461	1.72785e-05
0.116483	1.72778e-05
0.116506	1.72774e-05
0.116528	1.72769e-05
0.116551	1.72764e-05
0.116574	1.7276e-05
0.116596	1.72756e-05
0.116619	1.7275e-05
0.116641	1.72742e-05
0.116664	1.72733e-05
0.116687	1.72723e-05
0.116709	1.72712e-05
0.116732	1.72702e-05
0.116754	1.72693e-05
0.116777	1.72683e-05
0.1168	1.7267e-05
0.116822	1.72657e-05
0.116845	1.72642e-05
0.116867	1.7263e-05
0.11689	1.72618e-05
0.116912	1.72606e-05
0.116935	1.72596e-05
0.116958	1.72589e-05
0.11698	1.72584e-05
0.117003	1.72581e-05
0.117025	1.72578e-05
0.117048	1.72576e-05
0.11707	1.72574e-05
0.117093	1.72572e-05
0.117116	1.7257e-05
0.117138	1.72565e-05
0.117161	1.72561e-05
0.117183	1.72558e-05
0.117206	1.72552e-05
0.117228	1.72544e-05
0.117251	1.72536e-05
0.117274	1.72527e-05
0.117296	1.72518e-05
0.117319	1.72509e-05
0.117341	1.72499e-05
0.117364	1.72491e-05
0.117386	1.72486e-05
0.117409	1.72481e-05
0.117432	1.72476e-05
0.117454	1.72471e-05
0.117477	1.72468e-05
0.117499	1.72467e-05
0.117522	1.72466e-05
0.117544	1.72468e-05
0.117567	1.72471e-05
0.117589	1.72474e-05
0.117612	1.72476e-05
0.117635	1.72476e-05
0.117657	1.72476e-05
0.11768	1.72476e-05
0.117702	1.72476e-05
0.117725	1.72474e-05
0.117747	1.72471e-05
0.11777	1.7247e-05
0.117792	1.72469e-05
0.117815	1.72467e-05
0.117837	1.72468e-05
0.11786	1.7247e-05
0.117883	1.72473e-05
0.117905	1.72475e-05
0.117928	1.72478e-05
0.11795	1.72482e-05
0.117973	1.72485e-05
0.117995	1.72488e-05
0.118018	1.72493e-05
0.11804	1.72499e-05
0.118063	1.72505e-05
0.118085	1.72514e-05
0.118108	1.72524e-05
0.11813	1.72534e-05
0.118153	1.72545e-05
0.118175	1.72557e-05
0.118198	1.72569e-05
0.118221	1.72578e-05
0.118243	1.72587e-05
0.118266	1.72596e-05
0.118288	1.72606e-05
0.118311	1.72617e-05
0.118333	1.72628e-05
0.118356	1.7264e-05
0.118378	1.72653e-05
0.118401	1.72667e-05
0.118423	1.72681e-05
0.118446	1.72697e-05
0.118468	1.72714e-05
0.118491	1.72729e-05
0.118513	1.72742e-05
0.118536	1.72756e-05
0.118558	1.72771e-05
0.118581	1.72788e-05
0.118603	1.72804e-05
0.118626	1.72823e-05
0.118648	1.72843e-05
0.118671	1.72862e-05
0.118693	1.72882e-05
0.118716	1.72904e-05
0.118738	1.72925e-05
0.118761	1.72946e-05
0.118783	1.72967e-05
0.118806	1.72988e-05
0.118829	1.73011e-05
0.118851	1.73036e-05
0.118874	1.73059e-05
0.118896	1.73086e-05
0.118919	1.73111e-05
0.118941	1.73136e-05
0.118964	1.73159e-05
0.118986	1.73181e-05
0.119009	1.73204e-05
0.119031	1.73227e-05
0.119054	1.73249e-05
0.119076	1.73271e-05
0.119099	1.73293e-05
0.119121	1.73317e-05
0.119144	1.73342e-05
0.119166	1.73369e-05
0.119189	1.73397e-05
0.119211	1.73425e-05
0.119234	1.73452e-05
0.119256	1.73481e-05
0.119279	1.73511e-05
0.119301	1.73542e-05
0.119324	1.73572e-05
0.119346	1.73604e-05
0.119369	1.73637e-05
0.119391	1.73671e-05
0.119414	1.73704e-05
0.119436	1.73736e-05
0.119459	1.73769e-05
0.119481	1.73802e-05
0.119504	1.73834e-05
0.119526	1.73866e-05
0.119548	1.73899e-05
0.119571	1.73931e-05
0.119593	1.73964e-05
0.119616	1.73998e-05
0.119638	1.7403e-05
0.119661	1.74063e-05
0.119683	1.74097e-05
0.119706	1.74134e-05
0.119728	1.74172e-05
0.119751	1.74212e-05
0.119773	1.74252e-05
0.119796	1.74292e-05
0.119818	1.74334e-05
0.119841	1.74376e-05
0.119863	1.74417e-05
0.119886	1.74457e-05
0.119908	1.74498e-05
0.119931	1.74539e-05
0.119953	1.74581e-05
0.119976	1.74623e-05
0.119998	1.74667e-05
0.120021	1.7471e-05
0.120043	1.74753e-05
0.120066	1.74795e-05
0.120088	1.74837e-05
0.120111	1.74879e-05
0.120133	1.74923e-05
0.120156	1.74968e-05
0.120178	1.75015e-05
0.120201	1.75064e-05
0.120223	1.75114e-05
0.120245	1.75168e-05
0.120268	1.75222e-05
0.12029	1.75276e-05
0.120313	1.75329e-05
0.120335	1.75382e-05
0.120358	1.75436e-05
0.12038	1.75488e-05
0.120403	1.7554e-05
0.120425	1.75592e-05
0.120448	1.75644e-05
0.12047	1.75696e-05
0.120493	1.75749e-05
0.120515	1.758e-05
0.120538	1.75849e-05
0.12056	1.75898e-05
0.120583	1.75947e-05
0.120605	1.75998e-05
0.120628	1.76048e-05
0.12065	1.761e-05
0.120673	1.76152e-05
0.120695	1.76207e-05
0.120717	1.76265e-05
0.12074	1.76324e-05
0.120762	1.76384e-05
0.120785	1.76443e-05
0.120807	1.76502e-05
0.12083	1.7656e-05
0.120852	1.76618e-05
0.120875	1.76677e-05
0.120897	1.76734e-05
0.12092	1.76792e-05
0.120942	1.76849e-05
0.120965	1.76905e-05
0.120987	1.76961e-05
0.12101	1.77017e-05
0.121032	1.77072e-05
0.121055	1.77128e-05
0.121077	1.77183e-05
0.1211	1.77239e-05
0.121122	1.77295e-05
0.121144	1.77353e-05
0.121167	1.77413e-05
0.121189	1.77473e-05
0.121212	1.77533e-05
0.121234	1.77596e-05
0.121257	1.77658e-05
0.121279	1.7772e-05
0.121302	1.77783e-05
0.121324	1.77845e-05
0.121347	1.77908e-05
0.121369	1.77969e-05
0.121392	1.78028e-05
0.121414	1.78088e-05
0.121437	1.78148e-05
0.121459	1.78207e-05
0.121482	1.78265e-05
0.121504	1.78325e-05
0.121526	1.78382e-05
0.121549	1.7844e-05
0.121571	1.78499e-05
0.121594	1.7856e-05
0.121616	1.7862e-05
0.121639	1.78681e-05
0.121661	1.78741e-05
0.121684	1.78803e-05
0.121706	1.78865e-05
0.121729	1.78929e-05
0.121751	1.78994e-05
0.121774	1.7906e-05
0.121796	1.79124e-05
0.121819	1.79189e-05
0.121841	1.79252e-05
0.121864	1.79315e-05
0.121886	1.79378e-05
0.121908	1.7944e-05
0.121931	1.79501e-05
0.121953	1.79562e-05
0.121976	1.79623e-05
0.121998	1.79683e-05
0.122021	1.79744e-05
0.122043	1.79806e-05
0.122066	1.79867e-05
0.122088	1.7993e-05
0.122111	1.79993e-05
0.122133	1.80055e-05
0.122156	1.80117e-05
0.122178	1.80179e-05
0.122201	1.80242e-05
0.122223	1.80305e-05
0.122246	1.80368e-05
0.122268	1.80431e-05
0.122291	1.80492e-05
0.122313	1.80555e-05
0.122335	1.80616e-05
0.122358	1.80677e-05
0.12238	1.80737e-05
0.122403	1.80797e-05
0.122425	1.80857e-05
0.122448	1.80917e-05
0.12247	1.80976e-05
0.122493	1.81036e-05
0.122515	1.81096e-05
0.122538	1.81157e-05
0.12256	1.81219e-05
0.122583	1.81281e-05
0.122605	1.81342e-05
0.122628	1.81402e-05
0.12265	1.81461e-05
0.122673	1.81521e-05
0.122695	1.81582e-05
0.122718	1.81644e-05
0.12274	1.81705e-05
0.122763	1.81767e-05
0.122785	1.81829e-05
0.122808	1.81888e-05
0.12283	1.81949e-05
0.122853	1.82008e-05
0.122875	1.82065e-05
0.122897	1.82124e-05
0.12292	1.82182e-05
0.122942	1.82243e-05
0.122965	1.82302e-05
0.122987	1.82363e-05
0.12301	1.82425e-05
0.123032	1.82487e-05
0.123055	1.82548e-05
0.123077	1.82608e-05
0.1231	1.82666e-05
0.123122	1.82724e-05
0.123145	1.82785e-05
0.123167	1.82846e-05
0.12319	1.82907e-05
0.123212	1.82969e-05
0.123235	1.83031e-05
0.123257	1.8309e-05
0.12328	1.83151e-05
0.123302	1.83211e-05
0.123325	1.83269e-05
0.123347	1.83329e-05
0.12337	1.83388e-05
0.123392	1.83447e-05
0.123415	1.83506e-05
0.123437	1.83566e-05
0.12346	1.83627e-05
0.123482	1.83688e-05
0.123505	1.83748e-05
0.123527	1.83809e-05
0.12355	1.8387e-05
0.123572	1.8393e-05
0.123595	1.83989e-05
0.123617	1.84049e-05
0.12364	1.84109e-05
0.123662	1.84169e-05
0.123685	1.84228e-05
0.123707	1.84287e-05
0.12373	1.84346e-05
0.123752	1.84403e-05
0.123775	1.84461e-05
0.123797	1.84521e-05
0.12382	1.8458e-05
0.123842	1.84639e-05
0.123865	1.84698e-05
0.123887	1.84757e-05
0.12391	1.84816e-05
0.123932	1.84875e-05
0.123955	1.84934e-05
0.123977	1.84994e-05
0.124	1.85055e-05
0.124022	1.85113e-05
0.124045	1.85172e-05
0.124067	1.85229e-05
0.12409	1.85286e-05
0.124112	1.85343e-05
0.124135	1.854e-05
0.124157	1.85455e-05
0.12418	1.85511e-05
0.124202	1.85567e-05
0.124225	1.85622e-05
0.124247	1.85678e-05
0.12427	1.85733e-05
0.124292	1.85788e-05
0.124315	1.85844e-05
0.124338	1.85899e-05
0.12436	1.85954e-05
0.124383	1.86008e-05
0.124405	1.86063e-05
0.124428	1.86117e-05
0.12445	1.86171e-05
0.124473	1.86225e-05
0.124495	1.86278e-05
0.124518	1.86329e-05
0.12454	1.86382e-05
0.124563	1.86432e-05
0.124585	1.86483e-05
0.124608	1.86533e-05
0.12463	1.86584e-05
0.124653	1.86634e-05
0.124675	1.86684e-05
0.124698	1.86734e-05
0.12472	1.86785e-05
0.124743	1.86837e-05
0.124766	1.86888e-05
0.124788	1.86939e-05
0.124811	1.8699e-05
0.124833	1.87042e-05
0.124856	1.87093e-05
0.124878	1.87145e-05
0.124901	1.87196e-05
0.124923	1.87246e-05
0.124946	1.87295e-05
0.124968	1.87344e-05
0.124991	1.87392e-05
0.125013	1.87439e-05
0.125036	1.87485e-05
0.125059	1.87531e-05
0.125081	1.87577e-05
0.125104	1.87623e-05
0.125126	1.87669e-05
0.125149	1.87716e-05
0.125171	1.87763e-05
0.125194	1.8781e-05
0.125216	1.87858e-05
0.125239	1.87904e-05
0.125261	1.87951e-05
0.125284	1.87999e-05
0.125307	1.88047e-05
0.125329	1.88096e-05
0.125352	1.88144e-05
0.125374	1.88192e-05
0.125397	1.88238e-05
0.125419	1.88283e-05
0.125442	1.88328e-05
0.125464	1.8837e-05
0.125487	1.88413e-05
0.12551	1.88453e-05
0.125532	1.88493e-05
0.125555	1.88533e-05
0.125577	1.88573e-05
0.1256	1.88614e-05
0.125622	1.88654e-05
0.125645	1.88695e-05
0.125668	1.88736e-05
0.12569	1.88777e-05
0.125713	1.88817e-05
0.125735	1.88857e-05
0.125758	1.88897e-05
0.12578	1.88937e-05
0.125803	1.88978e-05
0.125826	1.89019e-05
0.125848	1.89059e-05
0.125871	1.89097e-05
0.125893	1.89136e-05
0.125916	1.89172e-05
0.125938	1.89207e-05
0.125961	1.89242e-05
0.125984	1.89276e-05
0.126006	1.89309e-05
0.126029	1.89344e-05
0.126051	1.89379e-05
0.126074	1.89414e-05
0.126097	1.8945e-05
0.126119	1.89485e-05
0.126142	1.89519e-05
0.126164	1.89553e-05
0.126187	1.89587e-05
0.126209	1.89621e-05
0.126232	1.89654e-05
0.126255	1.89689e-05
0.126277	1.89723e-05
0.1263	1.89757e-05
0.126322	1.89791e-05
0.126345	1.89826e-05
0.126368	1.89858e-05
0.12639	1.89888e-05
0.126413	1.89917e-05
0.126435	1.89945e-05
0.126458	1.89972e-05
0.126481	1.89998e-05
0.126503	1.90024e-05
0.126526	1.90051e-05
0.126548	1.90078e-05
0.126571	1.90106e-05
0.126594	1.90133e-05
0.126616	1.90161e-05
0.126639	1.9019e-05
0.126662	1.90219e-05
0.126684	1.90248e-05
0.126707	1.90278e-05
0.126729	1.90307e-05
0.126752	1.90335e-05
0.126775	1.90364e-05
0.126797	1.90396e-05
0.12682	1.90425e-05
0.126842	1.90452e-05
0.126865	1.90479e-05
0.126888	1.90505e-05
0.12691	1.90529e-05
0.126933	1.90555e-05
0.126956	1.9058e-05
0.126978	1.90604e-05
0.127001	1.90629e-05
0.127023	1.90656e-05
0.127046	1.90683e-05
0.127069	1.90711e-05
0.127091	1.9074e-05
0.127114	1.9077e-05
0.127137	1.90799e-05
0.127159	1.90829e-05
0.127182	1.90859e-05
0.127205	1.90889e-05
0.127227	1.9092e-05
0.12725	1.9095e-05
0.127272	1.90976e-05
0.127295	1.90983e-05
0.127318	1.90988e-05
0.12734	1.90991e-05
0.127363	1.90994e-05
0.127386	1.90998e-05
0.127408	1.90998e-05
0.127431	1.91e-05
0.127453	1.91002e-05
0.127476	1.91005e-05
0.127499	1.91008e-05
0.127521	1.91012e-05
0.127544	1.91017e-05
0.127567	1.91022e-05
0.127589	1.91028e-05
0.127612	1.91033e-05
0.127634	1.91038e-05
0.127657	1.91044e-05
0.12768	1.9105e-05
0.127702	1.91054e-05
0.127725	1.91058e-05
0.127748	1.91062e-05
0.12777	1.91066e-05
0.127793	1.91069e-05
0.127815	1.91071e-05
0.127838	1.91072e-05
0.127861	1.91071e-05
0.127883	1.91069e-05
0.127906	1.91068e-05
0.127928	1.91068e-05
0.127951	1.91067e-05
0.127974	1.91066e-05
0.127996	1.91066e-05
0.128019	1.91068e-05
0.128041	1.91071e-05
0.128064	1.91074e-05
0.128087	1.91076e-05
0.128109	1.91078e-05
0.128132	1.9108e-05
0.128154	1.9108e-05
0.128177	1.91079e-05
0.128199	1.91079e-05
0.128222	1.91078e-05
0.128245	1.91076e-05
0.128267	1.91074e-05
0.12829	1.9107e-05
0.128312	1.91066e-05
0.128335	1.91062e-05
0.128358	1.9106e-05
0.12838	1.91056e-05
0.128403	1.91052e-05
0.128425	1.91049e-05
0.128448	1.91047e-05
0.12847	1.91044e-05
0.128493	1.91044e-05
0.128516	1.91044e-05
0.128538	1.91045e-05
0.128561	1.91046e-05
0.128583	1.91047e-05
0.128606	1.91048e-05
0.128628	1.91049e-05
0.128651	1.9105e-05
0.128673	1.9105e-05
0.128696	1.91049e-05
0.128719	1.91046e-05
0.128741	1.91043e-05
0.128764	1.9104e-05
0.128786	1.91036e-05
0.128809	1.91032e-05
0.128831	1.91029e-05
0.128854	1.91027e-05
0.128876	1.91024e-05
0.128899	1.91022e-05
0.128921	1.91016e-05
0.128944	1.91013e-05
0.128967	1.91013e-05
0.128989	1.91014e-05
0.129012	1.91014e-05
0.129034	1.91013e-05
0.129057	1.91012e-05
0.129079	1.91011e-05
0.129102	1.91008e-05
0.129124	1.91004e-05
0.129147	1.90999e-05
0.129169	1.90994e-05
0.129192	1.90989e-05
0.129214	1.90984e-05
0.129237	1.90979e-05
0.129259	1.90976e-05
0.129282	1.90972e-05
0.129305	1.90969e-05
0.129327	1.90968e-05
0.12935	1.90963e-05
0.129372	1.90958e-05
0.129395	1.90952e-05
0.129417	1.90947e-05
0.12944	1.90943e-05
0.129462	1.90943e-05
0.129485	1.90943e-05
0.129507	1.90941e-05
0.12953	1.90939e-05
0.129552	1.90935e-05
0.129575	1.9093e-05
0.129597	1.90923e-05
0.12962	1.90916e-05
0.129642	1.90908e-05
0.129665	1.90901e-05
0.129687	1.90894e-05
0.12971	1.90888e-05
0.129732	1.90882e-05
0.129755	1.90876e-05
0.129777	1.90871e-05
0.1298	1.90868e-05
0.129822	1.90862e-05
0.129845	1.90856e-05
0.129867	1.90849e-05
0.12989	1.90843e-05
0.129912	1.9084e-05
0.129935	1.90838e-05
0.129957	1.90836e-05
0.12998	1.90833e-05
0.130002	1.90828e-05
0.130025	1.90821e-05
0.130047	1.90813e-05
0.13007	1.90806e-05
0.130092	1.90798e-05
0.130114	1.90789e-05
0.130137	1.9078e-05
0.130159	1.90772e-05
0.130182	1.90764e-05
0.130204	1.90755e-05
0.130227	1.90748e-05
0.130249	1.90742e-05
0.130272	1.90737e-05
0.130294	1.90731e-05
0.130317	1.90724e-05
0.130339	1.90715e-05
0.130362	1.90708e-05
0.130384	1.907e-05
0.130407	1.90697e-05
0.130429	1.90693e-05
0.130452	1.90688e-05
0.130474	1.90681e-05
0.130496	1.90672e-05
0.130519	1.90663e-05
0.130541	1.90653e-05
0.130564	1.90642e-05
0.130586	1.90632e-05
0.130609	1.90623e-05
0.130631	1.90613e-05
0.130654	1.90604e-05
0.130676	1.90597e-05
0.130699	1.90591e-05
0.130721	1.90589e-05
0.130743	1.90585e-05
0.130766	1.9058e-05
0.130788	1.90575e-05
0.130811	1.90568e-05
0.130833	1.90563e-05
0.130856	1.9056e-05
0.130878	1.90559e-05
0.130901	1.90557e-05
0.130923	1.90552e-05
0.130945	1.90548e-05
0.130968	1.90543e-05
0.13099	1.90537e-05
0.131013	1.9053e-05
0.131035	1.90522e-05
0.131058	1.90515e-05
0.13108	1.9051e-05
0.131103	1.90504e-05
0.131125	1.90502e-05
0.131147	1.90501e-05
0.13117	1.90503e-05
0.131192	1.90507e-05
0.131215	1.90512e-05
0.131237	1.90516e-05
0.13126	1.90517e-05
0.131282	1.90515e-05
0.131304	1.90515e-05
0.131327	1.90518e-05
0.131349	1.90523e-05
0.131372	1.90528e-05
0.131394	1.90533e-05
0.131417	1.90535e-05
0.131439	1.90537e-05
0.131461	1.90538e-05
0.131484	1.90541e-05
0.131506	1.90543e-05
0.131529	1.90544e-05
0.131551	1.90546e-05
0.131573	1.90549e-05
0.131596	1.90553e-05
0.131618	1.90562e-05
0.131641	1.90573e-05
0.131663	1.90588e-05
0.131686	1.90604e-05
0.131708	1.90618e-05
0.13173	1.90631e-05
0.131753	1.90639e-05
0.131775	1.9065e-05
0.131798	1.90665e-05
0.13182	1.9068e-05
0.131842	1.90695e-05
0.131865	1.90708e-05
0.131887	1.90722e-05
0.13191	1.90733e-05
0.131932	1.90746e-05
0.131954	1.90759e-05
0.131977	1.90772e-05
0.131999	1.90784e-05
0.132022	1.90799e-05
0.132044	1.90814e-05
0.132067	1.9083e-05
0.132089	1.90849e-05
0.132111	1.90872e-05
0.132134	1.90897e-05
0.132156	1.90923e-05
0.132179	1.90947e-05
0.132201	1.90971e-05
0.132223	1.90991e-05
0.132246	1.91012e-05
0.132268	1.91035e-05
0.132291	1.9106e-05
0.132313	1.91083e-05
0.132335	1.91106e-05
0.132358	1.91128e-05
0.13238	1.91151e-05
0.132402	1.91173e-05
0.132425	1.91197e-05
0.132447	1.9122e-05
0.13247	1.91243e-05
0.132492	1.91268e-05
0.132514	1.91294e-05
0.132537	1.9132e-05
0.132559	1.91347e-05
0.132582	1.91373e-05
0.132604	1.91403e-05
0.132626	1.91431e-05
0.132649	1.91461e-05
0.132671	1.91489e-05
0.132694	1.91515e-05
0.132716	1.9154e-05
0.132738	1.91566e-05
0.132761	1.9159e-05
0.132783	1.91618e-05
0.132805	1.91645e-05
0.132828	1.91674e-05
0.13285	1.91702e-05
0.132873	1.91731e-05
0.132895	1.91759e-05
0.132917	1.91788e-05
0.13294	1.91815e-05
0.132962	1.91845e-05
0.132985	1.91877e-05
0.133007	1.91908e-05
0.133029	1.91939e-05
0.133052	1.91971e-05
0.133074	1.92001e-05
0.133096	1.92031e-05
0.133119	1.9206e-05
0.133141	1.9209e-05
0.133164	1.92118e-05
0.133186	1.92145e-05
0.133208	1.92172e-05
0.133231	1.92204e-05
0.133253	1.92236e-05
0.133275	1.9227e-05
0.133298	1.92304e-05
0.13332	1.92338e-05
0.133343	1.92374e-05
0.133365	1.92412e-05
0.133387	1.92449e-05
0.13341	1.92487e-05
0.133432	1.92528e-05
0.133454	1.92567e-05
0.133477	1.92608e-05
0.133499	1.9265e-05
0.133521	1.92693e-05
0.133544	1.92734e-05
0.133566	1.92772e-05
0.133589	1.92811e-05
0.133611	1.92848e-05
0.133633	1.92886e-05
0.133656	1.92923e-05
0.133678	1.92963e-05
0.1337	1.93005e-05
0.133723	1.9305e-05
0.133745	1.93096e-05
0.133767	1.93143e-05
0.13379	1.9319e-05
0.133812	1.93239e-05
0.133835	1.93288e-05
0.133857	1.93338e-05
0.133879	1.93388e-05
0.133902	1.93439e-05
0.133924	1.93491e-05
0.133946	1.93544e-05
0.133969	1.93598e-05
0.133991	1.9365e-05
0.134013	1.93701e-05
0.134036	1.93749e-05
0.134058	1.93796e-05
0.134081	1.93841e-05
0.134103	1.93886e-05
0.134125	1.93932e-05
0.134148	1.9398e-05
0.13417	1.94033e-05
0.134192	1.94087e-05
0.134215	1.94142e-05
0.134237	1.94197e-05
0.134259	1.94255e-05
0.134282	1.94314e-05
0.134304	1.94372e-05
0.134326	1.94429e-05
0.134349	1.94487e-05
0.134371	1.94547e-05
0.134393	1.94607e-05
0.134416	1.94668e-05
0.134438	1.94729e-05
0.134461	1.94788e-05
0.134483	1.94844e-05
0.134505	1.94898e-05
0.134528	1.94951e-05
0.13455	1.95002e-05
0.134572	1.95053e-05
0.134595	1.95105e-05
0.134617	1.95159e-05
0.134639	1.95218e-05
0.134662	1.95276e-05
0.134684	1.95337e-05
0.134706	1.954e-05
0.134729	1.95463e-05
0.134751	1.95526e-05
0.134773	1.95589e-05
0.134796	1.95652e-05
0.134818	1.95717e-05
0.134841	1.95782e-05
0.134863	1.95847e-05
0.134885	1.95912e-05
0.134908	1.95978e-05
0.13493	1.9604e-05
0.134952	1.961e-05
0.134975	1.96161e-05
0.134997	1.96219e-05
0.135019	1.96274e-05
0.135042	1.9633e-05
0.135064	1.96388e-05
0.135086	1.96448e-05
0.135109	1.9651e-05
0.135131	1.96574e-05
0.135153	1.9664e-05
0.135176	1.96708e-05
0.135198	1.96776e-05
0.13522	1.96842e-05
0.135243	1.96908e-05
0.135265	1.96975e-05
0.135288	1.97042e-05
0.13531	1.97108e-05
0.135332	1.97175e-05
0.135355	1.97241e-05
0.135377	1.97308e-05
0.135399	1.97371e-05
0.135422	1.97433e-05
0.135444	1.97493e-05
0.135466	1.97553e-05
0.135489	1.97613e-05
0.135511	1.97674e-05
0.135533	1.97734e-05
0.135556	1.97795e-05
0.135578	1.97858e-05
0.1356	1.97922e-05
0.135623	1.97989e-05
0.135645	1.98056e-05
0.135667	1.98124e-05
0.13569	1.9819e-05
0.135712	1.98256e-05
0.135735	1.98321e-05
0.135757	1.98386e-05
0.135779	1.98452e-05
0.135802	1.98517e-05
0.135824	1.98582e-05
0.135846	1.98645e-05
0.135869	1.98706e-05
0.135891	1.98767e-05
0.135913	1.9883e-05
0.135936	1.98894e-05
0.135958	1.98957e-05
0.13598	1.9902e-05
0.136003	1.99081e-05
0.136025	1.99143e-05
0.136048	1.99207e-05
0.13607	1.99272e-05
0.136092	1.99338e-05
0.136115	1.99405e-05
0.136137	1.99471e-05
0.136159	1.99535e-05
0.136182	1.996e-05
0.136204	1.99665e-05
0.136226	1.9973e-05
0.136249	1.99796e-05
0.136271	1.99863e-05
0.136293	1.99927e-05
0.136316	1.99988e-05
0.136338	2.0005e-05
0.136361	2.00114e-05
0.136383	2.00178e-05
0.136405	2.00242e-05
0.136428	2.00306e-05
0.13645	2.00372e-05
0.136472	2.00436e-05
0.136495	2.00498e-05
0.136517	2.00562e-05
0.136539	2.00627e-05
0.136562	2.00692e-05
0.136584	2.00757e-05
0.136607	2.00823e-05
0.136629	2.0089e-05
0.136651	2.00955e-05
0.136674	2.01021e-05
0.136696	2.01087e-05
0.136718	2.01155e-05
0.136741	2.0122e-05
0.136763	2.01282e-05
0.136785	2.01344e-05
0.136808	2.01408e-05
0.13683	2.01471e-05
0.136853	2.01533e-05
0.136875	2.01596e-05
0.136897	2.0166e-05
0.13692	2.01723e-05
0.136942	2.01784e-05
0.136964	2.01846e-05
0.136987	2.01907e-05
0.137009	2.01972e-05
0.137032	2.02035e-05
0.137054	2.02098e-05
0.137076	2.02163e-05
0.137099	2.0223e-05
0.137121	2.02294e-05
0.137143	2.02358e-05
0.137166	2.02424e-05
0.137188	2.02488e-05
0.137211	2.02548e-05
0.137233	2.0261e-05
0.137255	2.02672e-05
0.137278	2.02735e-05
0.1373	2.02795e-05
0.137322	2.02857e-05
0.137345	2.02921e-05
0.137367	2.02983e-05
0.13739	2.03045e-05
0.137412	2.03108e-05
0.137434	2.03171e-05
0.137457	2.03232e-05
0.137479	2.03292e-05
0.137502	2.03353e-05
0.137524	2.03416e-05
0.137546	2.0348e-05
0.137569	2.03543e-05
0.137591	2.03606e-05
0.137613	2.03668e-05
0.137636	2.0373e-05
0.137658	2.03788e-05
0.137681	2.03844e-05
0.137703	2.03902e-05
0.137725	2.0396e-05
0.137748	2.04017e-05
0.13777	2.04072e-05
0.137793	2.04129e-05
0.137815	2.04188e-05
0.137837	2.04249e-05
0.13786	2.04309e-05
0.137882	2.04367e-05
0.137905	2.04423e-05
0.137927	2.04479e-05
0.137949	2.04533e-05
0.137972	2.04588e-05
0.137994	2.04645e-05
0.138017	2.04701e-05
0.138039	2.04759e-05
0.138061	2.04817e-05
0.138084	2.04874e-05
0.138106	2.04928e-05
0.138129	2.0498e-05
0.138151	2.05035e-05
0.138173	2.0509e-05
0.138196	2.05142e-05
0.138218	2.05195e-05
0.138241	2.05249e-05
0.138263	2.05302e-05
0.138286	2.05356e-05
0.138308	2.05409e-05
0.13833	2.05463e-05
0.138353	2.05516e-05
0.138375	2.05568e-05
0.138398	2.05618e-05
0.13842	2.05669e-05
0.138442	2.05722e-05
0.138465	2.05774e-05
0.138487	2.05825e-05
0.13851	2.05878e-05
0.138532	2.05931e-05
0.138555	2.05981e-05
0.138577	2.06031e-05
0.138599	2.0608e-05
0.138622	2.0613e-05
0.138644	2.0618e-05
0.138667	2.06227e-05
0.138689	2.06276e-05
0.138712	2.06324e-05
0.138734	2.06372e-05
0.138756	2.06419e-05
0.138779	2.06466e-05
0.138801	2.06512e-05
0.138824	2.06557e-05
0.138846	2.06603e-05
0.138869	2.06649e-05
0.138891	2.06696e-05
0.138913	2.06743e-05
0.138936	2.0679e-05
0.138958	2.06838e-05
0.138981	2.06885e-05
0.139003	2.06931e-05
0.139026	2.06977e-05
0.139048	2.07022e-05
0.139071	2.07067e-05
0.139093	2.07109e-05
0.139115	2.07152e-05
0.139138	2.07193e-05
0.13916	2.07236e-05
0.139183	2.07281e-05
0.139205	2.07323e-05
0.139228	2.07365e-05
0.13925	2.07407e-05
0.139273	2.07448e-05
0.139295	2.07486e-05
0.139318	2.07525e-05
0.13934	2.07565e-05
0.139362	2.07605e-05
0.139385	2.07645e-05
0.139407	2.07686e-05
0.13943	2.07729e-05
0.139452	2.07772e-05
0.139475	2.07812e-05
0.139497	2.07852e-05
0.13952	2.07892e-05
0.139542	2.07931e-05
0.139565	2.07968e-05
0.139587	2.08004e-05
0.13961	2.08042e-05
0.139632	2.08079e-05
0.139655	2.08117e-05
0.139677	2.08153e-05
0.139699	2.08189e-05
0.139722	2.08224e-05
0.139744	2.08258e-05
0.139767	2.08291e-05
0.139789	2.08326e-05
0.139812	2.08359e-05
0.139834	2.08391e-05
0.139857	2.08425e-05
0.139879	2.08461e-05
0.139902	2.08497e-05
0.139924	2.08531e-05
0.139947	2.08566e-05
0.139969	2.08601e-05
0.139992	2.08633e-05
0.140014	2.08664e-05
0.140037	2.08693e-05
0.140059	2.08722e-05
0.140082	2.08752e-05
0.140104	2.08779e-05
0.140127	2.08805e-05
0.140149	2.08832e-05
0.140172	2.08857e-05
0.140194	2.08881e-05
0.140217	2.08904e-05
0.140239	2.08929e-05
0.140262	2.08955e-05
0.140284	2.0898e-05
0.140307	2.08985e-05
0.140329	2.08987e-05
0.140352	2.08989e-05
0.140374	2.08991e-05
0.140397	2.08994e-05
0.140419	2.08997e-05
0.140442	2.08997e-05
0.140464	2.08996e-05
0.140487	2.08994e-05
0.140509	2.08993e-05
0.140532	2.0899e-05
0.140554	2.08986e-05
0.140577	2.0898e-05
0.140599	2.08976e-05
0.140621	2.08972e-05
0.140644	2.08967e-05
0.140666	2.08961e-05
0.140689	2.08956e-05
0.140711	2.0895e-05
0.140734	2.08944e-05
0.140756	2.0894e-05
0.140779	2.08939e-05
0.140801	2.08938e-05
0.140824	2.08937e-05
0.140846	2.08934e-05
0.140869	2.08931e-05
0.140891	2.08925e-05
0.140914	2.08919e-05
0.140936	2.08913e-05
0.140958	2.08906e-05
0.140981	2.08896e-05
0.141003	2.08887e-05
0.141026	2.08877e-05
0.141048	2.08866e-05
0.141071	2.08854e-05
0.141093	2.0884e-05
0.141116	2.08826e-05
0.141138	2.08813e-05
0.14116	2.08798e-05
0.141183	2.08786e-05
0.141205	2.08779e-05
0.141228	2.08774e-05
0.14125	2.08768e-05
0.141273	2.08762e-05
0.141295	2.08757e-05
0.141317	2.08752e-05
0.14134	2.0874e-05
0.141362	2.08727e-05
0.141385	2.08715e-05
0.141407	2.08703e-05
0.14143	2.0869e-05
0.141452	2.08674e-05
0.141474	2.08657e-05
0.141497	2.08639e-05
0.141519	2.08622e-05
0.141542	2.08601e-05
0.141564	2.08579e-05
0.141586	2.08558e-05
0.141609	2.08538e-05
0.141631	2.08519e-05
0.141654	2.08502e-05
0.141676	2.08489e-05
0.141698	2.08479e-05
0.141721	2.08467e-05
0.141743	2.08455e-05
0.141766	2.08441e-05
0.141788	2.08425e-05
0.14181	2.08407e-05
0.141833	2.08387e-05
0.141855	2.08366e-05
0.141878	2.08342e-05
0.1419	2.08317e-05
0.141922	2.08291e-05
0.141945	2.08266e-05
0.141967	2.0824e-05
0.141989	2.08213e-05
0.142012	2.08183e-05
0.142034	2.08156e-05
0.142057	2.0813e-05
0.142079	2.08107e-05
0.142101	2.08085e-05
0.142124	2.08065e-05
0.142146	2.08048e-05
0.142168	2.08029e-05
0.142191	2.08009e-05
0.142213	2.07991e-05
0.142236	2.0797e-05
0.142258	2.07947e-05
0.14228	2.07921e-05
0.142303	2.07893e-05
0.142325	2.07865e-05
0.142347	2.07837e-05
0.14237	2.07809e-05
0.142392	2.07779e-05
0.142414	2.07748e-05
0.142437	2.07717e-05
0.142459	2.07686e-05
0.142481	2.07656e-05
0.142504	2.07628e-05
0.142526	2.07601e-05
0.142548	2.07576e-05
0.142571	2.07551e-05
0.142593	2.07528e-05
0.142615	2.07507e-05
0.142638	2.07482e-05
0.14266	2.07458e-05
0.142682	2.07432e-05
0.142705	2.07405e-05
0.142727	2.07377e-05
0.142749	2.07349e-05
0.142772	2.07319e-05
0.142794	2.07287e-05
0.142816	2.07255e-05
0.142839	2.07222e-05
0.142861	2.0719e-05
0.142883	2.07155e-05
0.142906	2.07119e-05
0.142928	2.07086e-05
0.14295	2.07055e-05
0.142973	2.07025e-05
0.142995	2.06998e-05
0.143017	2.06971e-05
0.14304	2.06944e-05
0.143062	2.06915e-05
0.143084	2.06887e-05
0.143106	2.06856e-05
0.143129	2.06824e-05
0.143151	2.06791e-05
0.143173	2.06757e-05
0.143196	2.06723e-05
0.143218	2.06687e-05
0.14324	2.0665e-05
0.143263	2.06612e-05
0.143285	2.06573e-05
0.143307	2.06534e-05
0.143329	2.06492e-05
0.143352	2.06452e-05
0.143374	2.06414e-05
0.143396	2.06377e-05
0.143419	2.06342e-05
0.143441	2.06308e-05
0.143463	2.06275e-05
0.143485	2.06243e-05
0.143508	2.0621e-05
0.14353	2.06178e-05
0.143552	2.06143e-05
0.143575	2.06108e-05
0.143597	2.0607e-05
0.143619	2.06035e-05
0.143641	2.05999e-05
0.143664	2.05962e-05
0.143686	2.05922e-05
0.143708	2.05881e-05
0.14373	2.05841e-05
0.143753	2.05801e-05
0.143775	2.05759e-05
0.143797	2.05718e-05
0.14382	2.05681e-05
0.143842	2.05645e-05
0.143864	2.05609e-05
0.143886	2.05574e-05
0.143909	2.0554e-05
0.143931	2.05505e-05
0.143953	2.05472e-05
0.143975	2.05438e-05
0.143998	2.05405e-05
0.14402	2.05369e-05
0.144042	2.05333e-05
0.144064	2.05297e-05
0.144087	2.05261e-05
0.144109	2.05225e-05
0.144131	2.05186e-05
0.144153	2.05147e-05
0.144176	2.05109e-05
0.144198	2.05071e-05
0.14422	2.05032e-05
0.144242	2.04995e-05
0.144265	2.04961e-05
0.144287	2.04928e-05
0.144309	2.04896e-05
0.144331	2.04868e-05
0.144354	2.04838e-05
0.144376	2.04807e-05
0.144398	2.04777e-05
0.14442	2.04749e-05
0.144443	2.04719e-05
0.144465	2.04686e-05
0.144487	2.04652e-05
0.144509	2.04621e-05
0.144531	2.04592e-05
0.144554	2.04561e-05
0.144576	2.04531e-05
0.144598	2.04503e-05
0.14462	2.04476e-05
0.144643	2.04448e-05
0.144665	2.0442e-05
0.144687	2.04394e-05
0.144709	2.04371e-05
0.144731	2.04349e-05
0.144754	2.04327e-05
0.144776	2.04307e-05
0.144798	2.04289e-05
0.14482	2.0427e-05
0.144843	2.04252e-05
0.144865	2.04235e-05
0.144887	2.04218e-05
0.144909	2.04198e-05
0.144931	2.04176e-05
0.144954	2.04155e-05
0.144976	2.04138e-05
0.144998	2.04122e-05
0.14502	2.04106e-05
0.145042	2.04093e-05
0.145065	2.04083e-05
0.145087	2.04073e-05
0.145109	2.04061e-05
0.145131	2.04053e-05
0.145154	2.04044e-05
0.145176	2.04035e-05
0.145198	2.04029e-05
0.14522	2.04024e-05
0.145242	2.0402e-05
0.145265	2.04014e-05
0.145287	2.04012e-05
0.145309	2.04011e-05
0.145331	2.04011e-05
0.145353	2.04005e-05
0.145376	2.03999e-05
0.145398	2.03993e-05
0.14542	2.03984e-05
0.145442	2.03976e-05
0.145464	2.03969e-05
0.145487	2.03962e-05
0.145509	2.03959e-05
0.145531	2.03955e-05
0.145553	2.03952e-05
0.145575	2.0395e-05
0.145597	2.0395e-05
0.14562	2.03952e-05
0.145642	2.03955e-05
0.145664	2.0396e-05
0.145686	2.03963e-05
0.145708	2.03967e-05
0.145731	2.03971e-05
0.145753	2.03978e-05
0.145775	2.03986e-05
0.145797	2.03993e-05
0.145819	2.03997e-05
0.145842	2.04e-05
0.145864	2.04001e-05
0.145886	2.04001e-05
0.145908	2.04002e-05
0.14593	2.04007e-05
0.145952	2.04012e-05
0.145975	2.04018e-05
0.145997	2.04024e-05
0.146019	2.04032e-05
0.146041	2.04041e-05
0.146063	2.04051e-05
0.146086	2.04062e-05
0.146108	2.04075e-05
0.14613	2.04088e-05
0.146152	2.041e-05
0.146174	2.04114e-05
0.146196	2.0413e-05
0.146219	2.04148e-05
0.146241	2.04168e-05
0.146263	2.04184e-05
0.146285	2.04199e-05
0.146307	2.04212e-05
0.146329	2.04227e-05
0.146352	2.0424e-05
0.146374	2.04257e-05
0.146396	2.04276e-05
0.146418	2.04296e-05
0.14644	2.04317e-05
0.146462	2.04339e-05
0.146485	2.04362e-05
0.146507	2.04385e-05
0.146529	2.04408e-05
0.146551	2.04433e-05
0.146573	2.0446e-05
0.146596	2.04487e-05
0.146618	2.04514e-05
0.14664	2.04543e-05
0.146662	2.04572e-05
0.146684	2.04603e-05
0.146706	2.04633e-05
0.146729	2.04663e-05
0.146751	2.0469e-05
0.146773	2.04716e-05
0.146795	2.04745e-05
0.146817	2.04775e-05
0.146839	2.0481e-05
0.146862	2.04846e-05
0.146884	2.04881e-05
0.146906	2.04916e-05
0.146928	2.04953e-05
0.14695	2.04989e-05
0.146972	2.05026e-05
0.146995	2.05063e-05
0.147017	2.05101e-05
0.147039	2.05141e-05
0.147061	2.05179e-05
0.147083	2.05215e-05
0.147105	2.05252e-05
0.147128	2.05293e-05
0.14715	2.05336e-05
0.147172	2.05379e-05
0.147194	2.05419e-05
0.147216	2.05453e-05
0.147238	2.05488e-05
0.147261	2.05526e-05
0.147283	2.05567e-05
0.147305	2.05612e-05
0.147327	2.05658e-05
0.147349	2.05706e-05
0.147371	2.05751e-05
0.147393	2.05795e-05
0.147416	2.05837e-05
0.147438	2.05882e-05
0.14746	2.05928e-05
0.147482	2.05974e-05
0.147504	2.06019e-05
0.147526	2.06065e-05
0.147549	2.06113e-05
0.147571	2.0616e-05
0.147593	2.06208e-05
0.147615	2.06259e-05
0.147637	2.06307e-05
0.147659	2.06352e-05
0.147682	2.06394e-05
0.147704	2.06437e-05
0.147726	2.06482e-05
0.147748	2.06529e-05
0.14777	2.06582e-05
0.147792	2.06637e-05
0.147815	2.06691e-05
0.147837	2.06743e-05
0.147859	2.06794e-05
0.147881	2.06846e-05
0.147903	2.06898e-05
0.147925	2.06948e-05
0.147948	2.06999e-05
0.14797	2.07048e-05
0.147992	2.07099e-05
0.148014	2.07152e-05
0.148036	2.07205e-05
0.148058	2.07262e-05
0.148081	2.07318e-05
0.148103	2.0737e-05
0.148125	2.07419e-05
0.148147	2.07468e-05
0.148169	2.07517e-05
0.148191	2.07568e-05
0.148214	2.07623e-05
0.148236	2.07684e-05
0.148258	2.07744e-05
0.14828	2.07803e-05
0.148302	2.07862e-05
0.148324	2.0792e-05
0.148347	2.0798e-05
0.148369	2.08038e-05
0.148391	2.08096e-05
0.148413	2.08155e-05
0.148435	2.08214e-05
0.148458	2.08274e-05
0.14848	2.08336e-05
0.148502	2.08402e-05
0.148524	2.08468e-05
0.148546	2.08534e-05
0.148568	2.08596e-05
0.148591	2.08655e-05
0.148613	2.08712e-05
0.148635	2.08769e-05
0.148657	2.08831e-05
0.148679	2.08896e-05
0.148701	2.08962e-05
0.148724	2.09028e-05
0.148746	2.09093e-05
0.148768	2.09159e-05
0.14879	2.09224e-05
0.148812	2.0929e-05
0.148835	2.09354e-05
0.148857	2.09417e-05
0.148879	2.09482e-05
0.148901	2.09547e-05
0.148923	2.09613e-05
0.148945	2.09684e-05
0.148968	2.09753e-05
0.14899	2.09822e-05
0.149012	2.09891e-05
0.149034	2.09955e-05
0.149056	2.10016e-05
0.149079	2.10074e-05
0.149101	2.10136e-05
0.149123	2.10202e-05
0.149145	2.1027e-05
0.149167	2.10338e-05
0.149189	2.10405e-05
0.149212	2.10471e-05
0.149234	2.10537e-05
0.149256	2.10603e-05
0.149278	2.10671e-05
0.1493	2.1074e-05
0.149323	2.10808e-05
0.149345	2.10877e-05
0.149367	2.10944e-05
0.149389	2.11013e-05
0.149411	2.11083e-05
0.149434	2.11153e-05
0.149456	2.11221e-05
0.149478	2.11286e-05
0.1495	2.11347e-05
0.149522	2.11404e-05
0.149545	2.11462e-05
0.149567	2.11522e-05
0.149589	2.11585e-05
0.149611	2.11651e-05
0.149633	2.11716e-05
0.149656	2.1178e-05
0.149678	2.11844e-05
0.1497	2.11908e-05
0.149722	2.11976e-05
0.149744	2.12045e-05
0.149767	2.12114e-05
0.149789	2.12182e-05
0.149811	2.12252e-05
0.149833	2.12322e-05
0.149856	2.12394e-05
0.149878	2.12465e-05
0.1499	2.12536e-05
0.149922	2.12606e-05
0.149944	2.12671e-05
0.149967	2.12733e-05
0.149989	2.12793e-05
0.150011	2.12853e-05
