0.100017	1
0.10004	1
0.100063	1
0.100086	1
0.100109	1
0.100132	1
0.100154	1
0.100177	1
0.1002	1
0.100223	1
0.100246	1
0.100269	1
0.100292	1
0.100314	1
0.100337	1
0.10036	1
0.100383	1
0.100406	1
0.100429	1
0.100451	1
0.100474	1
0.100497	1
0.10052	1
0.100543	1
0.100566	1
0.100588	1
0.100611	1
0.100634	1
0.100657	1
0.10068	1
0.100703	1
0.100725	1
0.100748	1
0.100771	1
0.100794	1
0.100817	1
0.10084	1
0.100862	1
0.100885	1
0.100908	1
0.100931	1
0.100954	1
0.100976	1
0.100999	1
0.101022	1
0.101045	1
0.101068	1
0.10109	1
0.101113	1
0.101136	1
0.101159	1
0.101182	1
0.101205	1
0.101227	1
0.10125	1
0.101273	1
0.101296	1
0.101319	1
0.101341	1
0.101364	1
0.101387	1
0.10141	1
0.101432	1
0.101455	1
0.101478	1
0.101501	1
0.101524	1
0.101546	1
0.101569	1
0.101592	1
0.101615	1
0.101638	1
0.10166	1
0.101683	1
0.101706	1
0.101729	1
0.101751	1
0.101774	1
0.101797	1
0.10182	1
0.101843	1
0.101865	1
0.101888	1
0.101911	1
0.101934	1
0.101956	1
0.101979	1
0.102002	1
0.102025	1
0.102047	1
0.10207	1
0.102093	1
0.102116	1
0.102138	1
0.102161	1
0.102184	1
0.102207	1
0.102229	1
0.102252	1
0.102275	1
0.102298	1
0.102321	1
0.102343	1
0.102366	1
0.102389	1
0.102411	1
0.102434	1
0.102457	1
0.10248	1
0.102502	1
0.102525	1
0.102548	1
0.102571	1
0.102593	1
0.102616	1
0.102639	1
0.102662	1
0.102684	1
0.102707	1
0.10273	1
0.102753	1
0.102775	1
0.102798	1
0.102821	1
0.102844	1
0.102866	1
0.102889	1
0.102912	1
0.102934	1
0.102957	1
0.10298	1
0.103003	1
0.103025	1
0.103048	1
0.103071	1
0.103093	1
0.103116	1
0.103139	1
0.103162	1
0.103184	1
0.103207	1
0.10323	1
0.103252	1
0.103275	1
0.103298	1
0.103321	1
0.103343	1
0.103366	1
0.103389	1
0.103411	1
0.103434	1
0.103457	1
0.10348	1
0.103502	1
0.103525	1
0.103548	1
0.10357	1
0.103593	1
0.103616	1
0.103638	1
0.103661	1
0.103684	1
0.103707	1
0.103729	1
0.103752	1
0.103775	1
0.103797	1
0.10382	1
0.103843	1
0.103865	1
0.103888	1
0.103911	1
0.103933	1
0.103956	1
0.103979	1
0.104001	1
0.104024	1
0.104047	1
0.10407	1
0.104092	1
0.104115	1
0.104138	1
0.10416	1
0.104183	1
0.104206	1
0.104228	1
0.104251	1
0.104274	1
0.104296	1
0.104319	1
0.104342	1
0.104364	1
0.104387	1
0.10441	1
0.104432	1
0.104455	1
0.104478	1
0.1045	1
0.104523	1
0.104546	1
0.104568	1
0.104591	1
0.104614	1
0.104636	1
0.104659	1
0.104682	1
0.104704	1
0.104727	1
0.10475	1
0.104772	1
0.104795	1
0.104818	1
0.10484	1
0.104863	1
0.104886	1
0.104908	1
0.104931	1
0.104954	1
0.104976	1
0.104999	1
0.105022	1
0.105044	1
0.105067	1
0.105089	1
0.105112	1
0.105135	1
0.105157	1
0.10518	1
0.105203	1
0.105225	1
0.105248	1
0.105271	1
0.105293	1
0.105316	1
0.105339	1
0.105361	1
0.105384	1
0.105407	1
0.105429	1
0.105452	1
0.105474	1
0.105497	1
0.10552	1
0.105542	1
0.105565	1
0.105588	1
0.10561	1
0.105633	1
0.105656	1
0.105678	1
0.105701	1
0.105724	1
0.105746	1
0.105769	1
0.105791	1
0.105814	1
0.105837	1
0.105859	1
0.105882	1
0.105905	1
0.105927	1
0.10595	1
0.105972	1
0.105995	1
0.106018	1
0.10604	1
0.106063	1
0.106086	1
0.106108	1
0.106131	1
0.106154	1
0.106176	1
0.106199	1
0.106221	1
0.106244	1
0.106267	1
0.106289	1
0.106312	1
0.106335	1
0.106357	1
0.10638	1
0.106402	1
0.106425	1
0.106448	1
0.10647	1
0.106493	1
0.106516	1
0.106538	1
0.106561	1
0.106583	1
0.106606	1
0.106629	1
0.106651	1
0.106674	1
0.106696	1
0.106719	1
0.106742	1
0.106764	1
0.106787	1
0.10681	1
0.106832	1
0.106855	1
0.106877	1
0.1069	1
0.106923	1
0.106945	1
0.106968	1
0.106991	1
0.107013	1
0.107036	1
0.107058	1
0.107081	1
0.107104	1
0.107126	1
0.107149	1
0.107171	1
0.107194	1
0.107217	1
0.107239	1
0.107262	1
0.107285	1
0.107307	1
0.10733	1
0.107352	1
0.107375	1
0.107398	1
0.10742	1
0.107443	1
0.107465	1
0.107488	1
0.107511	1
0.107533	1
0.107556	1
0.107579	1
0.107601	1
0.107624	1
0.107646	1
0.107669	1
0.107692	1
0.107714	1
0.107737	1
0.107759	1
0.107782	1
0.107805	1
0.107827	1
0.10785	1
0.107872	1
0.107895	1
0.107918	1
0.10794	1
0.107963	1
0.107986	1
0.108008	1
0.108031	1
0.108053	1
0.108076	1
0.108099	1
0.108121	1
0.108144	1
0.108166	1
0.108189	1
0.108212	1
0.108234	1
0.108257	1
0.108279	1
0.108302	1
0.108325	1
0.108347	1
0.10837	1
0.108393	1
0.108415	1
0.108438	1
0.10846	1
0.108483	1
0.108506	1
0.108528	1
0.108551	1
0.108573	1
0.108596	1
0.108619	1
0.108641	1
0.108664	1
0.108687	1
0.108709	1
0.108732	1
0.108754	1
0.108777	1
0.1088	1
0.108822	1
0.108845	1
0.108867	1
0.10889	1
0.108913	1
0.108935	1
0.108958	1
0.10898	1
0.109003	1
0.109026	1
0.109048	1
0.109071	1
0.109094	1
0.109116	1
0.109139	1
0.109161	1
0.109184	1
0.109207	1
0.109229	1
0.109252	1
0.109275	1
0.109297	1
0.10932	1
0.109342	1
0.109365	1
0.109388	1
0.10941	1
0.109433	1
0.109455	1
0.109478	1
0.109501	1
0.109523	1
0.109546	1
0.109569	1
0.109591	1
0.109614	1
0.109636	1
0.109659	1
0.109682	1
0.109704	1
0.109727	1
0.10975	1
0.109772	1
0.109795	1
0.109817	1
0.10984	1
0.109863	1
0.109885	1
0.109908	1
0.109931	1
0.109953	1
0.109976	1
0.109998	1
0.110021	1
0.110044	1
0.110066	1
0.110089	1
0.110112	1
0.110134	1
0.110157	1
0.11018	1
0.110202	1
0.110225	1
0.110247	1
0.11027	1
0.110293	1
0.110315	1
0.110338	1
0.110361	1
0.110383	1
0.110406	1
0.110428	1
0.110451	1
0.110474	1
0.110496	1
0.110519	1
0.110542	1
0.110564	1
0.110587	1
0.11061	1
0.110632	1
0.110655	1
0.110678	1
0.1107	1
0.110723	1
0.110745	1
0.110768	1
0.110791	1
0.110813	1
0.110836	1
0.110859	1
0.110881	1
0.110904	1
0.110927	1
0.110949	1
0.110972	1
0.110995	1
0.111017	1
0.11104	1
0.111063	1
0.111085	1
0.111108	1
0.11113	1
0.111153	1
0.111176	1
0.111198	1
0.111221	1
0.111244	1
0.111266	1
0.111289	1
0.111312	1
0.111334	1
0.111357	1
0.11138	1
0.111402	1
0.111425	1
0.111448	1
0.11147	1
0.111493	1
0.111516	1
0.111538	1
0.111561	1
0.111584	1
0.111606	1
0.111629	1
0.111652	1
0.111674	1
0.111697	1
0.11172	1
0.111742	1
0.111765	1
0.111788	1
0.11181	1
0.111833	1
0.111856	1
0.111878	1
0.111901	1
0.111924	1
0.111946	1
0.111969	1
0.111992	1
0.112014	1
0.112037	1
0.11206	1
0.112082	1
0.112105	1
0.112128	1
0.11215	1
0.112173	1
0.112196	1
0.112219	1
0.112241	1
0.112264	1
0.112287	1
0.112309	1
0.112332	1
0.112355	1
0.112377	1
0.1124	1
0.112423	1
0.112445	1
0.112468	1
0.112491	1
0.112513	1
0.112536	1
0.112559	1
0.112582	1
0.112604	1
0.112627	1
0.11265	1
0.112672	1
0.112695	1
0.112718	1
0.11274	1
0.112763	1
0.112786	1
0.112809	1
0.112831	1
0.112854	1
0.112877	1
0.112899	1
0.112922	1
0.112945	1
0.112967	1
0.11299	1
0.113013	1
0.113036	1
0.113058	1
0.113081	1
0.113104	1
0.113126	1
0.113149	1
0.113172	1
0.113195	1
0.113217	1
0.11324	1
0.113263	1
0.113285	1
0.113308	1
0.113331	1
0.113354	1
0.113376	1
0.113399	1
0.113422	1
0.113445	1
0.113467	1
0.11349	1
0.113513	1
0.113535	1
0.113558	1
0.113581	1
0.113604	1
0.113626	1
0.113649	1
0.113672	1
0.113695	1
0.113717	1
0.11374	1
0.113763	1
0.113786	1
0.113808	1
0.113831	1
0.113854	1
0.113876	1
0.113899	1
0.113922	1
0.113945	1
0.113967	1
0.11399	1
0.114013	1
0.114036	1
0.114058	1
0.114081	1
0.114104	1
0.114126	1
0.114149	1
0.114172	1
0.114195	1
0.114217	1
0.11424	1
0.114263	1
0.114286	1
0.114308	1
0.114331	1
0.114354	1
0.114376	1
0.114399	1
0.114422	1
0.114444	1
0.114467	1
0.11449	1
0.114513	1
0.114535	1
0.114558	1
0.114581	1
0.114603	1
0.114626	1
0.114649	1
0.114671	1
0.114694	1
0.114717	1
0.11474	1
0.114762	1
0.114785	1
0.114808	1
0.11483	1
0.114853	1
0.114876	1
0.114898	1
0.114921	1
0.114944	1
0.114966	1
0.114989	1
0.115012	1
0.115034	1
0.115057	1
0.11508	1
0.115102	1
0.115125	1
0.115148	1
0.11517	1
0.115193	1
0.115216	1
0.115238	1
0.115261	1
0.115284	1
0.115306	1
0.115329	1
0.115352	1
0.115374	1
0.115397	1
0.11542	1
0.115442	1
0.115465	1
0.115488	1
0.11551	1
0.115533	1
0.115556	1
0.115578	1
0.115601	1
0.115624	1
0.115646	1
0.115669	1
0.115691	1
0.115714	1
0.115737	1
0.115759	1
0.115782	1
0.115805	1
0.115827	1
0.11585	1
0.115873	1
0.115895	1
0.115918	1
0.11594	1
0.115963	1
0.115986	1
0.116008	1
0.116031	1
0.116054	1
0.116076	1
0.116099	1
0.116121	1
0.116144	1
0.116167	1
0.116189	1
0.116212	1
0.116235	1
0.116257	1
0.11628	1
0.116302	1
0.116325	1
0.116348	1
0.11637	1
0.116393	1
0.116415	1
0.116438	1
0.116461	1
0.116483	1
0.116506	1
0.116528	1
0.116551	1
0.116574	1
0.116596	1
0.116619	1
0.116641	1
0.116664	1
0.116687	1
0.116709	1
0.116732	1
0.116754	1
0.116777	1
0.1168	1
0.116822	1
0.116845	1
0.116867	1
0.11689	1
0.116912	1
0.116935	1
0.116958	1
0.11698	1
0.117003	1
0.117025	1
0.117048	1
0.11707	1
0.117093	1
0.117116	1
0.117138	1
0.117161	1
0.117183	1
0.117206	1
0.117228	1
0.117251	1
0.117274	1
0.117296	1
0.117319	1
0.117341	1
0.117364	1
0.117386	1
0.117409	1
0.117432	1
0.117454	1
0.117477	1
0.117499	1
0.117522	1
0.117544	1
0.117567	1
0.117589	1
0.117612	1
0.117635	1
0.117657	1
0.11768	1
0.117702	1
0.117725	1
0.117747	1
0.11777	1
0.117792	1
0.117815	1
0.117837	1
0.11786	1
0.117883	1
0.117905	1
0.117928	1
0.11795	1
0.117973	1
0.117995	1
0.118018	1
0.11804	1
0.118063	1
0.118085	1
0.118108	1
0.11813	1
0.118153	1
0.118175	1
0.118198	1
0.118221	1
0.118243	1
0.118266	1
0.118288	1
0.118311	1
0.118333	1
0.118356	1
0.118378	1
0.118401	1
0.118423	1
0.118446	1
0.118468	1
0.118491	1
0.118513	1
0.118536	1
0.118558	1
0.118581	1
0.118603	1
0.118626	1
0.118648	1
0.118671	1
0.118693	1
0.118716	1
0.118738	1
0.118761	1
0.118783	1
0.118806	1
0.118829	1
0.118851	1
0.118874	1
0.118896	1
0.118919	1
0.118941	1
0.118964	1
0.118986	1
0.119009	1
0.119031	1
0.119054	1
0.119076	1
0.119099	1
0.119121	1
0.119144	1
0.119166	1
0.119189	1
0.119211	1
0.119234	1
0.119256	1
0.119279	1
0.119301	1
0.119324	1
0.119346	1
0.119369	1
0.119391	1
0.119414	1
0.119436	1
0.119459	1
0.119481	1
0.119504	1
0.119526	1
0.119548	1
0.119571	1
0.119593	1
0.119616	1
0.119638	1
0.119661	1
0.119683	1
0.119706	1
0.119728	1
0.119751	1
0.119773	1
0.119796	1
0.119818	1
0.119841	1
0.119863	1
0.119886	1
0.119908	1
0.119931	1
0.119953	1
0.119976	1
0.119998	1
0.120021	1
0.120043	1
0.120066	1
0.120088	1
0.120111	1
0.120133	1
0.120156	1
0.120178	1
0.120201	1
0.120223	1
0.120245	1
0.120268	1
0.12029	1
0.120313	1
0.120335	1
0.120358	1
0.12038	1
0.120403	1
0.120425	1
0.120448	1
0.12047	1
0.120493	1
0.120515	1
0.120538	1
0.12056	1
0.120583	1
0.120605	1
0.120628	1
0.12065	1
0.120673	1
0.120695	1
0.120717	1
0.12074	1
0.120762	1
0.120785	1
0.120807	1
0.12083	1
0.120852	1
0.120875	1
0.120897	1
0.12092	1
0.120942	1
0.120965	1
0.120987	1
0.12101	1
0.121032	1
0.121055	1
0.121077	1
0.1211	1
0.121122	1
0.121144	1
0.121167	1
0.121189	1
0.121212	1
0.121234	1
0.121257	1
0.121279	1
0.121302	1
0.121324	1
0.121347	1
0.121369	1
0.121392	1
0.121414	1
0.121437	1
0.121459	1
0.121482	1
0.121504	1
0.121526	1
0.121549	1
0.121571	1
0.121594	1
0.121616	1
0.121639	1
0.121661	1
0.121684	1
0.121706	1
0.121729	1
0.121751	1
0.121774	1
0.121796	1
0.121819	1
0.121841	1
0.121864	1
0.121886	1
0.121908	1
0.121931	1
0.121953	1
0.121976	1
0.121998	1
0.122021	1
0.122043	1
0.122066	1
0.122088	1
0.122111	1
0.122133	1
0.122156	1
0.122178	1
0.122201	1
0.122223	1
0.122246	1
0.122268	1
0.122291	1
0.122313	1
0.122335	1
0.122358	1
0.12238	1
0.122403	1
0.122425	1
0.122448	1
0.12247	1
0.122493	1
0.122515	1
0.122538	1
0.12256	1
0.122583	1
0.122605	1
0.122628	1
0.12265	1
0.122673	1
0.122695	1
0.122718	1
0.12274	1
0.122763	1
0.122785	1
0.122808	1
0.12283	1
0.122853	1
0.122875	1
0.122897	1
0.12292	1
0.122942	1
0.122965	1
0.122987	1
0.12301	1
0.123032	1
0.123055	1
0.123077	1
0.1231	1
0.123122	1
0.123145	1
0.123167	1
0.12319	1
0.123212	1
0.123235	1
0.123257	1
0.12328	1
0.123302	1
0.123325	1
0.123347	1
0.12337	1
0.123392	1
0.123415	1
0.123437	1
0.12346	1
0.123482	1
0.123505	1
0.123527	1
0.12355	1
0.123572	1
0.123595	1
0.123617	1
0.12364	1
0.123662	1
0.123685	1
0.123707	1
0.12373	1
0.123752	1
0.123775	1
0.123797	1
0.12382	1
0.123842	1
0.123865	1
0.123887	1
0.12391	1
0.123932	1
0.123955	1
0.123977	1
0.124	1
0.124022	1
0.124045	1
0.124067	1
0.12409	1
0.124112	1
0.124135	1
0.124157	1
0.12418	1
0.124202	1
0.124225	1
0.124247	1
0.12427	1
0.124292	1
0.124315	1
0.124338	1
0.12436	1
0.124383	1
0.124405	1
0.124428	1
0.12445	1
0.124473	1
0.124495	1
0.124518	1
0.12454	1
0.124563	1
0.124585	1
0.124608	1
0.12463	1
0.124653	1
0.124675	1
0.124698	1
0.12472	1
0.124743	1
0.124766	1
0.124788	1
0.124811	1
0.124833	1
0.124856	1
0.124878	1
0.124901	1
0.124923	1
0.124946	1
0.124968	1
0.124991	1
0.125013	1
0.125036	1
0.125059	1
0.125081	1
0.125104	1
0.125126	1
0.125149	1
0.125171	1
0.125194	1
0.125216	1
0.125239	1
0.125261	1
0.125284	1
0.125307	1
0.125329	1
0.125352	1
0.125374	1
0.125397	1
0.125419	1
0.125442	1
0.125464	1
0.125487	1
0.12551	1
0.125532	1
0.125555	1
0.125577	1
0.1256	1
0.125622	1
0.125645	1
0.125668	1
0.12569	1
0.125713	1
0.125735	1
0.125758	1
0.12578	1
0.125803	1
0.125826	1
0.125848	1
0.125871	1
0.125893	1
0.125916	1
0.125938	1
0.125961	1
0.125984	1
0.126006	1
0.126029	1
0.126051	1
0.126074	1
0.126097	1
0.126119	1
0.126142	1
0.126164	1
0.126187	1
0.126209	1
0.126232	1
0.126255	1
0.126277	1
0.1263	1
0.126322	1
0.126345	1
0.126368	1
0.12639	1
0.126413	1
0.126435	1
0.126458	1
0.126481	1
0.126503	1
0.126526	1
0.126548	1
0.126571	1
0.126594	1
0.126616	1
0.126639	1
0.126662	1
0.126684	1
0.126707	1
0.126729	1
0.126752	1
0.126775	1
0.126797	1
0.12682	1
0.126842	1
0.126865	1
0.126888	1
0.12691	1
0.126933	1
0.126956	1
0.126978	1
0.127001	1
0.127023	1
0.127046	1
0.127069	1
0.127091	1
0.127114	1
0.127137	1
0.127159	1
0.127182	1
0.127205	1
0.127227	1
0.12725	1
0.127272	1
0.127295	1
0.127318	1
0.12734	1
0.127363	1
0.127386	1
0.127408	1
0.127431	1
0.127453	1
0.127476	1
0.127499	1
0.127521	1
0.127544	1
0.127567	1
0.127589	1
0.127612	1
0.127634	1
0.127657	1
0.12768	1
0.127702	1
0.127725	1
0.127748	1
0.12777	1
0.127793	1
0.127815	1
0.127838	1
0.127861	1
0.127883	1
0.127906	1
0.127928	1
0.127951	1
0.127974	1
0.127996	1
0.128019	1
0.128041	1
0.128064	1
0.128087	1
0.128109	1
0.128132	1
0.128154	1
0.128177	1
0.128199	1
0.128222	1
0.128245	1
0.128267	1
0.12829	1
0.128312	1
0.128335	1
0.128358	1
0.12838	1
0.128403	1
0.128425	1
0.128448	1
0.12847	1
0.128493	1
0.128516	1
0.128538	1
0.128561	1
0.128583	1
0.128606	1
0.128628	1
0.128651	1
0.128673	1
0.128696	1
0.128719	1
0.128741	1
0.128764	1
0.128786	1
0.128809	1
0.128831	1
0.128854	1
0.128876	1
0.128899	1
0.128921	1
0.128944	1
0.128967	1
0.128989	1
0.129012	1
0.129034	1
0.129057	1
0.129079	1
0.129102	1
0.129124	1
0.129147	1
0.129169	1
0.129192	1
0.129214	1
0.129237	1
0.129259	1
0.129282	1
0.129305	1
0.129327	1
0.12935	1
0.129372	1
0.129395	1
0.129417	1
0.12944	1
0.129462	1
0.129485	1
0.129507	1
0.12953	1
0.129552	1
0.129575	1
0.129597	1
0.12962	1
0.129642	1
0.129665	1
0.129687	1
0.12971	1
0.129732	1
0.129755	1
0.129777	1
0.1298	1
0.129822	1
0.129845	1
0.129867	1
0.12989	1
0.129912	1
0.129935	1
0.129957	1
0.12998	1
0.130002	1
0.130025	1
0.130047	1
0.13007	1
0.130092	1
0.130114	1
0.130137	1
0.130159	1
0.130182	1
0.130204	1
0.130227	1
0.130249	1
0.130272	1
0.130294	1
0.130317	1
0.130339	1
0.130362	1
0.130384	1
0.130407	1
0.130429	1
0.130452	1
0.130474	1
0.130496	1
0.130519	1
0.130541	1
0.130564	1
0.130586	1
0.130609	1
0.130631	1
0.130654	1
0.130676	1
0.130699	1
0.130721	1
0.130743	1
0.130766	1
0.130788	1
0.130811	1
0.130833	1
0.130856	1
0.130878	1
0.130901	1
0.130923	1
0.130945	1
0.130968	1
0.13099	1
0.131013	1
0.131035	1
0.131058	1
0.13108	1
0.131103	1
0.131125	1
0.131147	1
0.13117	1
0.131192	1
0.131215	1
0.131237	1
0.13126	1
0.131282	1
0.131304	1
0.131327	1
0.131349	1
0.131372	1
0.131394	1
0.131417	1
0.131439	1
0.131461	1
0.131484	1
0.131506	1
0.131529	1
0.131551	1
0.131573	1
0.131596	1
0.131618	1
0.131641	1
0.131663	1
0.131686	1
0.131708	1
0.13173	1
0.131753	1
0.131775	1
0.131798	1
0.13182	1
0.131842	1
0.131865	1
0.131887	1
0.13191	1
0.131932	1
0.131954	1
0.131977	1
0.131999	1
0.132022	1
0.132044	1
0.132067	1
0.132089	1
0.132111	1
0.132134	1
0.132156	1
0.132179	1
0.132201	1
0.132223	1
0.132246	1
0.132268	1
0.132291	1
0.132313	1
0.132335	1
0.132358	1
0.13238	1
0.132402	1
0.132425	1
0.132447	1
0.13247	1
0.132492	1
0.132514	1
0.132537	1
0.132559	1
0.132582	1
0.132604	1
0.132626	1
0.132649	1
0.132671	1
0.132694	1
0.132716	1
0.132738	1
0.132761	1
0.132783	1
0.132805	1
0.132828	1
0.13285	1
0.132873	1
0.132895	1
0.132917	1
0.13294	1
0.132962	1
0.132985	1
0.133007	1
0.133029	1
0.133052	1
0.133074	1
0.133096	1
0.133119	1
0.133141	1
0.133164	1
0.133186	1
0.133208	1
0.133231	1
0.133253	1
0.133275	1
0.133298	1
0.13332	1
0.133343	1
0.133365	1
0.133387	1
0.13341	1
0.133432	1
0.133454	1
0.133477	1
0.133499	1
0.133521	1
0.133544	1
0.133566	1
0.133589	1
0.133611	1
0.133633	1
0.133656	1
0.133678	1
0.1337	1
0.133723	1
0.133745	1
0.133767	1
0.13379	1
0.133812	1
0.133835	1
0.133857	1
0.133879	1
0.133902	1
0.133924	1
0.133946	1
0.133969	1
0.133991	1
0.134013	1
0.134036	1
0.134058	1
0.134081	1
0.134103	1
0.134125	1
0.134148	1
0.13417	1
0.134192	1
0.134215	1
0.134237	1
0.134259	1
0.134282	1
0.134304	1
0.134326	1
0.134349	1
0.134371	1
0.134393	1
0.134416	1
0.134438	1
0.134461	1
0.134483	1
0.134505	1
0.134528	1
0.13455	1
0.134572	1
0.134595	1
0.134617	1
0.134639	1
0.134662	1
0.134684	1
0.134706	1
0.134729	1
0.134751	1
0.134773	1
0.134796	1
0.134818	1
0.134841	1
0.134863	1
0.134885	1
0.134908	1
0.13493	1
0.134952	1
0.134975	1
0.134997	1
0.135019	1
0.135042	1
0.135064	1
0.135086	1
0.135109	1
0.135131	1
0.135153	1
0.135176	1
0.135198	1
0.13522	1
0.135243	1
0.135265	1
0.135288	1
0.13531	1
0.135332	1
0.135355	1
0.135377	1
0.135399	1
0.135422	1
0.135444	1
0.135466	1
0.135489	1
0.135511	1
0.135533	1
0.135556	1
0.135578	1
0.1356	1
0.135623	1
0.135645	1
0.135667	1
0.13569	1
0.135712	1
0.135735	1
0.135757	1
0.135779	1
0.135802	1
0.135824	1
0.135846	1
0.135869	1
0.135891	1
0.135913	1
0.135936	1
0.135958	1
0.13598	1
0.136003	1
0.136025	1
0.136048	1
0.13607	1
0.136092	1
0.136115	1
0.136137	1
0.136159	1
0.136182	1
0.136204	1
0.136226	1
0.136249	1
0.136271	1
0.136293	1
0.136316	1
0.136338	1
0.136361	1
0.136383	1
0.136405	1
0.136428	1
0.13645	1
0.136472	1
0.136495	1
0.136517	1
0.136539	1
0.136562	1
0.136584	1
0.136607	1
0.136629	1
0.136651	1
0.136674	1
0.136696	1
0.136718	1
0.136741	1
0.136763	1
0.136785	1
0.136808	1
0.13683	1
0.136853	1
0.136875	1
0.136897	1
0.13692	1
0.136942	1
0.136964	1
0.136987	1
0.137009	1
0.137032	1
0.137054	1
0.137076	1
0.137099	1
0.137121	1
0.137143	1
0.137166	1
0.137188	1
0.137211	1
0.137233	1
0.137255	1
0.137278	1
0.1373	1
0.137322	1
0.137345	1
0.137367	1
0.13739	1
0.137412	1
0.137434	1
0.137457	1
0.137479	1
0.137502	1
0.137524	1
0.137546	1
0.137569	1
0.137591	1
0.137613	1
0.137636	1
0.137658	1
0.137681	1
0.137703	1
0.137725	1
0.137748	1
0.13777	1
0.137793	1
0.137815	1
0.137837	1
0.13786	1
0.137882	1
0.137905	1
0.137927	1
0.137949	1
0.137972	1
0.137994	1
0.138017	1
0.138039	1
0.138061	1
0.138084	1
0.138106	1
0.138129	1
0.138151	1
0.138173	1
0.138196	1
0.138218	1
0.138241	1
0.138263	1
0.138286	1
0.138308	1
0.13833	1
0.138353	1
0.138375	1
0.138398	1
0.13842	1
0.138442	1
0.138465	1
0.138487	1
0.13851	1
0.138532	1
0.138555	1
0.138577	1
0.138599	1
0.138622	1
0.138644	1
0.138667	1
0.138689	1
0.138712	1
0.138734	1
0.138756	1
0.138779	1
0.138801	1
0.138824	1
0.138846	1
0.138869	1
0.138891	1
0.138913	1
0.138936	1
0.138958	1
0.138981	1
0.139003	1
0.139026	1
0.139048	1
0.139071	1
0.139093	1
0.139115	1
0.139138	1
0.13916	1
0.139183	1
0.139205	1
0.139228	1
0.13925	1
0.139273	1
0.139295	1
0.139318	1
0.13934	1
0.139362	1
0.139385	1
0.139407	1
0.13943	1
0.139452	1
0.139475	1
0.139497	1
0.13952	1
0.139542	1
0.139565	1
0.139587	1
0.13961	1
0.139632	1
0.139655	1
0.139677	1
0.139699	1
0.139722	1
0.139744	1
0.139767	1
0.139789	1
0.139812	1
0.139834	1
0.139857	1
0.139879	1
0.139902	1
0.139924	1
0.139947	1
0.139969	1
0.139992	1
0.140014	1
0.140037	1
0.140059	1
0.140082	1
0.140104	1
0.140127	1
0.140149	1
0.140172	1
0.140194	1
0.140217	1
0.140239	1
0.140262	1
0.140284	1
0.140307	1
0.140329	1
0.140352	1
0.140374	1
0.140397	1
0.140419	1
0.140442	1
0.140464	1
0.140487	1
0.140509	1
0.140532	1
0.140554	1
0.140577	1
0.140599	1
0.140621	1
0.140644	1
0.140666	1
0.140689	1
0.140711	1
0.140734	1
0.140756	1
0.140779	1
0.140801	1
0.140824	1
0.140846	1
0.140869	1
0.140891	1
0.140914	1
0.140936	1
0.140958	1
0.140981	1
0.141003	1
0.141026	1
0.141048	1
0.141071	1
0.141093	1
0.141116	1
0.141138	1
0.14116	1
0.141183	1
0.141205	1
0.141228	1
0.14125	1
0.141273	1
0.141295	1
0.141317	1
0.14134	1
0.141362	1
0.141385	1
0.141407	1
0.14143	1
0.141452	1
0.141474	1
0.141497	1
0.141519	1
0.141542	1
0.141564	1
0.141586	1
0.141609	1
0.141631	1
0.141654	1
0.141676	1
0.141698	1
0.141721	1
0.141743	1
0.141766	1
0.141788	1
0.14181	1
0.141833	1
0.141855	1
0.141878	1
0.1419	1
0.141922	1
0.141945	1
0.141967	1
0.141989	1
0.142012	1
0.142034	1
0.142057	1
0.142079	1
0.142101	1
0.142124	1
0.142146	1
0.142168	1
0.142191	1
0.142213	1
0.142236	1
0.142258	1
0.14228	1
0.142303	1
0.142325	1
0.142347	1
0.14237	1
0.142392	1
0.142414	1
0.142437	1
0.142459	1
0.142481	1
0.142504	1
0.142526	1
0.142548	1
0.142571	1
0.142593	1
0.142615	1
0.142638	1
0.14266	1
0.142682	1
0.142705	1
0.142727	1
0.142749	1
0.142772	1
0.142794	1
0.142816	1
0.142839	1
0.142861	1
0.142883	1
0.142906	1
0.142928	1
0.14295	1
0.142973	1
0.142995	1
0.143017	1
0.14304	1
0.143062	1
0.143084	1
0.143106	1
0.143129	1
0.143151	1
0.143173	1
0.143196	1
0.143218	1
0.14324	1
0.143263	1
0.143285	1
0.143307	1
0.143329	1
0.143352	1
0.143374	1
0.143396	1
0.143419	1
0.143441	1
0.143463	1
0.143485	1
0.143508	1
0.14353	1
0.143552	1
0.143575	1
0.143597	1
0.143619	1
0.143641	1
0.143664	1
0.143686	1
0.143708	1
0.14373	1
0.143753	1
0.143775	1
0.143797	1
0.14382	1
0.143842	1
0.143864	1
0.143886	1
0.143909	1
0.143931	1
0.143953	1
0.143975	1
0.143998	1
0.14402	1
0.144042	1
0.144064	1
0.144087	1
0.144109	1
0.144131	1
0.144153	1
0.144176	1
0.144198	1
0.14422	1
0.144242	1
0.144265	1
0.144287	1
0.144309	1
0.144331	1
0.144354	1
0.144376	1
0.144398	1
0.14442	1
0.144443	1
0.144465	1
0.144487	1
0.144509	1
0.144531	1
0.144554	1
0.144576	1
0.144598	1
0.14462	1
0.144643	1
0.144665	1
0.144687	1
0.144709	1
0.144731	1
0.144754	1
0.144776	1
0.144798	1
0.14482	1
0.144843	1
0.144865	1
0.144887	1
0.144909	1
0.144931	1
0.144954	1
0.144976	1
0.144998	1
0.14502	1
0.145042	1
0.145065	1
0.145087	1
0.145109	1
0.145131	1
0.145154	1
0.145176	1
0.145198	1
0.14522	1
0.145242	1
0.145265	1
0.145287	1
0.145309	1
0.145331	1
0.145353	1
0.145376	1
0.145398	1
0.14542	1
0.145442	1
0.145464	1
0.145487	1
0.145509	1
0.145531	1
0.145553	1
0.145575	1
0.145597	1
0.14562	1
0.145642	1
0.145664	1
0.145686	1
0.145708	1
0.145731	1
0.145753	1
0.145775	1
0.145797	1
0.145819	1
0.145842	1
0.145864	1
0.145886	1
0.145908	1
0.14593	1
0.145952	1
0.145975	1
0.145997	1
0.146019	1
0.146041	1
0.146063	1
0.146086	1
0.146108	1
0.14613	1
0.146152	1
0.146174	1
0.146196	1
0.146219	1
0.146241	1
0.146263	1
0.146285	1
0.146307	1
0.146329	1
0.146352	1
0.146374	1
0.146396	1
0.146418	1
0.14644	1
0.146462	1
0.146485	1
0.146507	1
0.146529	1
0.146551	1
0.146573	1
0.146596	1
0.146618	1
0.14664	1
0.146662	1
0.146684	1
0.146706	1
0.146729	1
0.146751	1
0.146773	1
0.146795	1
0.146817	1
0.146839	1
0.146862	1
0.146884	1
0.146906	1
0.146928	1
0.14695	1
0.146972	1
0.146995	1
0.147017	1
0.147039	1
0.147061	1
0.147083	1
0.147105	1
0.147128	1
0.14715	1
0.147172	1
0.147194	1
0.147216	1
0.147238	1
0.147261	1
0.147283	1
0.147305	1
0.147327	1
0.147349	1
0.147371	1
0.147393	1
0.147416	1
0.147438	1
0.14746	1
0.147482	1
0.147504	1
0.147526	1
0.147549	1
0.147571	1
0.147593	1
0.147615	1
0.147637	1
0.147659	1
0.147682	1
0.147704	1
0.147726	1
0.147748	1
0.14777	1
0.147792	1
0.147815	1
0.147837	1
0.147859	1
0.147881	1
0.147903	1
0.147925	1
0.147948	1
0.14797	1
0.147992	1
0.148014	1
0.148036	1
0.148058	1
0.148081	1
0.148103	1
0.148125	1
0.148147	1
0.148169	1
0.148191	1
0.148214	1
0.148236	1
0.148258	1
0.14828	1
0.148302	1
0.148324	1
0.148347	1
0.148369	1
0.148391	1
0.148413	1
0.148435	1
0.148458	1
0.14848	1
0.148502	1
0.148524	1
0.148546	1
0.148568	1
0.148591	1
0.148613	1
0.148635	1
0.148657	1
0.148679	1
0.148701	1
0.148724	1
0.148746	1
0.148768	1
0.14879	1
0.148812	1
0.148835	1
0.148857	1
0.148879	1
0.148901	1
0.148923	1
0.148945	1
0.148968	1
0.14899	1
0.149012	1
0.149034	1
0.149056	1
0.149079	1
0.149101	1
0.149123	1
0.149145	1
0.149167	1
0.149189	1
0.149212	1
0.149234	1
0.149256	1
0.149278	1
0.1493	1
0.149323	1
0.149345	1
0.149367	1
0.149389	1
0.149411	1
0.149434	1
0.149456	1
0.149478	1
0.1495	1
0.149522	1
0.149545	1
0.149567	1
0.149589	1
0.149611	1
0.149633	1
0.149656	1
0.149678	1
0.1497	1
0.149722	1
0.149744	1
0.149767	1
0.149789	1
0.149811	1
0.149833	1
0.149856	1
0.149878	1
0.1499	1
0.149922	1
0.149944	1
0.149967	1
0.149989	1
0.150011	1
