0.100017	0.0132148
0.10004	0.0130176
0.100063	0.00901337
0.100086	0.00887795
0.100109	0.00884579
0.100132	0.0088565
0.100154	0.00880107
0.100177	0.00877727
0.1002	0.00878235
0.100223	0.00877155
0.100246	0.008752
0.100269	0.00874144
0.100292	0.00874614
0.100314	0.00882528
0.100337	0.00891561
0.10036	0.00873709
0.100383	0.00880036
0.100406	0.00888068
0.100429	0.00869308
0.100451	0.0086879
0.100474	0.00873778
0.100497	0.00865976
0.10052	0.00868201
0.100543	0.00862903
0.100566	0.00862697
0.100588	0.00860938
0.100611	0.00860986
0.100634	0.00858821
0.100657	0.00857746
0.10068	0.00859276
0.100703	0.0085688
0.100725	0.00853595
0.100748	0.00854331
0.100771	0.00856088
0.100794	0.00855391
0.100817	0.00858931
0.10084	0.0086256
0.100862	0.0086479
0.100885	0.00858515
0.100908	0.00849044
0.100931	0.00848177
0.100954	0.00853943
0.100976	0.0086669
0.100999	0.0085473
0.101022	0.00842891
0.101045	0.00843132
0.101068	0.00844265
0.10109	0.00851196
0.101113	0.00861075
0.101136	0.00853965
0.101159	0.00846295
0.101182	0.00856189
0.101205	0.00865055
0.101227	0.00859265
0.10125	0.00874297
0.101273	0.00855632
0.101296	0.0085518
0.101319	0.00841174
0.101341	0.00840131
0.101364	0.00839311
0.101387	0.0083142
0.10141	0.0083925
0.101432	0.00839118
0.101455	0.00830884
0.101478	0.00832377
0.101501	0.00831214
0.101524	0.00829344
0.101546	0.0083156
0.101569	0.00828828
0.101592	0.00828138
0.101615	0.00826453
0.101638	0.0082503
0.10166	0.00831171
0.101683	0.00836051
0.101706	0.00834999
0.101729	0.00846095
0.101751	0.00829091
0.101774	0.00842538
0.101797	0.00847455
0.10182	0.0082419
0.101843	0.00822368
0.101865	0.00825654
0.101888	0.008245
0.101911	0.00830199
0.101934	0.00823428
0.101956	0.00822506
0.101979	0.00823339
0.102002	0.00822067
0.102025	0.00820545
0.102047	0.00820483
0.10207	0.00822789
0.102093	0.00824733
0.102116	0.00834063
0.102138	0.00844892
0.102161	0.00836005
0.102184	0.00844774
0.102207	0.00822667
0.102229	0.00819006
0.102252	0.0081881
0.102275	0.0082055
0.102298	0.00822799
0.102321	0.00818743
0.102343	0.00820274
0.102366	0.00819994
0.102389	0.00822163
0.102411	0.00818129
0.102434	0.00815402
0.102457	0.00813915
0.10248	0.00814272
0.102502	0.00813875
0.102525	0.00814846
0.102548	0.00816984
0.102571	0.00815171
0.102593	0.00818838
0.102616	0.00822541
0.102639	0.00822043
0.102662	0.00817451
0.102684	0.00821477
0.102707	0.00827142
0.10273	0.00819911
0.102753	0.0081974
0.102775	0.00814909
0.102798	0.0081197
0.102821	0.00812992
0.102844	0.00816047
0.102866	0.00825478
0.102889	0.00826163
0.102912	0.00831891
0.102934	0.00837727
0.102957	0.00827704
0.10298	0.00844751
0.103003	0.0084605
0.103025	0.00836793
0.103048	0.00819777
0.103071	0.00826439
0.103093	0.00830089
0.103116	0.00816118
0.103139	0.00815463
0.103162	0.00812706
0.103184	0.00817773
0.103207	0.00814261
0.10323	0.00817539
0.103252	0.00814301
0.103275	0.00816844
0.103298	0.00821927
0.103321	0.00812935
0.103343	0.00821947
0.103366	0.0081042
0.103389	0.00821294
0.103411	0.00820651
0.103434	0.00823022
0.103457	0.00832716
0.10348	0.00840861
0.103502	0.00819338
0.103525	0.00840333
0.103548	0.00838796
0.10357	0.00822745
0.103593	0.00822139
0.103616	0.0081737
0.103638	0.00817201
0.103661	0.0081459
0.103684	0.0081736
0.103707	0.0081651
0.103729	0.00817495
0.103752	0.00816247
0.103775	0.00816498
0.103797	0.00818061
0.10382	0.00820534
0.103843	0.00821158
0.103865	0.00818935
0.103888	0.00820025
0.103911	0.00827757
0.103933	0.00850731
0.103956	0.00833571
0.103979	0.00819109
0.104001	0.00813702
0.104024	0.00812522
0.104047	0.00813198
0.10407	0.00813617
0.104092	0.00816539
0.104115	0.00816482
0.104138	0.00814446
0.10416	0.00809747
0.104183	0.00807705
0.104206	0.0080991
0.104228	0.0081226
0.104251	0.00807348
0.104274	0.00805796
0.104296	0.00807769
0.104319	0.00807064
0.104342	0.00809722
0.104364	0.0080849
0.104387	0.00808981
0.10441	0.00810491
0.104432	0.00805627
0.104455	0.00809235
0.104478	0.0081018
0.1045	0.00812137
0.104523	0.00811615
0.104546	0.00802273
0.104568	0.00802993
0.104591	0.00803901
0.104614	0.00809339
0.104636	0.00818806
0.104659	0.00830361
0.104682	0.00807629
0.104704	0.00808174
0.104727	0.00810651
0.10475	0.00841224
0.104772	0.00838879
0.104795	0.00806694
0.104818	0.00813148
0.10484	0.00814886
0.104863	0.00799983
0.104886	0.00799129
0.104908	0.00810713
0.104931	0.00817943
0.104954	0.00803612
0.104976	0.0080591
0.104999	0.00804793
0.105022	0.00807892
0.105044	0.00795322
0.105067	0.00794322
0.105089	0.00795978
0.105112	0.00797836
0.105135	0.0079485
0.105157	0.00794441
0.10518	0.0079627
0.105203	0.00796506
0.105225	0.00801641
0.105248	0.00797539
0.105271	0.00810461
0.105293	0.00810757
0.105316	0.0081936
0.105339	0.00796418
0.105361	0.00796659
0.105384	0.00798759
0.105407	0.00794167
0.105429	0.00797474
0.105452	0.00794074
0.105474	0.00792434
0.105497	0.00790928
0.10552	0.00792096
0.105542	0.00792582
0.105565	0.00791766
0.105588	0.00795392
0.10561	0.00797084
0.105633	0.00797567
0.105656	0.00798409
0.105678	0.00799069
0.105701	0.00813611
0.105724	0.00826473
0.105746	0.0081711
0.105769	0.00796348
0.105791	0.00796541
0.105814	0.00794152
0.105837	0.00791624
0.105859	0.00791475
0.105882	0.0079163
0.105905	0.0079382
0.105927	0.00794099
0.10595	0.00791268
0.105972	0.00789521
0.105995	0.00792691
0.106018	0.00792886
0.10604	0.0079127
0.106063	0.00791926
0.106086	0.00792756
0.106108	0.00792555
0.106131	0.00797431
0.106154	0.008004
0.106176	0.00793754
0.106199	0.00793032
0.106221	0.00790682
0.106244	0.00792169
0.106267	0.00800472
0.106289	0.00817567
0.106312	0.00817861
0.106335	0.00790681
0.106357	0.00791632
0.10638	0.00820376
0.106402	0.00832387
0.106425	0.00802873
0.106448	0.00806266
0.10647	0.0081813
0.106493	0.00833701
0.106516	0.00828963
0.106538	0.00797823
0.106561	0.00794374
0.106583	0.00790743
0.106606	0.00792764
0.106629	0.0079052
0.106651	0.00791078
0.106674	0.0080019
0.106696	0.00804606
0.106719	0.00787574
0.106742	0.00789891
0.106764	0.00789402
0.106787	0.00789166
0.10681	0.00786992
0.106832	0.00787062
0.106855	0.00787186
0.106877	0.00787186
0.1069	0.00788222
0.106923	0.00790634
0.106945	0.00788463
0.106968	0.00793646
0.106991	0.00790269
0.107013	0.00802907
0.107036	0.00818517
0.107058	0.0080217
0.107081	0.00810538
0.107104	0.00786642
0.107126	0.00793533
0.107149	0.00792479
0.107171	0.00791033
0.107194	0.00792105
0.107217	0.00795282
0.107239	0.00795989
0.107262	0.00796784
0.107285	0.0079337
0.107307	0.00792281
0.10733	0.00792597
0.107352	0.00794141
0.107375	0.00792529
0.107398	0.00793006
0.10742	0.00795555
0.107443	0.00796817
0.107465	0.00796048
0.107488	0.0081423
0.107511	0.00819174
0.107533	0.0079894
0.107556	0.00791402
0.107579	0.0079356
0.107601	0.00792223
0.107624	0.00796016
0.107646	0.00796878
0.107669	0.00801813
0.107692	0.00803748
0.107714	0.00806492
0.107737	0.00814014
0.107759	0.0080886
0.107782	0.00804924
0.107805	0.00803787
0.107827	0.00807011
0.10785	0.00803842
0.107872	0.00807811
0.107895	0.00808344
0.107918	0.00813624
0.10794	0.00809329
0.107963	0.00814285
0.107986	0.00807386
0.108008	0.00809797
0.108031	0.00811586
0.108053	0.00816346
0.108076	0.00818324
0.108099	0.0082838
0.108121	0.00836952
0.108144	0.00845992
0.108166	0.00828567
0.108189	0.0082634
0.108212	0.00837435
0.108234	0.00838278
0.108257	0.00837509
0.108279	0.00822632
0.108302	0.00811661
0.108325	0.00823557
0.108347	0.0082612
0.10837	0.00808202
0.108393	0.00809023
0.108415	0.00809594
0.108438	0.00821853
0.10846	0.0082502
0.108483	0.00809824
0.108506	0.00811765
0.108528	0.00813939
0.108551	0.0080962
0.108573	0.00808863
0.108596	0.00809441
0.108619	0.00810878
0.108641	0.00808302
0.108664	0.00810169
0.108687	0.0080987
0.108709	0.00812331
0.108732	0.00809909
0.108754	0.00812235
0.108777	0.00816616
0.1088	0.00815824
0.108822	0.00839257
0.108845	0.00829761
0.108867	0.00814221
0.10889	0.00813956
0.108913	0.00818006
0.108935	0.00812601
0.108958	0.00812717
0.10898	0.00810926
0.109003	0.00812131
0.109026	0.00812254
0.109048	0.00812694
0.109071	0.00813465
0.109094	0.00818098
0.109116	0.00814698
0.109139	0.00812371
0.109161	0.00810849
0.109184	0.00813423
0.109207	0.00813236
0.109229	0.00814302
0.109252	0.00816161
0.109275	0.00832259
0.109297	0.00843139
0.10932	0.00817835
0.109342	0.00811727
0.109365	0.00813033
0.109388	0.00812827
0.10941	0.00814316
0.109433	0.00813572
0.109455	0.00814172
0.109478	0.00813147
0.109501	0.00814772
0.109523	0.00816533
0.109546	0.00816331
0.109569	0.00817508
0.109591	0.00814276
0.109614	0.00819586
0.109636	0.00823082
0.109659	0.00816557
0.109682	0.0081713
0.109704	0.00818302
0.109727	0.00821138
0.10975	0.00819698
0.109772	0.00817365
0.109795	0.00824038
0.109817	0.00826311
0.10984	0.00826049
0.109863	0.00839675
0.109885	0.00854404
0.109908	0.00861576
0.109931	0.00849061
0.109953	0.00823073
0.109976	0.00853062
0.109998	0.00869408
0.110021	0.00841605
0.110044	0.00819435
0.110066	0.00822794
0.110089	0.0082842
0.110112	0.00833378
0.110134	0.00823793
0.110157	0.00819715
0.11018	0.00820728
0.110202	0.00833038
0.110225	0.00837526
0.110247	0.00819759
0.11027	0.00827884
0.110293	0.00826136
0.110315	0.00824333
0.110338	0.00822931
0.110361	0.00820872
0.110383	0.00820765
0.110406	0.00821202
0.110428	0.00822276
0.110451	0.00822827
0.110474	0.00823812
0.110496	0.0082443
0.110519	0.00825751
0.110542	0.00826854
0.110564	0.00845508
0.110587	0.00859234
0.11061	0.00832002
0.110632	0.00832268
0.110655	0.00826578
0.110678	0.00827016
0.1107	0.00827157
0.110723	0.00826696
0.110745	0.00827289
0.110768	0.00828294
0.110791	0.00829579
0.110813	0.00830889
0.110836	0.00835039
0.110859	0.00838654
0.110881	0.0083629
0.110904	0.00835153
0.110927	0.00839693
0.110949	0.00837535
0.110972	0.00840762
0.110995	0.00842102
0.111017	0.00839614
0.11104	0.00849141
0.111063	0.00865927
0.111085	0.00855889
0.111108	0.00844511
0.11113	0.00839609
0.111153	0.00843974
0.111176	0.00844366
0.111198	0.00842584
0.111221	0.00844314
0.111244	0.00845727
0.111266	0.00846613
0.111289	0.00848144
0.111312	0.00848988
0.111334	0.00851217
0.111357	0.00852248
0.11138	0.00844165
0.111402	0.00845523
0.111425	0.00847583
0.111448	0.00847196
0.11147	0.00852921
0.111493	0.00856729
0.111516	0.0084899
0.111538	0.00850871
0.111561	0.00850759
0.111584	0.00864768
0.111606	0.00878666
0.111629	0.00871822
0.111652	0.00875252
0.111674	0.00874902
0.111697	0.00859399
0.11172	0.00876429
0.111742	0.00888377
0.111765	0.00874354
0.111788	0.00853867
0.11181	0.00854557
0.111833	0.00858022
0.111856	0.00857026
0.111878	0.00856614
0.111901	0.00855192
0.111924	0.00854303
0.111946	0.00855446
0.111969	0.00865638
0.111992	0.00868952
0.112014	0.00859847
0.112037	0.0085931
0.11206	0.00860413
0.112082	0.0085935
0.112105	0.00859377
0.112128	0.00859387
0.11215	0.0085921
0.112173	0.0085986
0.112196	0.00861892
0.112219	0.00863138
0.112241	0.00864604
0.112264	0.00861367
0.112287	0.00862509
0.112309	0.00863346
0.112332	0.00866694
0.112355	0.0087802
0.112377	0.00896062
0.1124	0.00889179
0.112423	0.00866793
0.112445	0.00865068
0.112468	0.00870838
0.112491	0.00871175
0.112513	0.00871308
0.112536	0.00871688
0.112559	0.00872067
0.112582	0.00873237
0.112604	0.00872947
0.112627	0.0087231
0.11265	0.00872885
0.112672	0.00874572
0.112695	0.00876107
0.112718	0.00875832
0.11274	0.00878968
0.112763	0.00884727
0.112786	0.00886043
0.112809	0.00882327
0.112831	0.00887931
0.112854	0.00905733
0.112877	0.00896057
0.112899	0.00875743
0.112922	0.00876663
0.112945	0.00876437
0.112967	0.00876777
0.11299	0.00876221
0.113013	0.00876542
0.113036	0.00876771
0.113058	0.00878267
0.113081	0.00877321
0.113104	0.00877163
0.113126	0.00876522
0.113149	0.00877815
0.113172	0.00876348
0.113195	0.0087744
0.113217	0.00882338
0.11324	0.00886744
0.113263	0.00881304
0.113285	0.00878859
0.113308	0.00882309
0.113331	0.00888005
0.113354	0.00904304
0.113376	0.0089651
0.113399	0.00893642
0.113422	0.00891233
0.113445	0.00896491
0.113467	0.00893716
0.11349	0.00920732
0.113513	0.0089809
0.113535	0.00882717
0.113558	0.00878984
0.113581	0.00878673
0.113604	0.00890764
0.113626	0.00895469
0.113649	0.00882714
0.113672	0.0087777
0.113695	0.00877146
0.113717	0.00882248
0.11374	0.00886262
0.113763	0.00884431
0.113786	0.00881255
0.113808	0.00885779
0.113831	0.00884485
0.113854	0.00886685
0.113876	0.00886777
0.113899	0.00882728
0.113922	0.00883324
0.113945	0.0088222
0.113967	0.0088287
0.11399	0.00884172
0.114013	0.0088444
0.114036	0.00882611
0.114058	0.00884002
0.114081	0.00883764
0.114104	0.00886301
0.114126	0.00889465
0.114149	0.00904834
0.114172	0.0091616
0.114195	0.0090105
0.114217	0.00884629
0.11424	0.00882983
0.114263	0.00883374
0.114286	0.00884986
0.114308	0.00883001
0.114331	0.00883268
0.114354	0.0088185
0.114376	0.00882702
0.114399	0.0088264
0.114422	0.00883737
0.114444	0.00882892
0.114467	0.00881989
0.11449	0.00881977
0.114513	0.00881684
0.114535	0.00881133
0.114558	0.00882135
0.114581	0.00883502
0.114603	0.00896218
0.114626	0.00903423
0.114649	0.00888222
0.114671	0.00901652
0.114694	0.00885858
0.114717	0.00878272
0.11474	0.00877956
0.114762	0.00876453
0.114785	0.00875274
0.114808	0.00873991
0.11483	0.00874465
0.114853	0.00873903
0.114876	0.00873524
0.114898	0.00874774
0.114921	0.00873354
0.114944	0.00875644
0.114966	0.00875313
0.114989	0.00872299
0.115012	0.00870343
0.115034	0.00875458
0.115057	0.00886814
0.11508	0.00893334
0.115102	0.00877537
0.115125	0.00879062
0.115148	0.00883442
0.11517	0.00871742
0.115193	0.00886681
0.115216	0.00891323
0.115238	0.00887124
0.115261	0.00881046
0.115284	0.00891066
0.115306	0.00878388
0.115329	0.00868222
0.115352	0.00867128
0.115374	0.00877212
0.115397	0.00880595
0.11542	0.0086294
0.115442	0.00863094
0.115465	0.00864988
0.115488	0.0086462
0.11551	0.00865925
0.115533	0.00876844
0.115556	0.00878679
0.115578	0.00867538
0.115601	0.00872799
0.115624	0.00873133
0.115646	0.00867814
0.115669	0.00867158
0.115691	0.00869474
0.115714	0.00870986
0.115737	0.00873115
0.115759	0.00869804
0.115782	0.00869386
0.115805	0.00871172
0.115827	0.00871412
0.11585	0.00867496
0.115873	0.00867627
0.115895	0.00869896
0.115918	0.00876074
0.11594	0.00890246
0.115963	0.00900134
0.115986	0.00885849
0.116008	0.0086971
0.116031	0.0086824
0.116054	0.00867151
0.116076	0.00867023
0.116099	0.00870141
0.116121	0.00871296
0.116144	0.00871721
0.116167	0.00869316
0.116189	0.00864811
0.116212	0.0086302
0.116235	0.00863367
0.116257	0.00862953
0.11628	0.00864768
0.116302	0.00864022
0.116325	0.00867886
0.116348	0.00864152
0.11637	0.00870718
0.116393	0.00878342
0.116415	0.00887152
0.116438	0.00873317
0.116461	0.00881146
0.116483	0.00864032
0.116506	0.00866348
0.116528	0.00863663
0.116551	0.00865041
0.116574	0.00863369
0.116596	0.00869655
0.116619	0.00867111
0.116641	0.00865947
0.116664	0.00865695
0.116687	0.00872305
0.116709	0.00872277
0.116732	0.00864509
0.116754	0.00869234
0.116777	0.0088809
0.1168	0.00901208
0.116822	0.00881835
0.116845	0.00870221
0.116867	0.00874677
0.11689	0.00876673
0.116912	0.00872841
0.116935	0.00882661
0.116958	0.00890653
0.11698	0.00881834
0.117003	0.00891637
0.117025	0.00891742
0.117048	0.008916
0.11707	0.00881812
0.117093	0.00880947
0.117116	0.00878902
0.117138	0.0089049
0.117161	0.00895632
0.117183	0.00882812
0.117206	0.00879139
0.117228	0.00881938
0.117251	0.00883881
0.117274	0.00882836
0.117296	0.00891601
0.117319	0.00895268
0.117341	0.00887597
0.117364	0.0089221
0.117386	0.00890892
0.117409	0.0089146
0.117432	0.00892754
0.117454	0.00892658
0.117477	0.00894056
0.117499	0.00894761
0.117522	0.0089823
0.117544	0.00901904
0.117567	0.0089668
0.117589	0.00898445
0.117612	0.00897299
0.117635	0.00899567
0.117657	0.00900877
0.11768	0.00910831
0.117702	0.00917379
0.117725	0.0093189
0.117747	0.00908574
0.11777	0.00906175
0.117792	0.00908383
0.117815	0.00905898
0.117837	0.00907098
0.11786	0.00909622
0.117883	0.00908651
0.117905	0.00911777
0.117928	0.00913827
0.11795	0.00913281
0.117973	0.00912414
0.117995	0.00914962
0.118018	0.00914794
0.11804	0.00915357
0.118063	0.00918934
0.118085	0.00918885
0.118108	0.00918185
0.11813	0.00922616
0.118153	0.00927526
0.118175	0.00941326
0.118198	0.00932963
0.118221	0.00941693
0.118243	0.00921998
0.118266	0.00921984
0.118288	0.00925022
0.118311	0.00928523
0.118333	0.00928076
0.118356	0.00927258
0.118378	0.00928342
0.118401	0.0092763
0.118423	0.00938385
0.118446	0.00939501
0.118468	0.00935332
0.118491	0.00936787
0.118513	0.00941184
0.118536	0.00952839
0.118558	0.00949033
0.118581	0.00935109
0.118603	0.00937318
0.118626	0.00950233
0.118648	0.00954313
0.118671	0.00948213
0.118693	0.00966143
0.118716	0.009585
0.118738	0.00947612
0.118761	0.00963844
0.118783	0.0095317
0.118806	0.00954224
0.118829	0.0096395
0.118851	0.00959285
0.118874	0.00947092
0.118896	0.00955176
0.118919	0.00952339
0.118941	0.00947913
0.118964	0.00945588
0.118986	0.0094633
0.119009	0.00948617
0.119031	0.00949198
0.119054	0.00950121
0.119076	0.0095269
0.119099	0.00951418
0.119121	0.00955575
0.119144	0.00956361
0.119166	0.00955754
0.119189	0.00955319
0.119211	0.00957299
0.119234	0.00958418
0.119256	0.009606
0.119279	0.00961101
0.119301	0.00962311
0.119324	0.00963169
0.119346	0.00963228
0.119369	0.00962298
0.119391	0.00962947
0.119414	0.00965854
0.119436	0.00967505
0.119459	0.00993036
0.119481	0.0100562
0.119504	0.00965336
0.119526	0.00966783
0.119548	0.0096688
0.119571	0.00967654
0.119593	0.00967967
0.119616	0.00965838
0.119638	0.00966673
0.119661	0.00966894
0.119683	0.00967916
0.119706	0.00968555
0.119728	0.0096922
0.119751	0.00970196
0.119773	0.00972911
0.119796	0.00970149
0.119818	0.00971735
0.119841	0.00972579
0.119863	0.00971694
0.119886	0.00973963
0.119908	0.00981081
0.119931	0.00986135
0.119953	0.00981481
0.119976	0.00983324
0.119998	0.00989834
0.120021	0.00975833
0.120043	0.00977444
0.120066	0.0097657
0.120088	0.00977647
0.120111	0.00976858
0.120133	0.0097983
0.120156	0.00992119
0.120178	0.00990645
0.120201	0.00981055
0.120223	0.00990674
0.120245	0.00993153
0.120268	0.00990776
0.12029	0.00988675
0.120313	0.00990982
0.120335	0.00982319
0.120358	0.00982621
0.12038	0.00988091
0.120403	0.00994473
0.120425	0.0100115
0.120448	0.00994901
0.12047	0.0100128
0.120493	0.00991913
0.120515	0.00995028
0.120538	0.00988568
0.12056	0.0100155
0.120583	0.0100423
0.120605	0.00993562
0.120628	0.00999547
0.12065	0.0098931
0.120673	0.009887
0.120695	0.00995819
0.120717	0.00990814
0.12074	0.00990768
0.120762	0.00990358
0.120785	0.00990301
0.120807	0.00990633
0.12083	0.00990824
0.120852	0.00990732
0.120875	0.00992642
0.120897	0.00993869
0.12092	0.00996136
0.120942	0.00995375
0.120965	0.00994243
0.120987	0.00996094
0.12101	0.00995411
0.121032	0.00997169
0.121055	0.00998464
0.121077	0.00998519
0.1211	0.00999889
0.121122	0.0100102
0.121144	0.0100033
0.121167	0.0100013
0.121189	0.0100199
0.121212	0.0101054
0.121234	0.0103314
0.121257	0.0103718
0.121279	0.0100126
0.121302	0.0100344
0.121324	0.0100326
0.121347	0.0100554
0.121369	0.0100588
0.121392	0.010032
0.121414	0.0100124
0.121437	0.0100367
0.121459	0.0100372
0.121482	0.0100417
0.121504	0.0100601
0.121526	0.0100757
0.121549	0.0100653
0.121571	0.0100639
0.121594	0.0100663
0.121616	0.0100967
0.121639	0.0101122
0.121661	0.0101185
0.121684	0.0101793
0.121706	0.0101837
0.121729	0.0101586
0.121751	0.0101884
0.121774	0.0102658
0.121796	0.0101368
0.121819	0.010153
0.121841	0.010172
0.121864	0.0101681
0.121886	0.0102056
0.121908	0.0102224
0.121931	0.0102206
0.121953	0.0102459
0.121976	0.0102913
0.121998	0.0102082
0.122021	0.0102579
0.122043	0.0102757
0.122066	0.0101743
0.122088	0.0101927
0.122111	0.0102017
0.122133	0.0103227
0.122156	0.010414
0.122178	0.0102771
0.122201	0.0102305
0.122223	0.0102931
0.122246	0.0102396
0.122268	0.0103191
0.122291	0.0104034
0.122313	0.0102312
0.122335	0.010296
0.122358	0.0103151
0.12238	0.0102596
0.122403	0.0103276
0.122425	0.0102567
0.122448	0.0102399
0.12247	0.0103265
0.122493	0.0102436
0.122515	0.0102423
0.122538	0.010246
0.12256	0.0102606
0.122583	0.0102576
0.122605	0.01026
0.122628	0.0103182
0.12265	0.0103307
0.122673	0.0102693
0.122695	0.0102665
0.122718	0.0102782
0.12274	0.0102746
0.122763	0.0102809
0.122785	0.0103023
0.122808	0.0103001
0.12283	0.0103005
0.122853	0.0103166
0.122875	0.0103302
0.122897	0.0103199
0.12292	0.0103269
0.122942	0.0103273
0.122965	0.010371
0.122987	0.0103779
0.12301	0.0104275
0.123032	0.0103983
0.123055	0.0104631
0.123077	0.010401
0.1231	0.0104356
0.123122	0.0103665
0.123145	0.0103733
0.123167	0.0103581
0.12319	0.0103699
0.123212	0.0103768
0.123235	0.0103711
0.123257	0.0103733
0.12328	0.0103806
0.123302	0.0103801
0.123325	0.0103946
0.123347	0.0104161
0.12337	0.0104274
0.123392	0.0104171
0.123415	0.0104074
0.123437	0.010418
0.12346	0.0104562
0.123482	0.01051
0.123505	0.010591
0.123527	0.0104817
0.12355	0.0104923
0.123572	0.0104751
0.123595	0.0104749
0.123617	0.0105366
0.12364	0.0105256
0.123662	0.0105261
0.123685	0.0105383
0.123707	0.010538
0.12373	0.0105648
0.123752	0.010585
0.123775	0.010571
0.123797	0.0104847
0.12382	0.0104735
0.123842	0.0104869
0.123865	0.0105169
0.123887	0.010542
0.12391	0.0106406
0.123932	0.0107116
0.123955	0.0106252
0.123977	0.0104929
0.124	0.010523
0.124022	0.010532
0.124045	0.0106287
0.124067	0.0107378
0.12409	0.0104819
0.124112	0.0105369
0.124135	0.0105929
0.124157	0.0105394
0.12418	0.0105949
0.124202	0.0105642
0.124225	0.0105583
0.124247	0.010578
0.12427	0.0105408
0.124292	0.0105369
0.124315	0.0105317
0.124338	0.0105469
0.12436	0.0105459
0.124383	0.0105323
0.124405	0.010538
0.124428	0.0105428
0.12445	0.0105632
0.124473	0.0105578
0.124495	0.0105824
0.124518	0.0105907
0.12454	0.0105983
0.124563	0.0105925
0.124585	0.0105867
0.124608	0.0105997
0.12463	0.0106125
0.124653	0.0105993
0.124675	0.0105921
0.124698	0.0105973
0.12472	0.0106229
0.124743	0.0106484
0.124766	0.0106437
0.124788	0.0106604
0.124811	0.0107947
0.124833	0.0108746
0.124856	0.0106506
0.124878	0.0106636
0.124901	0.0105995
0.124923	0.0106152
0.124946	0.0106234
0.124968	0.0106475
0.124991	0.0106316
0.125013	0.0106279
0.125036	0.0106478
0.125059	0.0106485
0.125081	0.010646
0.125104	0.0106525
0.125126	0.0106391
0.125149	0.0106429
0.125171	0.0106465
0.125194	0.0106562
0.125216	0.0106774
0.125239	0.0106866
0.125261	0.0107478
0.125284	0.0107768
0.125307	0.0107192
0.125329	0.0107829
0.125352	0.0108852
0.125374	0.0107552
0.125397	0.0107828
0.125419	0.0108456
0.125442	0.010796
0.125464	0.0107064
0.125487	0.0107168
0.12551	0.0107924
0.125532	0.0108426
0.125555	0.0107568
0.125577	0.0107519
0.1256	0.0107713
0.125622	0.0108025
0.125645	0.0107649
0.125668	0.0108216
0.12569	0.0107855
0.125713	0.010797
0.125735	0.0107656
0.125758	0.0107696
0.12578	0.0108026
0.125803	0.0108901
0.125826	0.0108811
0.125848	0.01087
0.125871	0.0107892
0.125893	0.0108085
0.125916	0.010842
0.125938	0.010855
0.125961	0.0108907
0.125984	0.0108578
0.126006	0.0108283
0.126029	0.0108403
0.126051	0.0108496
0.126074	0.0108522
0.126097	0.0108537
0.126119	0.0108468
0.126142	0.0108595
0.126164	0.0108748
0.126187	0.0108834
0.126209	0.0109136
0.126232	0.0109032
0.126255	0.0108719
0.126277	0.010891
0.1263	0.0108897
0.126322	0.0108896
0.126345	0.0108932
0.126368	0.0108915
0.12639	0.0109073
0.126413	0.0109072
0.126435	0.0109086
0.126458	0.0109174
0.126481	0.0109595
0.126503	0.010961
0.126526	0.0109592
0.126548	0.0109528
0.126571	0.0109708
0.126594	0.0110906
0.126616	0.011152
0.126639	0.0111094
0.126662	0.0109788
0.126684	0.0109753
0.126707	0.0109838
0.126729	0.0109971
0.126752	0.0109729
0.126775	0.01099
0.126797	0.0109994
0.12682	0.0109959
0.126842	0.0109968
0.126865	0.011005
0.126888	0.0110071
0.12691	0.0110288
0.126933	0.0110327
0.126956	0.0110373
0.126978	0.0110549
0.127001	0.011057
0.127023	0.0111133
0.127046	0.0112069
0.127069	0.0112441
0.127091	0.0111418
0.127114	0.0112234
0.127137	0.0112993
0.127159	0.0111588
0.127182	0.0111031
0.127205	0.011086
0.127227	0.0110689
0.12725	0.0111142
0.127272	0.0110949
0.127295	0.0111966
0.127318	0.0111745
0.12734	0.0111667
0.127363	0.0111869
0.127386	0.0111054
0.127408	0.0111285
0.127431	0.011212
0.127453	0.0113135
0.127476	0.0112473
0.127499	0.0111617
0.127521	0.0111645
0.127544	0.0111901
0.127567	0.0112248
0.127589	0.0112823
0.127612	0.011315
0.127634	0.0111785
0.127657	0.0111898
0.12768	0.0112081
0.127702	0.0112602
0.127725	0.0113406
0.127748	0.0112417
0.12777	0.0112514
0.127793	0.0112657
0.127815	0.0112057
0.127838	0.0111898
0.127861	0.011198
0.127883	0.0112018
0.127906	0.011196
0.127928	0.011186
0.127951	0.0111929
0.127974	0.0111823
0.127996	0.0111917
0.128019	0.0112024
0.128041	0.0112202
0.128064	0.0112239
0.128087	0.0112154
0.128109	0.0112103
0.128132	0.0111738
0.128154	0.0111992
0.128177	0.0111893
0.128199	0.0112068
0.128222	0.0112206
0.128245	0.0112617
0.128267	0.01126
0.12829	0.011216
0.128312	0.0112144
0.128335	0.0112218
0.128358	0.011251
0.12838	0.0113528
0.128403	0.0114174
0.128425	0.0113668
0.128448	0.0112417
0.12847	0.0112279
0.128493	0.0112539
0.128516	0.01126
0.128538	0.0112568
0.128561	0.0112695
0.128583	0.0112715
0.128606	0.0112759
0.128628	0.0112588
0.128651	0.0112434
0.128673	0.0112398
0.128696	0.0112591
0.128719	0.0112683
0.128741	0.0113367
0.128764	0.0113108
0.128786	0.0114145
0.128809	0.0113175
0.128831	0.0113038
0.128854	0.0113533
0.128876	0.0113197
0.128899	0.0113428
0.128921	0.0113857
0.128944	0.0113057
0.128967	0.0113305
0.128989	0.0112951
0.129012	0.011364
0.129034	0.0113829
0.129057	0.0112938
0.129079	0.0112952
0.129102	0.0112445
0.129124	0.0112591
0.129147	0.0112671
0.129169	0.0113335
0.129192	0.0113824
0.129214	0.0113503
0.129237	0.0113666
0.129259	0.011272
0.129282	0.0112784
0.129305	0.0112912
0.129327	0.0113334
0.12935	0.011355
0.129372	0.0113787
0.129395	0.0114393
0.129417	0.0113333
0.12944	0.0113387
0.129462	0.0113255
0.129485	0.0114207
0.129507	0.0114977
0.12953	0.0112935
0.129552	0.0113538
0.129575	0.0113733
0.129597	0.0112637
0.12962	0.0112506
0.129642	0.0112648
0.129665	0.0112539
0.129687	0.011272
0.12971	0.0112784
0.129732	0.0112657
0.129755	0.0112813
0.129777	0.0112795
0.1298	0.0112924
0.129822	0.0113005
0.129845	0.0112791
0.129867	0.0112754
0.12989	0.0112793
0.129912	0.0112838
0.129935	0.0113066
0.129957	0.0113014
0.12998	0.0112918
0.130002	0.0112952
0.130025	0.0113544
0.130047	0.0113719
0.13007	0.011322
0.130092	0.0113295
0.130114	0.0113195
0.130137	0.0113359
0.130159	0.0113609
0.130182	0.0114405
0.130204	0.0115854
0.130227	0.0114391
0.130249	0.0113457
0.130272	0.011335
0.130294	0.0113371
0.130317	0.0113718
0.130339	0.0114114
0.130362	0.0113882
0.130384	0.0113867
0.130407	0.0113927
0.130429	0.0114123
0.130452	0.011396
0.130474	0.011383
0.130496	0.0113712
0.130519	0.0114106
0.130541	0.0114094
0.130564	0.0114292
0.130586	0.0114622
0.130609	0.0114208
0.130631	0.011474
0.130654	0.0113835
0.130676	0.0114205
0.130699	0.0114716
0.130721	0.0114915
0.130743	0.0113898
0.130766	0.0114027
0.130788	0.0113542
0.130811	0.0113431
0.130833	0.0113379
0.130856	0.0113459
0.130878	0.0113518
0.130901	0.0113544
0.130923	0.0114089
0.130945	0.0113627
0.130968	0.0114279
0.13099	0.0114618
0.131013	0.0113902
0.131035	0.0113891
0.131058	0.0113866
0.13108	0.0114639
0.131103	0.0114968
0.131125	0.0114491
0.131147	0.0114541
0.13117	0.0115113
0.131192	0.0115535
0.131215	0.0114959
0.131237	0.0115291
0.13126	0.0115804
0.131282	0.0116317
0.131304	0.0115421
0.131327	0.0116591
0.131349	0.0115933
0.131372	0.0115064
0.131394	0.011539
0.131417	0.0115588
0.131439	0.0115637
0.131461	0.0115687
0.131484	0.0115591
0.131506	0.0115664
0.131529	0.0115853
0.131551	0.0116178
0.131573	0.0115849
0.131596	0.0115583
0.131618	0.0115564
0.131641	0.0115562
0.131663	0.0115394
0.131686	0.0115481
0.131708	0.0115564
0.13173	0.0115599
0.131753	0.0115766
0.131775	0.0115556
0.131798	0.0115651
0.13182	0.0115659
0.131842	0.0115605
0.131865	0.0115739
0.131887	0.0115541
0.13191	0.0115633
0.131932	0.0115538
0.131954	0.011582
0.131977	0.0116037
0.131999	0.0116436
0.132022	0.0117559
0.132044	0.0117482
0.132067	0.0115762
0.132089	0.0115834
0.132111	0.0116244
0.132134	0.0116243
0.132156	0.0115861
0.132179	0.0116118
0.132201	0.0116398
0.132223	0.0117051
0.132246	0.0116972
0.132268	0.0116118
0.132291	0.0115931
0.132313	0.0116264
0.132335	0.0116149
0.132358	0.0116215
0.13238	0.0116396
0.132402	0.0116895
0.132425	0.0116911
0.132447	0.0117205
0.13247	0.01178
0.132492	0.0116644
0.132514	0.0116926
0.132537	0.0117322
0.132559	0.0118044
0.132582	0.0117952
0.132604	0.0118274
0.132626	0.0117335
0.132649	0.0117428
0.132671	0.011761
0.132694	0.0117844
0.132716	0.0118271
0.132738	0.0118567
0.132761	0.0117586
0.132783	0.0117238
0.132805	0.011751
0.132828	0.0117625
0.13285	0.0117413
0.132873	0.011746
0.132895	0.0117367
0.132917	0.0117434
0.13294	0.0117627
0.132962	0.0117586
0.132985	0.0117695
0.133007	0.0117778
0.133029	0.0118235
0.133052	0.0117793
0.133074	0.0118286
0.133096	0.0118735
0.133119	0.0118818
0.133141	0.0117805
0.133164	0.0118166
0.133186	0.0118464
0.133208	0.0117537
0.133231	0.0117485
0.133253	0.0117496
0.133275	0.0117569
0.133298	0.0117743
0.13332	0.0117826
0.133343	0.0117858
0.133365	0.0117927
0.133387	0.0117919
0.13341	0.0118286
0.133432	0.0118354
0.133454	0.0118452
0.133477	0.0118251
0.133499	0.0118017
0.133521	0.0118104
0.133544	0.0118069
0.133566	0.0118122
0.133589	0.0118565
0.133611	0.0119037
0.133633	0.011834
0.133656	0.0118546
0.133678	0.0118893
0.1337	0.0118439
0.133723	0.0118754
0.133745	0.0118577
0.133767	0.0119041
0.13379	0.0119144
0.133812	0.0118875
0.133835	0.011885
0.133857	0.0119311
0.133879	0.0120371
0.133902	0.0120523
0.133924	0.0118919
0.133946	0.0119032
0.133969	0.0118985
0.133991	0.011915
0.134013	0.0119211
0.134036	0.0119305
0.134058	0.0119327
0.134081	0.0119437
0.134103	0.0119953
0.134125	0.0119852
0.134148	0.0119501
0.13417	0.0119528
0.134192	0.011962
0.134215	0.0119626
0.134237	0.012019
0.134259	0.012055
0.134282	0.0119829
0.134304	0.0119835
0.134326	0.011955
0.134349	0.0120088
0.134371	0.0119525
0.134393	0.0119394
0.134416	0.0119726
0.134438	0.0120041
0.134461	0.0120374
0.134483	0.0119354
0.134505	0.0119549
0.134528	0.0119325
0.13455	0.0119611
0.134572	0.0119399
0.134595	0.0119574
0.134617	0.011968
0.134639	0.0119572
0.134662	0.0119845
0.134684	0.0119998
0.134706	0.0119524
0.134729	0.0119531
0.134751	0.0119478
0.134773	0.0119539
0.134796	0.0119624
0.134818	0.0119655
0.134841	0.0120163
0.134863	0.0119827
0.134885	0.0120038
0.134908	0.0119832
0.13493	0.0120029
0.134952	0.0120705
0.134975	0.0120017
0.134997	0.0120185
0.135019	0.0120068
0.135042	0.0120352
0.135064	0.0120515
0.135086	0.0120789
0.135109	0.0120765
0.135131	0.0120996
0.135153	0.0120565
0.135176	0.0120488
0.135198	0.0120446
0.13522	0.0120728
0.135243	0.0120864
0.135265	0.0121311
0.135288	0.0120612
0.13531	0.0120565
0.135332	0.0120468
0.135355	0.0120621
0.135377	0.0120718
0.135399	0.0120906
0.135422	0.0120737
0.135444	0.0120997
0.135466	0.0121006
0.135489	0.0121085
0.135511	0.0120911
0.135533	0.0120994
0.135556	0.0121306
0.135578	0.0121442
0.1356	0.01211
0.135623	0.0121344
0.135645	0.0121559
0.135667	0.0121835
0.13569	0.0121126
0.135712	0.0121229
0.135735	0.0121363
0.135757	0.012128
0.135779	0.0121569
0.135802	0.0122068
0.135824	0.0121187
0.135846	0.0121521
0.135869	0.0121709
0.135891	0.0122203
0.135913	0.0121791
0.135936	0.0121834
0.135958	0.0122321
0.13598	0.0122438
0.136003	0.0121951
0.136025	0.0122342
0.136048	0.0122371
0.13607	0.0121906
0.136092	0.0121671
0.136115	0.0121697
0.136137	0.0121524
0.136159	0.0121704
0.136182	0.0121563
0.136204	0.0121731
0.136226	0.0121682
0.136249	0.0121974
0.136271	0.0121983
0.136293	0.0121916
0.136316	0.0121941
0.136338	0.01219
0.136361	0.0122021
0.136383	0.0122093
0.136405	0.012213
0.136428	0.0122632
0.13645	0.0122444
0.136472	0.0121576
0.136495	0.0121604
0.136517	0.0121602
0.136539	0.0121582
0.136562	0.0121472
0.136584	0.0121402
0.136607	0.0121376
0.136629	0.0121359
0.136651	0.0121504
0.136674	0.0121428
0.136696	0.012158
0.136718	0.0121486
0.136741	0.0121871
0.136763	0.0121775
0.136785	0.0121941
0.136808	0.0121804
0.13683	0.0121771
0.136853	0.0121971
0.136875	0.0122604
0.136897	0.0122072
0.13692	0.0123027
0.136942	0.0122529
0.136964	0.0123229
0.136987	0.0122533
0.137009	0.0122877
0.137032	0.0122504
0.137054	0.0122706
0.137076	0.0122265
0.137099	0.0122524
0.137121	0.012247
0.137143	0.0122774
0.137166	0.012259
0.137188	0.0122841
0.137211	0.0122286
0.137233	0.0122327
0.137255	0.0122098
0.137278	0.0122334
0.1373	0.0122136
0.137322	0.0122509
0.137345	0.0122377
0.137367	0.0122566
0.13739	0.0122352
0.137412	0.0122688
0.137434	0.0122574
0.137457	0.0122853
0.137479	0.0122885
0.137502	0.0122749
0.137524	0.0122444
0.137546	0.0122584
0.137569	0.0122619
0.137591	0.0123177
0.137613	0.0123205
0.137636	0.0122635
0.137658	0.0122617
0.137681	0.0122782
0.137703	0.0122842
0.137725	0.0122957
0.137748	0.012331
0.13777	0.0123207
0.137793	0.0122839
0.137815	0.0122832
0.137837	0.0122681
0.13786	0.0122582
0.137882	0.0122641
0.137905	0.0122452
0.137927	0.0122281
0.137949	0.0122412
0.137972	0.0122427
0.137994	0.0122494
0.138017	0.0122724
0.138039	0.0122254
0.138061	0.0122238
0.138084	0.0122286
0.138106	0.0122287
0.138129	0.0122249
0.138151	0.0122658
0.138173	0.0122949
0.138196	0.0122258
0.138218	0.0122204
0.138241	0.0122284
0.138263	0.0122443
0.138286	0.012267
0.138308	0.0123258
0.13833	0.0123136
0.138353	0.0122766
0.138375	0.0122535
0.138398	0.0122939
0.13842	0.01229
0.138442	0.0122688
0.138465	0.0122601
0.138487	0.0122967
0.13851	0.0122969
0.138532	0.01229
0.138555	0.012295
0.138577	0.0122908
0.138599	0.0123232
0.138622	0.0123077
0.138644	0.0122812
0.138667	0.0122741
0.138689	0.0122834
0.138712	0.012299
0.138734	0.0122927
0.138756	0.0122718
0.138779	0.0122885
0.138801	0.0122684
0.138824	0.0122777
0.138846	0.0122779
0.138869	0.0123134
0.138891	0.0122837
0.138913	0.0122902
0.138936	0.0123199
0.138958	0.0123415
0.138981	0.0122716
0.139003	0.0122995
0.139026	0.0123097
0.139048	0.0123038
0.139071	0.0123276
0.139093	0.0123432
0.139115	0.0123367
0.139138	0.0123463
0.13916	0.0123556
0.139183	0.0123552
0.139205	0.0123258
0.139228	0.0123136
0.13925	0.0122936
0.139273	0.0123114
0.139295	0.0122962
0.139318	0.0123206
0.13934	0.0123597
0.139362	0.0123646
0.139385	0.0123626
0.139407	0.0123456
0.13943	0.0123333
0.139452	0.012344
0.139475	0.0123331
0.139497	0.0123187
0.13952	0.0123226
0.139542	0.0123423
0.139565	0.0123348
0.139587	0.0123434
0.13961	0.0123473
0.139632	0.0123594
0.139655	0.0123831
0.139677	0.0123825
0.139699	0.012393
0.139722	0.0123821
0.139744	0.0124014
0.139767	0.0123986
0.139789	0.012396
0.139812	0.0123915
0.139834	0.0123921
0.139857	0.0123784
0.139879	0.0124077
0.139902	0.0124211
0.139924	0.0124049
0.139947	0.0123975
0.139969	0.0124163
0.139992	0.0124259
0.140014	0.012402
0.140037	0.0124253
0.140059	0.0124296
0.140082	0.0124524
0.140104	0.012441
0.140127	0.0124323
0.140149	0.0124491
0.140172	0.0124567
0.140194	0.0124618
0.140217	0.0124345
0.140239	0.0124533
0.140262	0.012465
0.140284	0.012455
0.140307	0.0124346
0.140329	0.0124289
0.140352	0.0124436
0.140374	0.0124345
0.140397	0.0124454
0.140419	0.012444
0.140442	0.0124863
0.140464	0.0124785
0.140487	0.0125096
0.140509	0.0125044
0.140532	0.0124738
0.140554	0.0124894
0.140577	0.0124894
0.140599	0.0124926
0.140621	0.0124967
0.140644	0.0125068
0.140666	0.0124895
0.140689	0.0125117
0.140711	0.0125124
0.140734	0.0125157
0.140756	0.0125178
0.140779	0.0124816
0.140801	0.0124884
0.140824	0.0124709
0.140846	0.0124862
0.140869	0.0125149
0.140891	0.0125419
0.140914	0.0124975
0.140936	0.0124999
0.140958	0.012492
0.140981	0.0124786
0.141003	0.0124799
0.141026	0.0125074
0.141048	0.0124938
0.141071	0.012513
0.141093	0.012467
0.141116	0.0124675
0.141138	0.0124681
0.14116	0.0124868
0.141183	0.0125038
0.141205	0.0124953
0.141228	0.0125016
0.14125	0.0124987
0.141273	0.0124995
0.141295	0.0125223
0.141317	0.0125353
0.14134	0.0125411
0.141362	0.0125568
0.141385	0.012579
0.141407	0.0125698
0.14143	0.012572
0.141452	0.0125923
0.141474	0.0125982
0.141497	0.0125671
0.141519	0.0125623
0.141542	0.0125527
0.141564	0.0125585
0.141586	0.012538
0.141609	0.0125416
0.141631	0.0125409
0.141654	0.0125536
0.141676	0.0125887
0.141698	0.0125999
0.141721	0.0125506
0.141743	0.0125563
0.141766	0.012581
0.141788	0.0125928
0.14181	0.0125998
0.141833	0.0125818
0.141855	0.0126016
0.141878	0.0126036
0.1419	0.0126131
0.141922	0.0126088
0.141945	0.0125942
0.141967	0.012592
0.141989	0.0125912
0.142012	0.0126005
0.142034	0.012617
0.142057	0.0125937
0.142079	0.0126228
0.142101	0.0125991
0.142124	0.0126039
0.142146	0.0125967
0.142168	0.012612
0.142191	0.0126237
0.142213	0.0126436
0.142236	0.0126265
0.142258	0.0126701
0.14228	0.0126378
0.142303	0.0126274
0.142325	0.0126328
0.142347	0.0126133
0.14237	0.0126188
0.142392	0.0126079
0.142414	0.0126168
0.142437	0.012622
0.142459	0.0126534
0.142481	0.0126914
0.142504	0.0126777
0.142526	0.0126952
0.142548	0.0127247
0.142571	0.0127556
0.142593	0.0127427
0.142615	0.0127574
0.142638	0.0127618
0.14266	0.0127728
0.142682	0.0127812
0.142705	0.0127927
0.142727	0.0128125
0.142749	0.0127861
0.142772	0.0127866
0.142794	0.0127667
0.142816	0.0127882
0.142839	0.0128141
0.142861	0.0128064
0.142883	0.0127765
0.142906	0.0128079
0.142928	0.0128259
0.14295	0.012835
0.142973	0.0128001
0.142995	0.0128197
0.143017	0.0128194
0.14304	0.012808
0.143062	0.0128124
0.143084	0.0128183
0.143106	0.0128486
0.143129	0.012868
0.143151	0.012864
0.143173	0.0128557
0.143196	0.0128499
0.143218	0.0128233
0.14324	0.0128368
0.143263	0.012839
0.143285	0.0128754
0.143307	0.0128758
0.143329	0.012902
0.143352	0.0129124
0.143374	0.0129605
0.143396	0.0129483
0.143419	0.0129506
0.143441	0.0129605
0.143463	0.0129909
0.143485	0.0129983
0.143508	0.0130603
0.14353	0.0130187
0.143552	0.0130858
0.143575	0.0130651
0.143597	0.0130736
0.143619	0.013083
0.143641	0.0131265
0.143664	0.0131176
0.143686	0.0131577
0.143708	0.0131842
0.14373	0.0131743
0.143753	0.0131743
0.143775	0.0131918
0.143797	0.0132116
0.14382	0.01325
0.143842	0.0132212
0.143864	0.0132575
0.143886	0.0132571
0.143909	0.0132537
0.143931	0.0132649
0.143953	0.0132945
0.143975	0.0133197
0.143998	0.0133631
0.14402	0.0134016
0.144042	0.0133845
0.144064	0.0134229
0.144087	0.0134069
0.144109	0.0134331
0.144131	0.0134474
0.144153	0.0134733
0.144176	0.0135421
0.144198	0.0135993
0.14422	0.0135348
0.144242	0.0135722
0.144265	0.0135549
0.144287	0.0135849
0.144309	0.0135609
0.144331	0.0135885
0.144354	0.0136029
0.144376	0.0136363
0.144398	0.0136304
0.14442	0.0136746
0.144443	0.0136548
0.144465	0.0137135
0.144487	0.0136713
0.144509	0.0137022
0.144531	0.0136813
0.144554	0.0137371
0.144576	0.0137231
0.144598	0.0137844
0.14462	0.0137439
0.144643	0.0138151
0.144665	0.0137524
0.144687	0.0138125
0.144709	0.0137968
0.144731	0.0138743
0.144754	0.0138086
0.144776	0.0138648
0.144798	0.0138456
0.14482	0.0139105
0.144843	0.0138765
0.144865	0.0139324
0.144887	0.0138981
0.144909	0.0139704
0.144931	0.0139346
0.144954	0.0140033
0.144976	0.0139714
0.144998	0.0140516
0.14502	0.0140379
0.145042	0.0141035
0.145065	0.0141124
0.145087	0.0141304
0.145109	0.014114
0.145131	0.0141489
0.145154	0.0141596
0.145176	0.0141875
0.145198	0.0141555
0.14522	0.0142474
0.145242	0.0142196
0.145265	0.0142734
0.145287	0.0142428
0.145309	0.0143498
0.145331	0.0142971
0.145353	0.0143805
0.145376	0.0143606
0.145398	0.0144293
0.14542	0.0143868
0.145442	0.0144689
0.145464	0.0144185
0.145487	0.0144438
0.145509	0.0143942
0.145531	0.0144976
0.145553	0.0145106
0.145575	0.014553
0.145597	0.0144593
0.14562	0.0145327
0.145642	0.0144477
0.145664	0.0144916
0.145686	0.0144478
0.145708	0.014502
0.145731	0.0145079
0.145753	0.0145561
0.145775	0.0144744
0.145797	0.0145095
0.145819	0.0144696
0.145842	0.0145057
0.145864	0.0145129
0.145886	0.0145557
0.145908	0.0145114
0.14593	0.0145282
0.145952	0.0145437
0.145975	0.0145866
0.145997	0.0144894
0.146019	0.0145298
0.146041	0.0144856
0.146063	0.014544
0.146086	0.014526
0.146108	0.0145559
0.14613	0.0145153
0.146152	0.0145525
0.146174	0.0145095
0.146196	0.014532
0.146219	0.0144946
0.146241	0.0144989
0.146263	0.0144936
0.146285	0.0145126
0.146307	0.0144638
0.146329	0.014488
0.146352	0.0144581
0.146374	0.0144918
0.146396	0.0144828
0.146418	0.0144777
0.14644	0.0144252
0.146462	0.0144794
0.146485	0.0144182
0.146507	0.0144083
0.146529	0.0143793
0.146551	0.0143947
0.146573	0.0143478
0.146596	0.0143479
0.146618	0.0143394
0.14664	0.0143407
0.146662	0.0143428
0.146684	0.0143125
0.146706	0.0142963
0.146729	0.0143116
0.146751	0.0142761
0.146773	0.0143251
0.146795	0.0142712
0.146817	0.0142269
0.146839	0.0141785
0.146862	0.0141075
0.146884	0.0140722
0.146906	0.0140558
0.146928	0.01402
0.14695	0.0140021
0.146972	0.0139667
0.146995	0.0139577
0.147017	0.0139104
0.147039	0.0139265
0.147061	0.0138852
0.147083	0.0138613
0.147105	0.0138108
0.147128	0.0137975
0.14715	0.013779
0.147172	0.013759
0.147194	0.0137575
0.147216	0.0137261
0.147238	0.0136734
0.147261	0.0136241
0.147283	0.0135942
0.147305	0.0135436
0.147327	0.0135169
0.147349	0.0135013
0.147371	0.0135091
0.147393	0.0135162
0.147416	0.0134243
0.147438	0.0133726
0.14746	0.0133393
0.147482	0.0133364
0.147504	0.0132767
0.147526	0.0132843
0.147549	0.0132236
0.147571	0.0131953
0.147593	0.0131803
0.147615	0.0131104
0.147637	0.0130691
0.147659	0.0130633
0.147682	0.0130347
0.147704	0.0129863
0.147726	0.0129527
0.147748	0.0129173
0.14777	0.0128779
0.147792	0.0128738
0.147815	0.0128716
0.147837	0.0128227
0.147859	0.0127709
0.147881	0.0127586
0.147903	0.0127076
0.147925	0.0126925
0.147948	0.0126557
0.14797	0.0126335
0.147992	0.0126138
0.148014	0.0126053
0.148036	0.0125829
0.148058	0.0125112
0.148081	0.0125003
0.148103	0.0124706
0.148125	0.0124387
0.148147	0.0124174
0.148169	0.01238
0.148191	0.0123747
0.148214	0.0123573
0.148236	0.0122963
0.148258	0.0122847
0.14828	0.0122791
0.148302	0.0122818
0.148324	0.0122607
0.148347	0.0122445
0.148369	0.0122182
0.148391	0.0122014
0.148413	0.0121912
0.148435	0.0121388
0.148458	0.0121357
0.14848	0.0120983
0.148502	0.0120775
0.148524	0.0120618
0.148546	0.0120581
0.148568	0.0120501
0.148591	0.0120135
0.148613	0.0119818
0.148635	0.0119661
0.148657	0.0119392
0.148679	0.011942
0.148701	0.0119194
0.148724	0.0119244
0.148746	0.0119063
0.148768	0.0119061
0.14879	0.011862
0.148812	0.011828
0.148835	0.0118031
0.148857	0.0117727
0.148879	0.0117796
0.148901	0.0117494
0.148923	0.0117164
0.148945	0.0117061
0.148968	0.0117033
0.14899	0.0117002
0.149012	0.0116941
0.149034	0.0116601
0.149056	0.0116516
0.149079	0.0116308
0.149101	0.0116193
0.149123	0.0116251
0.149145	0.0115837
0.149167	0.011595
0.149189	0.0115735
0.149212	0.0115951
0.149234	0.0115735
0.149256	0.0115253
0.149278	0.01149
0.1493	0.0114759
0.149323	0.0114506
0.149345	0.0114281
0.149367	0.0114039
0.149389	0.0114264
0.149411	0.0113965
0.149434	0.0113695
0.149456	0.0113556
0.149478	0.0113654
0.1495	0.0113556
0.149522	0.0113385
0.149545	0.011314
0.149567	0.011295
0.149589	0.0112759
0.149611	0.0112807
0.149633	0.0112601
0.149656	0.0112393
0.149678	0.0112125
0.1497	0.0111907
0.149722	0.0111828
0.149744	0.0111789
0.149767	0.0111408
0.149789	0.0111368
0.149811	0.0111232
0.149833	0.011129
0.149856	0.0111008
0.149878	0.011086
0.1499	0.0110885
0.149922	0.0111128
0.149944	0.0110767
0.149967	0.0110485
0.149989	0.0110403
0.150011	0.0110234
