0.100017	0.00108436
0.10004	0.00108523
0.100063	0.00106276
0.100086	0.00105353
0.100109	0.00106287
0.100132	0.00106108
0.100154	0.0010662
0.100177	0.00105986
0.1002	0.00106517
0.100223	0.0010638
0.100246	0.00107458
0.100269	0.0010681
0.100292	0.00107719
0.100314	0.00107102
0.100337	0.00111304
0.10036	0.00107999
0.100383	0.00108713
0.100406	0.00109947
0.100429	0.00109577
0.100451	0.00109524
0.100474	0.00110515
0.100497	0.00110048
0.10052	0.00110845
0.100543	0.00110375
0.100566	0.0011203
0.100588	0.00111704
0.100611	0.00112078
0.100634	0.00112802
0.100657	0.00112999
0.10068	0.00113438
0.100703	0.00114233
0.100725	0.00113569
0.100748	0.00114516
0.100771	0.00115445
0.100794	0.00116306
0.100817	0.00115883
0.10084	0.00117943
0.100862	0.00116145
0.100885	0.00117929
0.100908	0.00117467
0.100931	0.00118913
0.100954	0.00118475
0.100976	0.0012084
0.100999	0.0012087
0.101022	0.00120467
0.101045	0.00120948
0.101068	0.0012203
0.10109	0.00122208
0.101113	0.00121913
0.101136	0.00121892
0.101159	0.00123517
0.101182	0.00124677
0.101205	0.00128834
0.101227	0.00124854
0.10125	0.00127076
0.101273	0.00128019
0.101296	0.00128559
0.101319	0.00128784
0.101341	0.00129154
0.101364	0.00129956
0.101387	0.00130434
0.10141	0.00131434
0.101432	0.00130484
0.101455	0.00132837
0.101478	0.00132626
0.101501	0.00132752
0.101524	0.00134254
0.101546	0.00135738
0.101569	0.00136773
0.101592	0.00137234
0.101615	0.00138545
0.101638	0.00138285
0.10166	0.0014028
0.101683	0.00140447
0.101706	0.00140694
0.101729	0.00140347
0.101751	0.00142356
0.101774	0.00142454
0.101797	0.00147215
0.10182	0.00145436
0.101843	0.00146101
0.101865	0.00147456
0.101888	0.00147986
0.101911	0.00149175
0.101934	0.00148972
0.101956	0.00150988
0.101979	0.00151201
0.102002	0.0015365
0.102025	0.00153865
0.102047	0.00154193
0.10207	0.00156424
0.102093	0.00156898
0.102116	0.00157742
0.102138	0.00154451
0.102161	0.00158091
0.102184	0.00160692
0.102207	0.00161975
0.102229	0.00161898
0.102252	0.00163437
0.102275	0.00164102
0.102298	0.00164928
0.102321	0.00164856
0.102343	0.00166779
0.102366	0.00167218
0.102389	0.00169101
0.102411	0.00170529
0.102434	0.00171231
0.102457	0.00171817
0.10248	0.00172717
0.102502	0.00173834
0.102525	0.00174704
0.102548	0.00174468
0.102571	0.00176236
0.102593	0.00177438
0.102616	0.00179086
0.102639	0.00179907
0.102662	0.00179716
0.102684	0.00180246
0.102707	0.00184241
0.10273	0.00183937
0.102753	0.001844
0.102775	0.00185702
0.102798	0.00186248
0.102821	0.00187379
0.102844	0.00188168
0.102866	0.001902
0.102889	0.00189432
0.102912	0.00187792
0.102934	0.00200679
0.102957	0.00192912
0.10298	0.00193196
0.103003	0.00200033
0.103025	0.00195422
0.103048	0.00196721
0.103071	0.00197691
0.103093	0.00201901
0.103116	0.00200604
0.103139	0.00204866
0.103162	0.00202692
0.103184	0.00202148
0.103207	0.00203584
0.10323	0.00204576
0.103252	0.00205931
0.103275	0.00212886
0.103298	0.00207829
0.103321	0.0021534
0.103343	0.00210086
0.103366	0.00216556
0.103389	0.00217324
0.103411	0.00218441
0.103434	0.00220001
0.103457	0.00223149
0.10348	0.00212573
0.103502	0.0022113
0.103525	0.00215335
0.103548	0.00227749
0.10357	0.00226044
0.103593	0.0022586
0.103616	0.00226291
0.103638	0.00228698
0.103661	0.00228237
0.103684	0.00230067
0.103707	0.00230651
0.103729	0.00231581
0.103752	0.00233198
0.103775	0.00233569
0.103797	0.00233807
0.10382	0.00236437
0.103843	0.00237983
0.103865	0.00238021
0.103888	0.00239678
0.103911	0.00241727
0.103933	0.00233633
0.103956	0.00246536
0.103979	0.00242228
0.104001	0.00243248
0.104024	0.00243721
0.104047	0.00244767
0.10407	0.00245947
0.104092	0.00247042
0.104115	0.00247275
0.104138	0.00248937
0.10416	0.00250007
0.104183	0.00250343
0.104206	0.00252367
0.104228	0.00250836
0.104251	0.00252115
0.104274	0.00253921
0.104296	0.0025305
0.104319	0.00256468
0.104342	0.00258083
0.104364	0.00257787
0.104387	0.00257352
0.10441	0.00259239
0.104432	0.00259643
0.104455	0.00261914
0.104478	0.0025992
0.1045	0.0026233
0.104523	0.00264543
0.104546	0.00265152
0.104568	0.00265281
0.104591	0.0026675
0.104614	0.00267002
0.104636	0.0026708
0.104659	0.00270236
0.104682	0.00271622
0.104704	0.00270111
0.104727	0.00272481
0.10475	0.00280205
0.104772	0.00270037
0.104795	0.00274233
0.104818	0.0027654
0.10484	0.00274428
0.104863	0.00277202
0.104886	0.00278039
0.104908	0.0028231
0.104931	0.00273209
0.104954	0.00280843
0.104976	0.00279023
0.104999	0.00280045
0.105022	0.00283863
0.105044	0.00282874
0.105067	0.00283526
0.105089	0.00285042
0.105112	0.00284482
0.105135	0.00286484
0.105157	0.00286495
0.10518	0.0028905
0.105203	0.00288177
0.105225	0.00291281
0.105248	0.00289543
0.105271	0.00287766
0.105293	0.00288565
0.105316	0.00296534
0.105339	0.00292735
0.105361	0.00294136
0.105384	0.00294493
0.105407	0.00295336
0.105429	0.00295539
0.105452	0.00296619
0.105474	0.00296315
0.105497	0.00298618
0.10552	0.00298571
0.105542	0.00299653
0.105565	0.00299618
0.105588	0.00300695
0.10561	0.00301082
0.105633	0.00302501
0.105656	0.00302771
0.105678	0.00303338
0.105701	0.00307182
0.105724	0.00298178
0.105746	0.00308373
0.105769	0.00305244
0.105791	0.00307386
0.105814	0.00308313
0.105837	0.00307143
0.105859	0.00308961
0.105882	0.0030839
0.105905	0.00309887
0.105927	0.00310609
0.10595	0.00311113
0.105972	0.00311497
0.105995	0.00312498
0.106018	0.00312091
0.10604	0.00314092
0.106063	0.00313234
0.106086	0.00315504
0.106108	0.00315135
0.106131	0.00315957
0.106154	0.00316107
0.106176	0.00317444
0.106199	0.00317363
0.106221	0.00319081
0.106244	0.00318616
0.106267	0.00317974
0.106289	0.00321535
0.106312	0.00319808
0.106335	0.00320369
0.106357	0.00321476
0.10638	0.00317791
0.106402	0.00335941
0.106425	0.0032106
0.106448	0.00325453
0.10647	0.00323278
0.106493	0.00335519
0.106516	0.00321814
0.106538	0.00327159
0.106561	0.00328032
0.106583	0.00328163
0.106606	0.00327366
0.106629	0.00329337
0.106651	0.00329971
0.106674	0.00333418
0.106696	0.00326012
0.106719	0.00331174
0.106742	0.00330141
0.106764	0.00332696
0.106787	0.00332117
0.10681	0.00333303
0.106832	0.00332433
0.106855	0.00334637
0.106877	0.00333641
0.1069	0.00334968
0.106923	0.00334998
0.106945	0.00336313
0.106968	0.00333063
0.106991	0.00339748
0.107013	0.00344237
0.107036	0.00330482
0.107058	0.00334022
0.107081	0.00344597
0.107104	0.00339839
0.107126	0.003416
0.107149	0.00340181
0.107171	0.00341769
0.107194	0.00340833
0.107217	0.00342661
0.107239	0.00341369
0.107262	0.00342958
0.107285	0.0034229
0.107307	0.00344201
0.10733	0.00342861
0.107352	0.00344478
0.107375	0.00343167
0.107398	0.00346352
0.10742	0.00343556
0.107443	0.00348859
0.107465	0.00342351
0.107488	0.00355199
0.107511	0.0033885
0.107533	0.00359929
0.107556	0.00334608
0.107579	0.00372564
0.107601	0.00327232
0.107624	0.00386977
0.107646	0.00321769
0.107669	0.00399477
0.107692	0.0032032
0.107714	0.00402974
0.107737	0.00324423
0.107759	0.00404313
0.107782	0.00321561
0.107805	0.00405336
0.107827	0.00321874
0.10785	0.0040655
0.107872	0.00322191
0.107895	0.00407241
0.107918	0.00321747
0.10794	0.00407923
0.107963	0.00323282
0.107986	0.00407987
0.108008	0.00323051
0.108031	0.00408673
0.108053	0.00322529
0.108076	0.00407824
0.108099	0.00327774
0.108121	0.00404339
0.108144	0.00328361
0.108166	0.00411134
0.108189	0.00320911
0.108212	0.00417127
0.108234	0.00330601
0.108257	0.00410599
0.108279	0.00321513
0.108302	0.00412651
0.108325	0.00328364
0.108347	0.00411625
0.10837	0.00324748
0.108393	0.00413665
0.108415	0.00325149
0.108438	0.00415646
0.10846	0.00320473
0.108483	0.00414024
0.108506	0.00324513
0.108528	0.00414434
0.108551	0.00325293
0.108573	0.00413302
0.108596	0.00325751
0.108619	0.00413305
0.108641	0.00325591
0.108664	0.00413335
0.108687	0.00324556
0.108709	0.00413721
0.108732	0.00326091
0.108754	0.00413594
0.108777	0.00327634
0.1088	0.0041325
0.108822	0.00318946
0.108845	0.00417232
0.108867	0.00326911
0.10889	0.00415088
0.108913	0.00323891
0.108935	0.00413085
0.108958	0.00325912
0.10898	0.00412783
0.109003	0.00326709
0.109026	0.00412887
0.109048	0.00326271
0.109071	0.00412002
0.109094	0.0032588
0.109116	0.00411363
0.109139	0.00326635
0.109161	0.00410375
0.109184	0.00327473
0.109207	0.00409462
0.109229	0.00327608
0.109252	0.00408364
0.109275	0.00327222
0.109297	0.00407763
0.10932	0.0032566
0.109342	0.00406943
0.109365	0.00327542
0.109388	0.00405578
0.10941	0.00327432
0.109433	0.00404818
0.109455	0.00327366
0.109478	0.00403563
0.109501	0.00328918
0.109523	0.00401363
0.109546	0.00329084
0.109569	0.00400661
0.109591	0.0032893
0.109614	0.00398588
0.109636	0.00332996
0.109659	0.00398131
0.109682	0.00330139
0.109704	0.00396485
0.109727	0.00332506
0.10975	0.00395244
0.109772	0.00332529
0.109795	0.00392794
0.109817	0.00331936
0.10984	0.00389041
0.109863	0.00330518
0.109885	0.00392124
0.109908	0.00339172
0.109931	0.00386254
0.109953	0.00335132
0.109976	0.00382261
0.109998	0.00338813
0.110021	0.00378739
0.110044	0.00336508
0.110066	0.00379781
0.110089	0.00338556
0.110112	0.00374939
0.110134	0.0033965
0.110157	0.00374278
0.11018	0.00339445
0.110202	0.00374155
0.110225	0.00336515
0.110247	0.00368472
0.11027	0.00338991
0.110293	0.00362797
0.110315	0.0034246
0.110338	0.00359123
0.110361	0.00343505
0.110383	0.00356376
0.110406	0.00344627
0.110428	0.00353704
0.110451	0.00346263
0.110474	0.00349945
0.110496	0.00348254
0.110519	0.00347912
0.110542	0.00348462
0.110564	0.00350971
0.110587	0.00338528
0.11061	0.00346917
0.110632	0.00347066
0.110655	0.00345156
0.110678	0.00344726
0.1107	0.00344198
0.110723	0.00346592
0.110745	0.00343266
0.110768	0.00345702
0.110791	0.00342387
0.110813	0.00344528
0.110836	0.00345846
0.110859	0.00337221
0.110881	0.00342475
0.110904	0.0034267
0.110927	0.00341688
0.110949	0.00340567
0.110972	0.00337647
0.110995	0.00340216
0.111017	0.00338465
0.11104	0.00333152
0.111063	0.00346163
0.111085	0.00329059
0.111108	0.00336919
0.11113	0.0033561
0.111153	0.00336701
0.111176	0.00335405
0.111198	0.00335265
0.111221	0.00334114
0.111244	0.00334048
0.111266	0.00333181
0.111289	0.0033235
0.111312	0.00331923
0.111334	0.0033093
0.111357	0.00330624
0.11138	0.00328635
0.111402	0.00328229
0.111425	0.00326692
0.111448	0.0032669
0.11147	0.0032577
0.111493	0.00323242
0.111516	0.0032492
0.111538	0.00324617
0.111561	0.00321921
0.111584	0.0031756
0.111606	0.00323086
0.111629	0.00320756
0.111652	0.00320359
0.111674	0.00325331
0.111697	0.00320317
0.11172	0.0031837
0.111742	0.00309795
0.111765	0.0031644
0.111788	0.00314869
0.11181	0.00313809
0.111833	0.00313625
0.111856	0.00311536
0.111878	0.00310353
0.111901	0.0031089
0.111924	0.00309076
0.111946	0.00308889
0.111969	0.00308632
0.111992	0.00302736
0.112014	0.00306546
0.112037	0.00304774
0.11206	0.0030383
0.112082	0.00302565
0.112105	0.00300862
0.112128	0.00301422
0.11215	0.00299666
0.112173	0.00298848
0.112196	0.00298292
0.112219	0.00297735
0.112241	0.00294167
0.112264	0.00295186
0.112287	0.00294269
0.112309	0.00293499
0.112332	0.00293002
0.112355	0.00293139
0.112377	0.00281927
0.1124	0.00294541
0.112423	0.0028807
0.112445	0.00286956
0.112468	0.00286294
0.112491	0.00285556
0.112513	0.00283953
0.112536	0.00283318
0.112559	0.00281716
0.112582	0.00280926
0.112604	0.00279475
0.112627	0.00278601
0.11265	0.00277009
0.112672	0.00276497
0.112695	0.00274517
0.112718	0.00274175
0.11274	0.00273194
0.112763	0.0027249
0.112786	0.00267106
0.112809	0.00268122
0.112831	0.00266595
0.112854	0.00273869
0.112877	0.00257778
0.112899	0.00263799
0.112922	0.00262626
0.112945	0.00261231
0.112967	0.00260529
0.11299	0.00258948
0.113013	0.002574
0.113036	0.00256415
0.113058	0.00255233
0.113081	0.00254244
0.113104	0.00252457
0.113126	0.00251497
0.113149	0.00249882
0.113172	0.0024857
0.113195	0.0024814
0.113217	0.00246822
0.11324	0.0024402
0.113263	0.0024317
0.113285	0.00241475
0.113308	0.00239397
0.113331	0.002367
0.113354	0.00239306
0.113376	0.00237872
0.113399	0.00238295
0.113422	0.00232664
0.113445	0.00237979
0.113467	0.00235812
0.11349	0.0021162
0.113513	0.00210983
0.113535	0.00227379
0.113558	0.00226706
0.113581	0.00224695
0.113604	0.00211142
0.113626	0.00204715
0.113649	0.00207322
0.113672	0.00219119
0.113695	0.00203754
0.113717	0.00202801
0.11374	0.00202016
0.113763	0.00197372
0.113786	0.00196846
0.113808	0.00196919
0.113831	0.00195013
0.113854	0.00192229
0.113876	0.00195358
0.113899	0.00190421
0.113922	0.00189362
0.113945	0.00187852
0.113967	0.00186269
0.11399	0.0018459
0.114013	0.00184003
0.114036	0.00182335
0.114058	0.00181053
0.114081	0.00179445
0.114104	0.00178538
0.114126	0.00177012
0.114149	0.00176237
0.114172	0.00172427
0.114195	0.00171725
0.114217	0.00170959
0.11424	0.00170148
0.114263	0.00168322
0.114286	0.00167106
0.114308	0.00165766
0.114331	0.00164569
0.114354	0.00162666
0.114376	0.00161573
0.114399	0.00160044
0.114422	0.00158735
0.114444	0.00156759
0.114467	0.0015663
0.11449	0.00154022
0.114513	0.00154077
0.114535	0.0015154
0.114558	0.00150826
0.114581	0.00148771
0.114603	0.00145476
0.114626	0.00152455
0.114649	0.00147628
0.114671	0.00140795
0.114694	0.00140999
0.114717	0.00140683
0.11474	0.00140408
0.114762	0.00138688
0.114785	0.00137489
0.114808	0.00136157
0.11483	0.0013497
0.114853	0.00133067
0.114876	0.00132418
0.114898	0.00130513
0.114921	0.00130044
0.114944	0.00129281
0.114966	0.00126619
0.114989	0.00125387
0.115012	0.00124699
0.115034	0.00122427
0.115057	0.00119495
0.11508	0.00127376
0.115102	0.00120865
0.115125	0.00117201
0.115148	0.00119849
0.11517	0.0011666
0.115193	0.00114824
0.115216	0.00115053
0.115238	0.00114524
0.115261	0.00110929
0.115284	0.0011449
0.115306	0.00106776
0.115329	0.001093
0.115352	0.00107498
0.115374	0.00108604
0.115397	0.00104476
0.11542	0.00105009
0.115442	0.00103352
0.115465	0.001032
0.115488	0.00101435
0.11551	0.00101481
0.115533	0.00101049
0.115556	0.000982941
0.115578	0.000978612
0.115601	0.000968928
0.115624	0.000959091
0.115646	0.000967324
0.115669	0.000936095
0.115691	0.000943304
0.115714	0.000937668
0.115737	0.000926311
0.115759	0.000911935
0.115782	0.000913698
0.115805	0.000909677
0.115827	0.000903373
0.11585	0.000884387
0.115873	0.000885159
0.115895	0.000881954
0.115918	0.00087559
0.11594	0.000900825
0.115963	0.000824211
0.115986	0.000864267
0.116008	0.000849494
0.116031	0.000840763
0.116054	0.000840702
0.116076	0.000837904
0.116099	0.000833694
0.116121	0.000826633
0.116144	0.00083733
0.116167	0.000829101
0.116189	0.00082598
0.116212	0.000817754
0.116235	0.000821723
0.116257	0.00081798
0.11628	0.000820917
0.116302	0.000820191
0.116325	0.000826296
0.116348	0.000829793
0.11637	0.000835532
0.116393	0.000837481
0.116415	0.000842606
0.116438	0.000853005
0.116461	0.000810608
0.116483	0.000855248
0.116506	0.000822042
0.116528	0.000863888
0.116551	0.000837257
0.116574	0.000845487
0.116596	0.000848856
0.116619	0.000864358
0.116641	0.000860848
0.116664	0.000898006
0.116687	0.000880038
0.116709	0.000889463
0.116732	0.000892349
0.116754	0.000920373
0.116777	0.00088443
0.1168	0.000932156
0.116822	0.000922382
0.116845	0.000918824
0.116867	0.000913522
0.11689	0.000969171
0.116912	0.000944128
0.116935	0.000980614
0.116958	0.000976518
0.11698	0.000980758
0.117003	0.000982222
0.117025	0.00099308
0.117048	0.00104481
0.11707	0.00102112
0.117093	0.00102376
0.117116	0.00103907
0.117138	0.00104305
0.117161	0.00107241
0.117183	0.00107922
0.117206	0.00109513
0.117228	0.00109708
0.117251	0.00111136
0.117274	0.0011191
0.117296	0.00112894
0.117319	0.00113932
0.117341	0.00115996
0.117364	0.00117317
0.117386	0.00118126
0.117409	0.0011898
0.117432	0.00120808
0.117454	0.00120789
0.117477	0.00122835
0.117499	0.00122973
0.117522	0.00125487
0.117544	0.00125582
0.117567	0.00127379
0.117589	0.00128202
0.117612	0.00129997
0.117635	0.00130494
0.117657	0.00131746
0.11768	0.00132571
0.117702	0.0013336
0.117725	0.00133942
0.117747	0.00135761
0.11777	0.00135833
0.117792	0.00138372
0.117815	0.00138063
0.117837	0.00140192
0.11786	0.00139801
0.117883	0.00142042
0.117905	0.00142109
0.117928	0.00144092
0.11795	0.0014415
0.117973	0.00146573
0.117995	0.00147129
0.118018	0.00148508
0.11804	0.00148699
0.118063	0.00151049
0.118085	0.00150692
0.118108	0.00152494
0.11813	0.00152868
0.118153	0.00154759
0.118175	0.0015347
0.118198	0.00156499
0.118221	0.00157256
0.118243	0.00159061
0.118266	0.00159012
0.118288	0.00161149
0.118311	0.00160906
0.118333	0.0016283
0.118356	0.00162946
0.118378	0.00164438
0.118401	0.00164786
0.118423	0.00166678
0.118446	0.0016768
0.118468	0.00168949
0.118491	0.00169476
0.118513	0.00171511
0.118536	0.00170164
0.118558	0.00172029
0.118581	0.00172571
0.118603	0.00173899
0.118626	0.00174789
0.118648	0.00175399
0.118671	0.00176326
0.118693	0.00177776
0.118716	0.00179326
0.118738	0.00180004
0.118761	0.00178987
0.118783	0.00181667
0.118806	0.00182023
0.118829	0.00183064
0.118851	0.00184368
0.118874	0.00184966
0.118896	0.0018514
0.118919	0.00187389
0.118941	0.00187145
0.118964	0.0018878
0.118986	0.00189031
0.119009	0.00190085
0.119031	0.00190389
0.119054	0.00191765
0.119076	0.00191791
0.119099	0.0019354
0.119121	0.00194003
0.119144	0.00194422
0.119166	0.00195493
0.119189	0.00197094
0.119211	0.00196964
0.119234	0.00199154
0.119256	0.00198313
0.119279	0.00199746
0.119301	0.00200187
0.119324	0.00201647
0.119346	0.00201311
0.119369	0.00203406
0.119391	0.00203271
0.119414	0.00204743
0.119436	0.00204562
0.119459	0.00206415
0.119481	0.00204266
0.119504	0.00207207
0.119526	0.00207692
0.119548	0.00207052
0.119571	0.00209196
0.119593	0.00210177
0.119616	0.00210257
0.119638	0.00211709
0.119661	0.0021173
0.119683	0.00212137
0.119706	0.00213353
0.119728	0.00213695
0.119751	0.00214302
0.119773	0.00214907
0.119796	0.00215664
0.119818	0.00216252
0.119841	0.00216748
0.119863	0.00217819
0.119886	0.00217835
0.119908	0.00218941
0.119931	0.00217724
0.119953	0.00219635
0.119976	0.0022016
0.119998	0.00220966
0.120021	0.00221368
0.120043	0.00221504
0.120066	0.00222848
0.120088	0.00222923
0.120111	0.0022376
0.120133	0.00223834
0.120156	0.00223868
0.120178	0.0022459
0.120201	0.00225015
0.120223	0.00225421
0.120245	0.00226205
0.120268	0.00226796
0.12029	0.00226731
0.120313	0.00226979
0.120335	0.00228051
0.120358	0.00228429
0.12038	0.00228448
0.120403	0.00229779
0.120425	0.00230913
0.120448	0.00229974
0.12047	0.00232393
0.120493	0.00231492
0.120515	0.00231322
0.120538	0.00232141
0.12056	0.00232709
0.120583	0.00233062
0.120605	0.00233143
0.120628	0.00234479
0.12065	0.00234151
0.120673	0.00234547
0.120695	0.00235264
0.120717	0.00235036
0.12074	0.00236392
0.120762	0.00237262
0.120785	0.00236384
0.120807	0.00236928
0.12083	0.00238053
0.120852	0.00237244
0.120875	0.00238101
0.120897	0.00238046
0.12092	0.00238362
0.120942	0.0023927
0.120965	0.00239635
0.120987	0.00239553
0.12101	0.00239844
0.121032	0.00240946
0.121055	0.0024099
0.121077	0.00241598
0.1211	0.00241245
0.121122	0.00241736
0.121144	0.00241878
0.121167	0.0024237
0.121189	0.00241927
0.121212	0.00243226
0.121234	0.0024219
0.121257	0.00242809
0.121279	0.0024361
0.121302	0.00244332
0.121324	0.00243116
0.121347	0.00244359
0.121369	0.00244763
0.121392	0.00244643
0.121414	0.00245039
0.121437	0.0024547
0.121459	0.00245571
0.121482	0.00245665
0.121504	0.00245192
0.121526	0.00246046
0.121549	0.00246573
0.121571	0.0024668
0.121594	0.00245967
0.121616	0.00246742
0.121639	0.00246952
0.121661	0.00247783
0.121684	0.00247108
0.121706	0.00247173
0.121729	0.00246424
0.121751	0.00247176
0.121774	0.00247539
0.121796	0.00247523
0.121819	0.00248396
0.121841	0.00248338
0.121864	0.00248499
0.121886	0.0024836
0.121908	0.00249042
0.121931	0.00248837
0.121953	0.0024889
0.121976	0.00248461
0.121998	0.00248878
0.122021	0.00249704
0.122043	0.00248584
0.122066	0.00249425
0.122088	0.00249666
0.122111	0.00249438
0.122133	0.00248841
0.122156	0.00248903
0.122178	0.00249596
0.122201	0.00249847
0.122223	0.00250398
0.122246	0.00250616
0.122268	0.00249939
0.122291	0.00249535
0.122313	0.00250145
0.122335	0.00250783
0.122358	0.0024981
0.12238	0.00250388
0.122403	0.00250206
0.122425	0.00251283
0.122448	0.00250106
0.12247	0.00250852
0.122493	0.00250184
0.122515	0.0025109
0.122538	0.00250405
0.12256	0.00251367
0.122583	0.00250063
0.122605	0.00250841
0.122628	0.00249812
0.12265	0.00251373
0.122673	0.002505
0.122695	0.00251183
0.122718	0.00250138
0.12274	0.0025123
0.122763	0.00250157
0.122785	0.00250952
0.122808	0.00250645
0.12283	0.00251386
0.122853	0.00250248
0.122875	0.0025078
0.122897	0.00250391
0.12292	0.00250863
0.122942	0.00250381
0.122965	0.0025141
0.122987	0.00250285
0.12301	0.00250903
0.123032	0.00249663
0.123055	0.00250785
0.123077	0.00249447
0.1231	0.00250622
0.123122	0.0025006
0.123145	0.00250687
0.123167	0.00249643
0.12319	0.00250531
0.123212	0.00249441
0.123235	0.00250399
0.123257	0.00248876
0.12328	0.00249825
0.123302	0.00249235
0.123325	0.00249911
0.123347	0.00249253
0.12337	0.00250004
0.123392	0.00248562
0.123415	0.00249636
0.123437	0.0024854
0.12346	0.00249583
0.123482	0.00248574
0.123505	0.00247617
0.123527	0.00247546
0.12355	0.00249242
0.123572	0.00248256
0.123595	0.00249044
0.123617	0.00247402
0.12364	0.00248532
0.123662	0.00247116
0.123685	0.00248098
0.123707	0.00248241
0.12373	0.00246983
0.123752	0.00247753
0.123775	0.00247317
0.123797	0.00247366
0.12382	0.00247352
0.123842	0.00246902
0.123865	0.00247101
0.123887	0.00246387
0.12391	0.00246867
0.123932	0.00244833
0.123955	0.00246992
0.123977	0.00246339
0.124	0.00246901
0.124022	0.00245402
0.124045	0.00245233
0.124067	0.00244493
0.12409	0.00245956
0.124112	0.00245107
0.124135	0.00245651
0.124157	0.00244735
0.12418	0.0024565
0.124202	0.00244547
0.124225	0.00244724
0.124247	0.002445
0.12427	0.00244978
0.124292	0.00244264
0.124315	0.00244529
0.124338	0.002432
0.12436	0.00244674
0.124383	0.00243367
0.124405	0.00243941
0.124428	0.00243099
0.12445	0.00243292
0.124473	0.00242986
0.124495	0.00243261
0.124518	0.00242626
0.12454	0.00243101
0.124563	0.00242166
0.124585	0.00242514
0.124608	0.00241972
0.12463	0.00242173
0.124653	0.00241942
0.124675	0.00241553
0.124698	0.00241336
0.12472	0.00241421
0.124743	0.00240664
0.124766	0.00241592
0.124788	0.00240523
0.124811	0.0024094
0.124833	0.00239916
0.124856	0.00240943
0.124878	0.00239763
0.124901	0.00240545
0.124923	0.00239459
0.124946	0.00239802
0.124968	0.00239262
0.124991	0.00238839
0.125013	0.00238843
0.125036	0.00238667
0.125059	0.00238767
0.125081	0.00238361
0.125104	0.00238123
0.125126	0.0023815
0.125149	0.00237461
0.125171	0.00238081
0.125194	0.00237338
0.125216	0.00237926
0.125239	0.00236807
0.125261	0.00236629
0.125284	0.00235472
0.125307	0.00236098
0.125329	0.00236026
0.125352	0.00236157
0.125374	0.00236067
0.125397	0.00234889
0.125419	0.00235272
0.125442	0.00234805
0.125464	0.00234914
0.125487	0.00234745
0.12551	0.00235054
0.125532	0.00233322
0.125555	0.00233825
0.125577	0.00233969
0.1256	0.00233321
0.125622	0.00233798
0.125645	0.00233712
0.125668	0.00232663
0.12569	0.00232646
0.125713	0.00233189
0.125735	0.00231904
0.125758	0.00232484
0.12578	0.00231952
0.125803	0.00231065
0.125826	0.0023166
0.125848	0.00230525
0.125871	0.00230646
0.125893	0.00230887
0.125916	0.00230205
0.125938	0.00230027
0.125961	0.00230506
0.125984	0.00229812
0.126006	0.00229381
0.126029	0.00230295
0.126051	0.00228577
0.126074	0.00229173
0.126097	0.00228834
0.126119	0.00229081
0.126142	0.00228527
0.126164	0.00227541
0.126187	0.00228
0.126209	0.00228033
0.126232	0.00227213
0.126255	0.00227569
0.126277	0.00226611
0.1263	0.00227176
0.126322	0.0022555
0.126345	0.0022607
0.126368	0.00225619
0.12639	0.00226039
0.126413	0.00224803
0.126435	0.00225372
0.126458	0.0022464
0.126481	0.00224921
0.126503	0.00223334
0.126526	0.00223764
0.126548	0.00223544
0.126571	0.00223225
0.126594	0.00223908
0.126616	0.00221232
0.126639	0.00222118
0.126662	0.00221839
0.126684	0.0022157
0.126707	0.0022164
0.126729	0.00221158
0.126752	0.00220644
0.126775	0.00219946
0.126797	0.00219999
0.12682	0.00219733
0.126842	0.00218806
0.126865	0.00218601
0.126888	0.00218482
0.12691	0.00217595
0.126933	0.00217815
0.126956	0.00216812
0.126978	0.00216761
0.127001	0.00216562
0.127023	0.00216346
0.127046	0.00215356
0.127069	0.00213689
0.127091	0.00214259
0.127114	0.00213674
0.127137	0.00213013
0.127159	0.0021193
0.127182	0.00212291
0.127205	0.00212138
0.127227	0.00211725
0.12725	0.00211256
0.127272	0.00210632
0.127295	0.00209993
0.127318	0.00209357
0.12734	0.00208774
0.127363	0.00207839
0.127386	0.00208634
0.127408	0.00207226
0.127431	0.00206745
0.127453	0.0020588
0.127476	0.00205662
0.127499	0.00204753
0.127521	0.00204775
0.127544	0.00203295
0.127567	0.00202958
0.127589	0.00202363
0.127612	0.00201938
0.127634	0.00200507
0.127657	0.0020043
0.12768	0.00199272
0.127702	0.00199309
0.127725	0.0019845
0.127748	0.00197888
0.12777	0.00196484
0.127793	0.00197289
0.127815	0.00195478
0.127838	0.00195022
0.127861	0.0019389
0.127883	0.00194083
0.127906	0.00192316
0.127928	0.00192219
0.127951	0.00191338
0.127974	0.0019086
0.127996	0.00189471
0.128019	0.00189761
0.128041	0.00187725
0.128064	0.00187375
0.128087	0.00186381
0.128109	0.00185922
0.128132	0.00185132
0.128154	0.00184643
0.128177	0.0018325
0.128199	0.00183238
0.128222	0.00181458
0.128245	0.00181792
0.128267	0.00179781
0.12829	0.00179496
0.128312	0.00178367
0.128335	0.00178073
0.128358	0.00176866
0.12838	0.00176665
0.128403	0.00174023
0.128425	0.00174747
0.128448	0.00173625
0.12847	0.00173138
0.128493	0.00171368
0.128516	0.00171171
0.128538	0.00170238
0.128561	0.00169625
0.128583	0.00168427
0.128606	0.00167707
0.128628	0.00166387
0.128651	0.00165962
0.128673	0.00164292
0.128696	0.00163776
0.128719	0.00163505
0.128741	0.00162229
0.128764	0.00161112
0.128786	0.00160061
0.128809	0.00159449
0.128831	0.0015822
0.128854	0.0015666
0.128876	0.00156123
0.128899	0.00155299
0.128921	0.00154649
0.128944	0.00153554
0.128967	0.0015271
0.128989	0.00151239
0.129012	0.00151117
0.129034	0.00149312
0.129057	0.00148647
0.129079	0.00147572
0.129102	0.00147342
0.129124	0.00145837
0.129147	0.00145165
0.129169	0.00143412
0.129192	0.00143084
0.129214	0.00141753
0.129237	0.00140216
0.129259	0.00139602
0.129282	0.00138771
0.129305	0.00137472
0.129327	0.00136999
0.12935	0.00135764
0.129372	0.00135121
0.129395	0.00133995
0.129417	0.00133291
0.12944	0.00131049
0.129462	0.00131003
0.129485	0.00129228
0.129507	0.0012907
0.12953	0.00127647
0.129552	0.00126525
0.129575	0.00125833
0.129597	0.00125209
0.12962	0.0012375
0.129642	0.00123046
0.129665	0.00121605
0.129687	0.00121654
0.12971	0.00120246
0.129732	0.0011996
0.129755	0.00118594
0.129777	0.00117225
0.1298	0.00115833
0.129822	0.00115469
0.129845	0.0011393
0.129867	0.0011315
0.12989	0.00112143
0.129912	0.00111399
0.129935	0.00110298
0.129957	0.00110756
0.12998	0.00109479
0.130002	0.00109038
0.130025	0.00107687
0.130047	0.0010652
0.13007	0.00105562
0.130092	0.00105437
0.130114	0.00104302
0.130137	0.00103422
0.130159	0.00102485
0.130182	0.00102259
0.130204	0.000996495
0.130227	0.00100574
0.130249	0.000987355
0.130272	0.000991589
0.130294	0.000969612
0.130317	0.000975794
0.130339	0.000949984
0.130362	0.000953905
0.130384	0.000940097
0.130407	0.000942762
0.130429	0.000921609
0.130452	0.000924907
0.130474	0.000905419
0.130496	0.000912446
0.130519	0.000888915
0.130541	0.00089317
0.130564	0.000872004
0.130586	0.000876335
0.130609	0.000857306
0.130631	0.000866218
0.130654	0.000840506
0.130676	0.000851606
0.130699	0.000832694
0.130721	0.000843183
0.130743	0.000817464
0.130766	0.00082926
0.130788	0.000803649
0.130811	0.000818357
0.130833	0.000792944
0.130856	0.000808144
0.130878	0.000784325
0.130901	0.000798995
0.130923	0.000770675
0.130945	0.0007848
0.130968	0.000760925
0.13099	0.000774271
0.131013	0.000757472
0.131035	0.00077364
0.131058	0.000754955
0.13108	0.000768439
0.131103	0.000749107
0.131125	0.000766093
0.131147	0.000750893
0.13117	0.000764096
0.131192	0.000742895
0.131215	0.000757774
0.131237	0.000744002
0.13126	0.000758751
0.131282	0.000742979
0.131304	0.000757513
0.131327	0.000744844
0.131349	0.000753964
0.131372	0.000748923
0.131394	0.000757089
0.131417	0.000751221
0.131439	0.000768099
0.131461	0.000755926
0.131484	0.000764859
0.131506	0.000758056
0.131529	0.000778185
0.131551	0.000760735
0.131573	0.000784358
0.131596	0.000763487
0.131618	0.000778704
0.131641	0.000771934
0.131663	0.000788131
0.131686	0.000780029
0.131708	0.000800516
0.13173	0.000786015
0.131753	0.000805603
0.131775	0.000793009
0.131798	0.000809201
0.13182	0.00079897
0.131842	0.000813433
0.131865	0.000813695
0.131887	0.000828917
0.13191	0.000821332
0.131932	0.000829003
0.131954	0.000831072
0.131977	0.000845849
0.131999	0.000841412
0.132022	0.000848888
0.132044	0.000854031
0.132067	0.000865226
0.132089	0.000862402
0.132111	0.000876726
0.132134	0.000878159
0.132156	0.000884633
0.132179	0.000895499
0.132201	0.000899594
0.132223	0.000904721
0.132246	0.000907591
0.132268	0.000921706
0.132291	0.000916147
0.132313	0.000940202
0.132335	0.000931199
0.132358	0.000953626
0.13238	0.000949572
0.132402	0.000962903
0.132425	0.000952869
0.132447	0.000982195
0.13247	0.00096412
0.132492	0.000988243
0.132514	0.000991735
0.132537	0.000993585
0.132559	0.000999337
0.132582	0.00101076
0.132604	0.00102774
0.132626	0.00102105
0.132649	0.00103805
0.132671	0.00103472
0.132694	0.00106098
0.132716	0.00104073
0.132738	0.00107351
0.132761	0.00105815
0.132783	0.0010871
0.132805	0.00107097
0.132828	0.00109278
0.13285	0.00108407
0.132873	0.0011067
0.132895	0.00109514
0.132917	0.00111707
0.13294	0.0011257
0.132962	0.00112367
0.132985	0.00113364
0.133007	0.00113416
0.133029	0.00115296
0.133052	0.0011395
0.133074	0.00116651
0.133096	0.00115412
0.133119	0.00118097
0.133141	0.00116457
0.133164	0.00119218
0.133186	0.00117618
0.133208	0.00120382
0.133231	0.00118065
0.133253	0.00122322
0.133275	0.00119196
0.133298	0.00123645
0.13332	0.0012004
0.133343	0.00123528
0.133365	0.00121733
0.133387	0.00125716
0.13341	0.00123607
0.133432	0.00125483
0.133454	0.00124338
0.133477	0.00126661
0.133499	0.00125889
0.133521	0.00128231
0.133544	0.00127257
0.133566	0.00128484
0.133589	0.00128284
0.133611	0.00129245
0.133633	0.00129305
0.133656	0.00130243
0.133678	0.00130746
0.1337	0.00131343
0.133723	0.00131339
0.133745	0.0013194
0.133767	0.00132053
0.13379	0.00133267
0.133812	0.00133142
0.133835	0.0013383
0.133857	0.00134038
0.133879	0.00134908
0.133902	0.00134545
0.133924	0.00135786
0.133946	0.00136707
0.133969	0.00136441
0.133991	0.00137139
0.134013	0.00137208
0.134036	0.00137641
0.134058	0.00137684
0.134081	0.00139013
0.134103	0.00137903
0.134125	0.00140003
0.134148	0.0013852
0.13417	0.00140181
0.134192	0.00138877
0.134215	0.00141267
0.134237	0.00140128
0.134259	0.00141849
0.134282	0.0014074
0.134304	0.00143559
0.134326	0.00141463
0.134349	0.00143385
0.134371	0.00141759
0.134393	0.00144512
0.134416	0.0014233
0.134438	0.00144789
0.134461	0.00142939
0.134483	0.001455
0.134505	0.00143806
0.134528	0.00146435
0.13455	0.00144051
0.134572	0.00146309
0.134595	0.00144855
0.134617	0.00146779
0.134639	0.00144794
0.134662	0.00147829
0.134684	0.00146312
0.134706	0.00148133
0.134729	0.00146834
0.134751	0.00148998
0.134773	0.00147212
0.134796	0.00149424
0.134818	0.00147843
0.134841	0.00150379
0.134863	0.00147636
0.134885	0.00150237
0.134908	0.00148729
0.13493	0.00150691
0.134952	0.00149103
0.134975	0.00150965
0.134997	0.00148654
0.135019	0.00151762
0.135042	0.00149363
0.135064	0.00152102
0.135086	0.00149452
0.135109	0.00151732
0.135131	0.00150343
0.135153	0.00151809
0.135176	0.00150552
0.135198	0.00151621
0.13522	0.00151466
0.135243	0.00152299
0.135265	0.00151359
0.135288	0.00152618
0.13531	0.00152079
0.135332	0.00152749
0.135355	0.00152181
0.135377	0.00152818
0.135399	0.001528
0.135422	0.00153513
0.135444	0.00153289
0.135466	0.0015369
0.135489	0.0015372
0.135511	0.00153762
0.135533	0.00154073
0.135556	0.00154509
0.135578	0.00154134
0.1356	0.00154853
0.135623	0.00154854
0.135645	0.00154806
0.135667	0.00155281
0.13569	0.00155244
0.135712	0.00155642
0.135735	0.00156118
0.135757	0.00155446
0.135779	0.00155543
0.135802	0.00155496
0.135824	0.00156376
0.135846	0.00155613
0.135869	0.00156427
0.135891	0.00155735
0.135913	0.00156848
0.135936	0.00155273
0.135958	0.00157103
0.13598	0.001563
0.136003	0.00157366
0.136025	0.00156155
0.136048	0.00157693
0.13607	0.00155901
0.136092	0.00157422
0.136115	0.0015646
0.136137	0.0015827
0.136159	0.00156255
0.136182	0.00157963
0.136204	0.00156165
0.136226	0.00159343
0.136249	0.00156621
0.136271	0.00158877
0.136293	0.00156256
0.136316	0.00159115
0.136338	0.00156464
0.136361	0.00158477
0.136383	0.00157335
0.136405	0.00158761
0.136428	0.00157088
0.13645	0.00158567
0.136472	0.00157177
0.136495	0.00158479
0.136517	0.00157066
0.136539	0.00158835
0.136562	0.00157511
0.136584	0.00158783
0.136607	0.00156702
0.136629	0.00158976
0.136651	0.00156805
0.136674	0.00159961
0.136696	0.00156392
0.136718	0.00160824
0.136741	0.00155759
0.136763	0.0016271
0.136785	0.00153859
0.136808	0.00165351
0.13683	0.001535
0.136853	0.00171831
0.136875	0.00152045
0.136897	0.00180202
0.13692	0.00153268
0.136942	0.0018255
0.136964	0.00154548
0.136987	0.00182668
0.137009	0.00154531
0.137032	0.00181768
0.137054	0.00154237
0.137076	0.00181343
0.137099	0.0015316
0.137121	0.0018067
0.137143	0.00153505
0.137166	0.00179619
0.137188	0.00153446
0.137211	0.0017864
0.137233	0.00153431
0.137255	0.00178065
0.137278	0.0015327
0.1373	0.00176349
0.137322	0.00153728
0.137345	0.00175432
0.137367	0.00153538
0.13739	0.00172657
0.137412	0.00153652
0.137434	0.00171689
0.137457	0.00153735
0.137479	0.00170249
0.137502	0.00153572
0.137524	0.00169208
0.137546	0.0015399
0.137569	0.00167673
0.137591	0.00154838
0.137613	0.00166045
0.137636	0.00155232
0.137658	0.00164463
0.137681	0.00155789
0.137703	0.00163145
0.137725	0.00156914
0.137748	0.00161802
0.13777	0.00157567
0.137793	0.00161442
0.137815	0.00158178
0.137837	0.00159668
0.13786	0.00159439
0.137882	0.00158887
0.137905	0.00159642
0.137927	0.00158881
0.137949	0.00159808
0.137972	0.00158444
0.137994	0.00159706
0.138017	0.00158501
0.138039	0.00159366
0.138061	0.00158973
0.138084	0.00159661
0.138106	0.00158672
0.138129	0.00159502
0.138151	0.0015853
0.138173	0.00159162
0.138196	0.0015929
0.138218	0.00159593
0.138241	0.00158665
0.138263	0.00159178
0.138286	0.00159513
0.138308	0.00158537
0.13833	0.00159884
0.138353	0.00159854
0.138375	0.00158767
0.138398	0.00159231
0.13842	0.00160102
0.138442	0.00159465
0.138465	0.00159623
0.138487	0.00159764
0.13851	0.00160958
0.138532	0.00159773
0.138555	0.00160038
0.138577	0.0015995
0.138599	0.00159843
0.138622	0.00160344
0.138644	0.0015956
0.138667	0.00160927
0.138689	0.00159612
0.138712	0.00160386
0.138734	0.001599
0.138756	0.00161485
0.138779	0.00159815
0.138801	0.00161356
0.138824	0.0015914
0.138846	0.00161669
0.138869	0.00159263
0.138891	0.00162885
0.138913	0.00158762
0.138936	0.00162488
0.138958	0.00158604
0.138981	0.00162834
0.139003	0.0015838
0.139026	0.00163333
0.139048	0.00158981
0.139071	0.00163631
0.139093	0.00158768
0.139115	0.00163406
0.139138	0.0015921
0.13916	0.0016322
0.139183	0.00158987
0.139205	0.00163747
0.139228	0.00158644
0.13925	0.00163663
0.139273	0.00159613
0.139295	0.00163233
0.139318	0.0015964
0.13934	0.00163352
0.139362	0.00160551
0.139385	0.00162504
0.139407	0.00160944
0.13943	0.00162812
0.139452	0.00160854
0.139475	0.00163316
0.139497	0.00161413
0.13952	0.00162195
0.139542	0.00161644
0.139565	0.00162032
0.139587	0.00162514
0.13961	0.0016181
0.139632	0.00162313
0.139655	0.00161897
0.139677	0.00162684
0.139699	0.00161645
0.139722	0.00163442
0.139744	0.00161954
0.139767	0.00163313
0.139789	0.00161914
0.139812	0.00163935
0.139834	0.00161484
0.139857	0.00164001
0.139879	0.00161471
0.139902	0.00164348
0.139924	0.00161895
0.139947	0.00164553
0.139969	0.00161378
0.139992	0.00164358
0.140014	0.00161607
0.140037	0.00165158
0.140059	0.00160383
0.140082	0.00167636
0.140104	0.00160812
0.140127	0.00165751
0.140149	0.00161488
0.140172	0.00165755
0.140194	0.00160729
0.140217	0.0016613
0.140239	0.00160794
0.140262	0.00167367
0.140284	0.00160429
0.140307	0.00166468
0.140329	0.00160576
0.140352	0.0016652
0.140374	0.00160004
0.140397	0.0016713
0.140419	0.00161152
0.140442	0.00167821
0.140464	0.00161669
0.140487	0.00166781
0.140509	0.00162048
0.140532	0.0016637
0.140554	0.00163028
0.140577	0.00165678
0.140599	0.00162459
0.140621	0.00165845
0.140644	0.00162265
0.140666	0.00165523
0.140689	0.00162375
0.140711	0.00165444
0.140734	0.00162311
0.140756	0.00165295
0.140779	0.00162264
0.140801	0.00164377
0.140824	0.00162529
0.140846	0.0016411
0.140869	0.00162611
0.140891	0.00164361
0.140914	0.00162753
0.140936	0.00164085
0.140958	0.00162261
0.140981	0.00163765
0.141003	0.00162228
0.141026	0.00162954
0.141048	0.00161847
0.141071	0.00166987
0.141093	0.00161721
0.141116	0.00163159
0.141138	0.00161834
0.14116	0.0016304
0.141183	0.00161652
0.141205	0.00162013
0.141228	0.00160175
0.14125	0.0016236
0.141273	0.00159963
0.141295	0.00162781
0.141317	0.00158903
0.14134	0.00163396
0.141362	0.00158215
0.141385	0.0016313
0.141407	0.0015846
0.14143	0.00162519
0.141452	0.00158254
0.141474	0.0016343
0.141497	0.00157468
0.141519	0.00161379
0.141542	0.00157424
0.141564	0.00160744
0.141586	0.00157259
0.141609	0.00160598
0.141631	0.00157437
0.141654	0.00158988
0.141676	0.00155597
0.141698	0.00159122
0.141721	0.00155156
0.141743	0.00158731
0.141766	0.00155372
0.141788	0.00158072
0.14181	0.00155048
0.141833	0.00157467
0.141855	0.00153282
0.141878	0.0015778
0.1419	0.00152293
0.141922	0.00156954
0.141945	0.00152097
0.141967	0.00157113
0.141989	0.00151556
0.142012	0.00156343
0.142034	0.00151262
0.142057	0.00155119
0.142079	0.00149693
0.142101	0.00153864
0.142124	0.00149136
0.142146	0.00153344
0.142168	0.00148214
0.142191	0.0015258
0.142213	0.00147693
0.142236	0.00151546
0.142258	0.00149446
0.14228	0.00150738
0.142303	0.00146364
0.142325	0.00149966
0.142347	0.00145452
0.14237	0.00149348
0.142392	0.00145212
0.142414	0.00148636
0.142437	0.00144546
0.142459	0.00147005
0.142481	0.00124282
0.142504	0.00125188
0.142526	0.00122186
0.142548	0.00124237
0.142571	0.00121994
0.142593	0.00122829
0.142615	0.00121377
0.142638	0.00121933
0.14266	0.00120322
0.142682	0.00121411
0.142705	0.00118893
0.142727	0.00120015
0.142749	0.00118162
0.142772	0.00119469
0.142794	0.00117121
0.142816	0.00118062
0.142839	0.00116384
0.142861	0.00116759
0.142883	0.00115196
0.142906	0.00116127
0.142928	0.00114483
0.14295	0.00116121
0.142973	0.00112862
0.142995	0.00113229
0.143017	0.00111693
0.14304	0.00112466
0.143062	0.00109904
0.143084	0.00111171
0.143106	0.00108981
0.143129	0.00111393
0.143151	0.00107437
0.143173	0.00109503
0.143196	0.0010624
0.143218	0.00108078
0.14324	0.0010545
0.143263	0.00106747
0.143285	0.00104228
0.143307	0.00106338
0.143329	0.00102903
0.143352	0.00104867
0.143374	0.00101574
0.143396	0.00104298
0.143419	0.00100182
0.143441	0.00102684
0.143463	0.000983748
0.143485	0.00101589
0.143508	0.00097965
0.14353	0.00100609
0.143552	0.000981835
0.143575	0.000992687
0.143597	0.000958885
0.143619	0.000978632
0.143641	0.000955152
0.143664	0.000968766
0.143686	0.000942426
0.143708	0.000967467
0.14373	0.000927238
0.143753	0.000949054
0.143775	0.000921144
0.143797	0.000934045
0.14382	0.000913612
0.143842	0.000931383
0.143864	0.000909736
0.143886	0.000928038
0.143909	0.000897486
0.143931	0.00089512
0.143953	0.000890146
0.143975	0.00089001
0.143998	0.00089017
0.14402	0.000883627
0.144042	0.000874403
0.144064	0.000876544
0.144087	0.000866922
0.144109	0.000889223
0.144131	0.000858994
0.144153	0.000847944
0.144176	0.000878909
0.144198	0.000892556
0.14422	0.000889356
0.144242	0.000846779
0.144265	0.00088674
0.144287	0.000843272
0.144309	0.000879
0.144331	0.000831721
0.144354	0.000879812
0.144376	0.000822011
0.144398	0.00086743
0.14442	0.000815637
0.144443	0.000859087
0.144465	0.00080196
0.144487	0.000864745
0.144509	0.000799193
0.144531	0.000850227
0.144554	0.000787874
0.144576	0.000848887
0.144598	0.000782542
0.14462	0.000841651
0.144643	0.000773464
0.144665	0.000832573
0.144687	0.000775448
0.144709	0.000837614
0.144731	0.000771897
0.144754	0.0008279
0.144776	0.000762775
0.144798	0.000826285
0.14482	0.000763168
0.144843	0.000824515
0.144865	0.000760165
0.144887	0.000817962
0.144909	0.000757043
0.144931	0.000818099
0.144954	0.000760369
0.144976	0.000823455
0.144998	0.000765813
0.14502	0.000831749
0.145042	0.000761121
0.145065	0.000842218
0.145087	0.000778299
0.145109	0.000869726
0.145131	0.000770459
0.145154	0.000854509
0.145176	0.000778392
0.145198	0.000843636
0.14522	0.000779873
0.145242	0.000881303
0.145265	0.000791167
0.145287	0.000858205
0.145309	0.000803044
0.145331	0.000856362
0.145353	0.000815094
0.145376	0.000869147
0.145398	0.000815599
0.14542	0.000866279
0.145442	0.000834683
0.145464	0.000877389
0.145487	0.000844031
0.145509	0.000890458
0.145531	0.000844154
0.145553	0.000913545
0.145575	0.000860247
0.145597	0.000906946
0.14562	0.000868359
0.145642	0.000908388
0.145664	0.000878407
0.145686	0.000926418
0.145708	0.00088188
0.145731	0.000936106
0.145753	0.000939963
0.145775	0.000943005
0.145797	0.000924218
0.145819	0.000948601
0.145842	0.00092373
0.145864	0.000964808
0.145886	0.000939198
0.145908	0.000997273
0.14593	0.00095215
0.145952	0.00101619
0.145975	0.000973511
0.145997	0.00103511
0.146019	0.000997232
0.146041	0.0010247
0.146063	0.000987466
0.146086	0.00104423
0.146108	0.00099993
0.14613	0.00105571
0.146152	0.00100985
0.146174	0.00106454
0.146196	0.00102854
0.146219	0.00108171
0.146241	0.00104046
0.146263	0.00109743
0.146285	0.00105656
0.146307	0.00110266
0.146329	0.00106975
0.146352	0.00111815
0.146374	0.00109792
0.146396	0.00112058
0.146418	0.0010961
0.14644	0.00113664
0.146462	0.00110895
0.146485	0.00114745
0.146507	0.00112665
0.146529	0.00116671
0.146551	0.00115407
0.146573	0.00116983
0.146596	0.00116059
0.146618	0.00117862
0.14664	0.00117121
0.146662	0.00120106
0.146684	0.00118477
0.146706	0.00120265
0.146729	0.00121349
0.146751	0.00121745
0.146773	0.00121253
0.146795	0.00127065
0.146817	0.00126756
0.146839	0.00126758
0.146862	0.00123667
0.146884	0.00126342
0.146906	0.00125202
0.146928	0.00127875
0.14695	0.00128555
0.146972	0.00128672
0.146995	0.00130242
0.147017	0.0013065
0.147039	0.00128215
0.147061	0.00135132
0.147083	0.0013261
0.147105	0.00135411
0.147128	0.00135103
0.14715	0.00137411
0.147172	0.00136118
0.147194	0.00137369
0.147216	0.00138039
0.147238	0.0013876
0.147261	0.0013867
0.147283	0.00141609
0.147305	0.0013851
0.147327	0.00141721
0.147349	0.00141097
0.147371	0.00138516
0.147393	0.00148339
0.147416	0.00144448
0.147438	0.0014448
0.14746	0.00145794
0.147482	0.00145435
0.147504	0.00146234
0.147526	0.00147925
0.147549	0.00148539
0.147571	0.00149793
0.147593	0.00150509
0.147615	0.00148598
0.147637	0.00149725
0.147659	0.001496
0.147682	0.00150253
0.147704	0.00152745
0.147726	0.00152658
0.147748	0.00152506
0.14777	0.0015416
0.147792	0.00154606
0.147815	0.00154521
0.147837	0.00155226
0.147859	0.00154614
0.147881	0.00155467
0.147903	0.00157114
0.147925	0.00156307
0.147948	0.00156983
0.14797	0.00160263
0.147992	0.00158569
0.148014	0.001598
0.148036	0.00160778
0.148058	0.00183461
0.148081	0.00183908
0.148103	0.00183841
0.148125	0.00184326
0.148147	0.0018491
0.148169	0.00186055
0.148191	0.00184202
0.148214	0.00190087
0.148236	0.00187586
0.148258	0.00188063
0.14828	0.00188365
0.148302	0.00189473
0.148324	0.00189944
0.148347	0.00190695
0.148369	0.00190753
0.148391	0.00191179
0.148413	0.00191647
0.148435	0.00192634
0.148458	0.00193297
0.14848	0.0019319
0.148502	0.00193891
0.148524	0.00194345
0.148546	0.00194343
0.148568	0.00195043
0.148591	0.0019556
0.148613	0.00196464
0.148635	0.00196704
0.148657	0.00197187
0.148679	0.00197675
0.148701	0.001984
0.148724	0.00200985
0.148746	0.00198008
0.148768	0.00198159
0.14879	0.00200064
0.148812	0.00200334
0.148835	0.00201083
0.148857	0.00200942
0.148879	0.00201854
0.148901	0.00201829
0.148923	0.00202318
0.148945	0.00202114
0.148968	0.00202913
0.14899	0.00203172
0.149012	0.0020376
0.149034	0.00202655
0.149056	0.00206342
0.149079	0.00205136
0.149101	0.00205832
0.149123	0.00206083
0.149145	0.00206698
0.149167	0.00207338
0.149189	0.00207686
0.149212	0.00211644
0.149234	0.00205703
0.149256	0.00207452
0.149278	0.00208517
0.1493	0.00207648
0.149323	0.00211595
0.149345	0.00210566
0.149367	0.00210984
0.149389	0.00208899
0.149411	0.00211782
0.149434	0.00210841
0.149456	0.00211263
0.149478	0.00211729
0.1495	0.00211225
0.149522	0.00211984
0.149545	0.00213768
0.149567	0.00212626
0.149589	0.00213321
0.149611	0.00213195
0.149633	0.00214648
0.149656	0.00214321
0.149678	0.00214954
0.1497	0.00214387
0.149722	0.00216285
0.149744	0.00215189
0.149767	0.00216466
0.149789	0.00215647
0.149811	0.00216583
0.149833	0.00216109
0.149856	0.00216864
0.149878	0.00216907
0.1499	0.00216157
0.149922	0.0021965
0.149944	0.0021799
0.149967	0.00218605
0.149989	0.00218912
0.150011	0.00219083
