0.100017	0.00463785
0.10004	0.00478656
0.100063	0.00478141
0.100086	0.00480089
0.100109	0.00481697
0.100132	0.00478935
0.100154	0.00482694
0.100177	0.00482442
0.1002	0.004841
0.100223	0.00483098
0.100246	0.00485202
0.100269	0.00484719
0.100292	0.00486816
0.100314	0.00488796
0.100337	0.00470129
0.10036	0.00485651
0.100383	0.00486885
0.100406	0.00478209
0.100429	0.00487792
0.100451	0.00487546
0.100474	0.00485779
0.100497	0.00488973
0.10052	0.00492431
0.100543	0.00491654
0.100566	0.00491699
0.100588	0.00491842
0.100611	0.00493431
0.100634	0.00493341
0.100657	0.00494099
0.10068	0.00495385
0.100703	0.00496084
0.100725	0.00495558
0.100748	0.00496168
0.100771	0.00497134
0.100794	0.00497765
0.100817	0.00497171
0.10084	0.00493957
0.100862	0.00495533
0.100885	0.00499285
0.100908	0.00501615
0.100931	0.00502344
0.100954	0.00502376
0.100976	0.00492073
0.100999	0.00506059
0.101022	0.0050445
0.101045	0.00503606
0.101068	0.00505558
0.10109	0.00507503
0.101113	0.00501709
0.101136	0.00497847
0.101159	0.00503223
0.101182	0.00490884
0.101205	0.00519117
0.101227	0.00500256
0.10125	0.00522824
0.101273	0.00504259
0.101296	0.00520872
0.101319	0.00512083
0.101341	0.00510914
0.101364	0.00514371
0.101387	0.0051485
0.10141	0.00515944
0.101432	0.00510179
0.101455	0.00514191
0.101478	0.00516544
0.101501	0.00515533
0.101524	0.00516909
0.101546	0.00515766
0.101569	0.00518945
0.101592	0.0052061
0.101615	0.00519609
0.101638	0.00520666
0.10166	0.00521484
0.101683	0.00522481
0.101706	0.00522611
0.101729	0.00515738
0.101751	0.00523095
0.101774	0.0052571
0.101797	0.00522681
0.10182	0.00525295
0.101843	0.00525373
0.101865	0.0052731
0.101888	0.00526904
0.101911	0.0052801
0.101934	0.00526637
0.101956	0.00529257
0.101979	0.00528622
0.102002	0.00532003
0.102025	0.00531277
0.102047	0.00532465
0.10207	0.00532636
0.102093	0.00535187
0.102116	0.00536644
0.102138	0.00524988
0.102161	0.00533577
0.102184	0.0053155
0.102207	0.00535339
0.102229	0.00536737
0.102252	0.00537146
0.102275	0.00536711
0.102298	0.00538471
0.102321	0.00539123
0.102343	0.00539813
0.102366	0.00539429
0.102389	0.00542372
0.102411	0.00542052
0.102434	0.00542059
0.102457	0.00542655
0.10248	0.00543042
0.102502	0.00543905
0.102525	0.0054461
0.102548	0.00544115
0.102571	0.00545194
0.102593	0.00545395
0.102616	0.00548083
0.102639	0.00546238
0.102662	0.00546137
0.102684	0.00548784
0.102707	0.00548657
0.10273	0.00548656
0.102753	0.00552301
0.102775	0.00551533
0.102798	0.00551327
0.102821	0.00552711
0.102844	0.00552436
0.102866	0.00554999
0.102889	0.00546576
0.102912	0.00543105
0.102934	0.00574076
0.102957	0.00551272
0.10298	0.00556524
0.103003	0.00563271
0.103025	0.00564896
0.103048	0.0055985
0.103071	0.0055445
0.103093	0.005751
0.103116	0.00559788
0.103139	0.00574551
0.103162	0.00561222
0.103184	0.00558345
0.103207	0.00562033
0.10323	0.00562509
0.103252	0.00562397
0.103275	0.00512169
0.103298	0.00564543
0.103321	0.0051315
0.103343	0.00565753
0.103366	0.00513839
0.103389	0.00514474
0.103411	0.00515281
0.103434	0.00515319
0.103457	0.00518422
0.10348	0.00562066
0.103502	0.00515382
0.103525	0.00571139
0.103548	0.00515113
0.10357	0.00516332
0.103593	0.00516939
0.103616	0.00517297
0.103638	0.00517376
0.103661	0.00517794
0.103684	0.0051835
0.103707	0.00521016
0.103729	0.00521378
0.103752	0.0052158
0.103775	0.00521955
0.103797	0.00522306
0.10382	0.00522342
0.103843	0.0052303
0.103865	0.00523585
0.103888	0.00523838
0.103911	0.00526087
0.103933	0.00554331
0.103956	0.00525579
0.103979	0.00524496
0.104001	0.00525037
0.104024	0.00525066
0.104047	0.00525463
0.10407	0.00525409
0.104092	0.0052618
0.104115	0.00526421
0.104138	0.00527233
0.10416	0.00526966
0.104183	0.00527638
0.104206	0.00527712
0.104228	0.00527593
0.104251	0.0052818
0.104274	0.00528465
0.104296	0.00528491
0.104319	0.00529582
0.104342	0.00529933
0.104364	0.00530526
0.104387	0.00530068
0.10441	0.00529755
0.104432	0.00530801
0.104455	0.00531159
0.104478	0.00530959
0.1045	0.00531316
0.104523	0.00534308
0.104546	0.00534649
0.104568	0.00534875
0.104591	0.00534841
0.104614	0.00534994
0.104636	0.00535487
0.104659	0.00535362
0.104682	0.00536986
0.104704	0.00535356
0.104727	0.00535801
0.10475	0.0053707
0.104772	0.00544808
0.104795	0.00537718
0.104818	0.00536976
0.10484	0.00539877
0.104863	0.00538337
0.104886	0.00538582
0.104908	0.00540732
0.104931	0.0053591
0.104954	0.00539593
0.104976	0.00539243
0.104999	0.00541021
0.105022	0.00539135
0.105044	0.00540431
0.105067	0.00540473
0.105089	0.0054092
0.105112	0.00541362
0.105135	0.00541556
0.105157	0.00541697
0.10518	0.00542186
0.105203	0.0054248
0.105225	0.00543364
0.105248	0.00542823
0.105271	0.00542544
0.105293	0.00544309
0.105316	0.00543583
0.105339	0.00544134
0.105361	0.00544627
0.105384	0.00544679
0.105407	0.00545148
0.105429	0.00545449
0.105452	0.00545833
0.105474	0.00546004
0.105497	0.00546408
0.10552	0.00546571
0.105542	0.00546956
0.105565	0.00547136
0.105588	0.00547874
0.10561	0.00548035
0.105633	0.00548461
0.105656	0.00548806
0.105678	0.00549231
0.105701	0.00550573
0.105724	0.00549192
0.105746	0.00550061
0.105769	0.00550001
0.105791	0.00550489
0.105814	0.00550769
0.105837	0.00550924
0.105859	0.00551286
0.105882	0.00551563
0.105905	0.00551969
0.105927	0.0055237
0.10595	0.00552732
0.105972	0.00552764
0.105995	0.00553304
0.106018	0.00553505
0.10604	0.00553959
0.106063	0.00554087
0.106086	0.00554748
0.106108	0.00554874
0.106131	0.00555478
0.106154	0.00555419
0.106176	0.00555871
0.106199	0.00555976
0.106221	0.00556538
0.106244	0.00556639
0.106267	0.00556984
0.106289	0.00558197
0.106312	0.00557488
0.106335	0.00557941
0.106357	0.00558333
0.10638	0.00558736
0.106402	0.0056402
0.106425	0.00559095
0.106448	0.00560378
0.10647	0.00560265
0.106493	0.00562025
0.106516	0.00563458
0.106538	0.00562224
0.106561	0.00562153
0.106583	0.00562959
0.106606	0.00562727
0.106629	0.00563258
0.106651	0.0056342
0.106674	0.0056414
0.106696	0.00563777
0.106719	0.00564512
0.106742	0.00564597
0.106764	0.00565105
0.106787	0.00565111
0.10681	0.00565683
0.106832	0.00565692
0.106855	0.005663
0.106877	0.00566348
0.1069	0.00566961
0.106923	0.00567064
0.106945	0.00567577
0.106968	0.00567435
0.106991	0.00569547
0.107013	0.00570988
0.107036	0.00568417
0.107058	0.00569158
0.107081	0.00570713
0.107104	0.00570694
0.107126	0.00571598
0.107149	0.00571572
0.107171	0.00572168
0.107194	0.00572167
0.107217	0.00572879
0.107239	0.00572761
0.107262	0.00573536
0.107285	0.00573588
0.107307	0.00574158
0.10733	0.00574189
0.107352	0.00574874
0.107375	0.00574763
0.107398	0.00575602
0.10742	0.00575447
0.107443	0.00576959
0.107465	0.00575883
0.107488	0.00579167
0.107511	0.0057585
0.107533	0.00580354
0.107556	0.00575455
0.107579	0.00583781
0.107601	0.0057507
0.107624	0.00586012
0.107646	0.00575321
0.107669	0.00589257
0.107692	0.00576059
0.107714	0.00590698
0.107737	0.00576765
0.107759	0.0059159
0.107782	0.00577185
0.107805	0.00592148
0.107827	0.0057789
0.10785	0.00592967
0.107872	0.00578441
0.107895	0.00593666
0.107918	0.00578887
0.10794	0.00594269
0.107963	0.00579365
0.107986	0.0059483
0.108008	0.00579917
0.108031	0.00595405
0.108053	0.00580485
0.108076	0.00596049
0.108099	0.00581152
0.108121	0.00595901
0.108144	0.00582469
0.108166	0.00597366
0.108189	0.00581404
0.108212	0.00599167
0.108234	0.00582536
0.108257	0.00599171
0.108279	0.00583079
0.108302	0.00599301
0.108325	0.00583553
0.108347	0.00600511
0.10837	0.00583881
0.108393	0.00600568
0.108415	0.00584272
0.108438	0.00601148
0.10846	0.00584656
0.108483	0.00601593
0.108506	0.00585344
0.108528	0.00602079
0.108551	0.00585634
0.108573	0.00602274
0.108596	0.00586102
0.108619	0.00602917
0.108641	0.00586577
0.108664	0.00603333
0.108687	0.0058693
0.108709	0.00603705
0.108732	0.00587409
0.108754	0.00604342
0.108777	0.00588417
0.1088	0.00604823
0.108822	0.00588758
0.108845	0.00605282
0.108867	0.00589091
0.10889	0.00605724
0.108913	0.00589256
0.108935	0.0060602
0.108958	0.00589879
0.10898	0.00606379
0.109003	0.00590564
0.109026	0.00606753
0.109048	0.00590734
0.109071	0.0060695
0.109094	0.00590958
0.109116	0.0060736
0.109139	0.00591428
0.109161	0.00607523
0.109184	0.00592434
0.109207	0.00607916
0.109229	0.00592677
0.109252	0.00608141
0.109275	0.00593151
0.109297	0.00608236
0.10932	0.00593293
0.109342	0.00608529
0.109365	0.00593641
0.109388	0.0060867
0.10941	0.00593862
0.109433	0.00608923
0.109455	0.00594282
0.109478	0.00609044
0.109501	0.00594844
0.109523	0.00609158
0.109546	0.00595049
0.109569	0.00609422
0.109591	0.00595535
0.109614	0.00609389
0.109636	0.00596268
0.109659	0.00609481
0.109682	0.00596469
0.109704	0.00609576
0.109727	0.00597542
0.10975	0.00609692
0.109772	0.00597896
0.109795	0.00609475
0.109817	0.00598159
0.10984	0.00609302
0.109863	0.00598516
0.109885	0.00609535
0.109908	0.00599143
0.109931	0.00609495
0.109953	0.00599375
0.109976	0.00608756
0.109998	0.00600728
0.110021	0.0060909
0.110044	0.00600215
0.110066	0.00608596
0.110089	0.006008
0.110112	0.00608724
0.110134	0.00601307
0.110157	0.00608131
0.11018	0.00601612
0.110202	0.00607875
0.110225	0.00602215
0.110247	0.00607562
0.11027	0.00602617
0.110293	0.00606565
0.110315	0.00602993
0.110338	0.00606186
0.110361	0.0060324
0.110383	0.00605812
0.110406	0.00603849
0.110428	0.00605433
0.110451	0.00604265
0.110474	0.00604924
0.110496	0.00604802
0.110519	0.00604826
0.110542	0.00605
0.110564	0.00605339
0.110587	0.0060492
0.11061	0.00604872
0.110632	0.00604977
0.110655	0.00604907
0.110678	0.00605048
0.1107	0.00604874
0.110723	0.00605666
0.110745	0.00604799
0.110768	0.0060558
0.110791	0.006049
0.110813	0.00605581
0.110836	0.0060554
0.110859	0.00604764
0.110881	0.00605302
0.110904	0.00605487
0.110927	0.0060554
0.110949	0.00605507
0.110972	0.00604576
0.110995	0.00605348
0.111017	0.00605177
0.11104	0.00604486
0.111063	0.00605429
0.111085	0.00604392
0.111108	0.0060514
0.11113	0.00605022
0.111153	0.00604993
0.111176	0.0060488
0.111198	0.00604707
0.111221	0.00604674
0.111244	0.0060463
0.111266	0.00604661
0.111289	0.00604425
0.111312	0.0060441
0.111334	0.00604166
0.111357	0.00604297
0.11138	0.0060384
0.111402	0.00603798
0.111425	0.00603627
0.111448	0.00603593
0.11147	0.00603475
0.111493	0.00603289
0.111516	0.00602939
0.111538	0.00602984
0.111561	0.00602774
0.111584	0.00602545
0.111606	0.00602706
0.111629	0.00602338
0.111652	0.00602235
0.111674	0.00602532
0.111697	0.00601756
0.11172	0.00601676
0.111742	0.00601344
0.111765	0.00601784
0.111788	0.00601233
0.11181	0.00600953
0.111833	0.00600794
0.111856	0.00600624
0.111878	0.00600366
0.111901	0.006003
0.111924	0.00599923
0.111946	0.00599788
0.111969	0.00599472
0.111992	0.00599401
0.112014	0.0059901
0.112037	0.00598971
0.11206	0.00598589
0.112082	0.00598457
0.112105	0.00598106
0.112128	0.00598107
0.11215	0.00597737
0.112173	0.00597515
0.112196	0.00597277
0.112219	0.00597201
0.112241	0.0059686
0.112264	0.00596755
0.112287	0.00596421
0.112309	0.00596267
0.112332	0.00595942
0.112355	0.00595892
0.112377	0.00595819
0.1124	0.00595815
0.112423	0.00595034
0.112445	0.00594851
0.112468	0.00594548
0.112491	0.00594396
0.112513	0.00593961
0.112536	0.00593886
0.112559	0.00593507
0.112582	0.00593447
0.112604	0.00592963
0.112627	0.00592828
0.11265	0.0059237
0.112672	0.00592369
0.112695	0.00591919
0.112718	0.00591818
0.11274	0.00591453
0.112763	0.00591322
0.112786	0.00591089
0.112809	0.0059076
0.112831	0.00590358
0.112854	0.00590477
0.112877	0.00590642
0.112899	0.00589546
0.112922	0.00589258
0.112945	0.00588991
0.112967	0.00588737
0.11299	0.0058845
0.113013	0.00588123
0.113036	0.00587769
0.113058	0.00587475
0.113081	0.00587146
0.113104	0.00586821
0.113126	0.00586502
0.113149	0.00586303
0.113172	0.00585871
0.113195	0.00585537
0.113217	0.00585182
0.11324	0.00585129
0.113263	0.00584674
0.113285	0.00584322
0.113308	0.00584079
0.113331	0.00584188
0.113354	0.00583257
0.113376	0.00583049
0.113399	0.00582547
0.113422	0.00582383
0.113445	0.00582381
0.113467	0.00582094
0.11349	0.00605467
0.113513	0.00609226
0.113535	0.00580886
0.113558	0.00580714
0.113581	0.00580224
0.113604	0.00608411
0.113626	0.00604714
0.113649	0.00606059
0.113672	0.00578816
0.113695	0.00605695
0.113717	0.00605307
0.11374	0.00604955
0.113763	0.00610645
0.113786	0.00610183
0.113808	0.00604028
0.113831	0.00609811
0.113854	0.00609366
0.113876	0.00601806
0.113899	0.00607911
0.113922	0.00608528
0.113945	0.00606969
0.113967	0.00608781
0.11399	0.00607714
0.114013	0.00606697
0.114036	0.00605325
0.114058	0.00605666
0.114081	0.00604102
0.114104	0.00604574
0.114126	0.00602266
0.114149	0.00600343
0.114172	0.00609698
0.114195	0.00604386
0.114217	0.00602022
0.11424	0.0060154
0.114263	0.0060147
0.114286	0.00600624
0.114308	0.00598392
0.114331	0.00599877
0.114354	0.00598919
0.114376	0.00598252
0.114399	0.00596646
0.114422	0.00597607
0.114444	0.00595534
0.114467	0.00596358
0.11449	0.00594436
0.114513	0.0059479
0.114535	0.0059324
0.114558	0.00593338
0.114581	0.00591543
0.114603	0.00591971
0.114626	0.00589983
0.114649	0.0058848
0.114671	0.00592547
0.114694	0.00589758
0.114717	0.00586898
0.11474	0.00587241
0.114762	0.0058587
0.114785	0.00585951
0.114808	0.00584282
0.11483	0.00584031
0.114853	0.00582227
0.114876	0.00582172
0.114898	0.00580281
0.114921	0.00579998
0.114944	0.00578472
0.114966	0.0057946
0.114989	0.00577339
0.115012	0.005776
0.115034	0.00576479
0.115057	0.00580656
0.11508	0.00568393
0.115102	0.00571925
0.115125	0.00572941
0.115148	0.00568722
0.11517	0.00569345
0.115193	0.00568812
0.115216	0.00567423
0.115238	0.00565953
0.115261	0.00566887
0.115284	0.00560467
0.115306	0.00566704
0.115329	0.00562739
0.115352	0.00560785
0.115374	0.00561385
0.115397	0.00558215
0.11542	0.00558494
0.115442	0.00556381
0.115465	0.00556882
0.115488	0.00554678
0.11551	0.0055463
0.115533	0.00552524
0.115556	0.00552782
0.115578	0.00550946
0.115601	0.00549973
0.115624	0.00548884
0.115646	0.00548249
0.115669	0.00546076
0.115691	0.00546878
0.115714	0.00544777
0.115737	0.005447
0.115759	0.00542847
0.115782	0.00542647
0.115805	0.00541704
0.115827	0.00541306
0.11585	0.00539229
0.115873	0.00539525
0.115895	0.00538901
0.115918	0.00536546
0.11594	0.00534551
0.115963	0.00542655
0.115986	0.00535838
0.116008	0.00535038
0.116031	0.00534267
0.116054	0.00533071
0.116076	0.00531969
0.116099	0.00533433
0.116121	0.00531177
0.116144	0.00531914
0.116167	0.00529636
0.116189	0.00530246
0.116212	0.00528573
0.116235	0.00528944
0.116257	0.00527854
0.11628	0.00528186
0.116302	0.00526855
0.116325	0.00527493
0.116348	0.00526107
0.11637	0.00526007
0.116393	0.00525572
0.116415	0.00525975
0.116438	0.00524436
0.116461	0.00527077
0.116483	0.00523865
0.116506	0.00525118
0.116528	0.00523647
0.116551	0.00524204
0.116574	0.00523543
0.116596	0.00523871
0.116619	0.0052373
0.116641	0.00523584
0.116664	0.00524131
0.116687	0.00523997
0.116709	0.00523951
0.116732	0.0052423
0.116754	0.0052512
0.116777	0.00524058
0.1168	0.00527288
0.116822	0.00525913
0.116845	0.0052445
0.116867	0.00524576
0.11689	0.00528822
0.116912	0.00526054
0.116935	0.00529347
0.116958	0.00527306
0.11698	0.00528121
0.117003	0.00528002
0.117025	0.0052876
0.117048	0.00536225
0.11707	0.00531092
0.117093	0.00530563
0.117116	0.00532315
0.117138	0.00532524
0.117161	0.00535617
0.117183	0.0053533
0.117206	0.00536984
0.117228	0.00537564
0.117251	0.00538633
0.117274	0.00539343
0.117296	0.00541099
0.117319	0.00540891
0.117341	0.00543066
0.117364	0.00544467
0.117386	0.00545775
0.117409	0.00546499
0.117432	0.00548386
0.117454	0.0054818
0.117477	0.00550848
0.117499	0.00551515
0.117522	0.00552909
0.117544	0.00553501
0.117567	0.00555346
0.117589	0.00555515
0.117612	0.00558006
0.117635	0.00558194
0.117657	0.00560755
0.11768	0.00561859
0.117702	0.00559083
0.117725	0.00560942
0.117747	0.00561845
0.11777	0.0056196
0.117792	0.00564477
0.117815	0.00563741
0.117837	0.00566035
0.11786	0.0056536
0.117883	0.00567789
0.117905	0.00568362
0.117928	0.00570414
0.11795	0.00570028
0.117973	0.00572097
0.117995	0.00572359
0.118018	0.00573985
0.11804	0.00573706
0.118063	0.00575679
0.118085	0.00575607
0.118108	0.00577546
0.11813	0.00577875
0.118153	0.00580272
0.118175	0.00578869
0.118198	0.00582631
0.118221	0.00579091
0.118243	0.00583267
0.118266	0.00583073
0.118288	0.00585291
0.118311	0.00585263
0.118333	0.00587401
0.118356	0.00586675
0.118378	0.00588969
0.118401	0.00588362
0.118423	0.00591734
0.118446	0.00588983
0.118468	0.00591393
0.118491	0.00591396
0.118513	0.00593753
0.118536	0.0059291
0.118558	0.00595019
0.118581	0.00594181
0.118603	0.00596285
0.118626	0.0059414
0.118648	0.00600082
0.118671	0.00596996
0.118693	0.00602021
0.118716	0.00600788
0.118738	0.00602122
0.118761	0.00600663
0.118783	0.00604603
0.118806	0.00602549
0.118829	0.00607907
0.118851	0.00602791
0.118874	0.00606203
0.118896	0.00606195
0.118919	0.00607794
0.118941	0.00607021
0.118964	0.00608934
0.118986	0.00608619
0.119009	0.00609908
0.119031	0.006098
0.119054	0.00611216
0.119076	0.00610486
0.119099	0.00612241
0.119121	0.00612609
0.119144	0.00613346
0.119166	0.0061282
0.119189	0.00614671
0.119211	0.00615259
0.119234	0.00615502
0.119256	0.00616764
0.119279	0.00616416
0.119301	0.00617053
0.119324	0.00618383
0.119346	0.00618252
0.119369	0.00619265
0.119391	0.00619768
0.119414	0.00620238
0.119436	0.00621469
0.119459	0.00623705
0.119481	0.0061915
0.119504	0.00622688
0.119526	0.0062153
0.119548	0.00615513
0.119571	0.00623247
0.119593	0.00623959
0.119616	0.0062425
0.119638	0.00624711
0.119661	0.0062486
0.119683	0.00625875
0.119706	0.00625563
0.119728	0.00626711
0.119751	0.0062643
0.119773	0.00627066
0.119796	0.00626785
0.119818	0.00627384
0.119841	0.00628427
0.119863	0.00628155
0.119886	0.00628606
0.119908	0.00629362
0.119931	0.00629545
0.119953	0.00630736
0.119976	0.00630298
0.119998	0.00629423
0.120021	0.00631303
0.120043	0.00624409
0.120066	0.00631766
0.120088	0.0063192
0.120111	0.00631795
0.120133	0.00625468
0.120156	0.00633407
0.120178	0.00625501
0.120201	0.00625607
0.120223	0.00625772
0.120245	0.00634774
0.120268	0.00634085
0.12029	0.00626368
0.120313	0.00626578
0.120335	0.0062709
0.120358	0.00627301
0.12038	0.00626649
0.120403	0.00635272
0.120425	0.00635778
0.120448	0.00635188
0.12047	0.00635675
0.120493	0.0062814
0.120515	0.0063525
0.120538	0.00628795
0.12056	0.00627087
0.120583	0.00637744
0.120605	0.00637513
0.120628	0.00626822
0.12065	0.00636039
0.120673	0.0062887
0.120695	0.00636639
0.120717	0.00629037
0.12074	0.00636508
0.120762	0.00636518
0.120785	0.00636798
0.120807	0.00629236
0.12083	0.00635933
0.120852	0.00629513
0.120875	0.00635928
0.120897	0.00629389
0.12092	0.00635277
0.120942	0.00628945
0.120965	0.00636011
0.120987	0.00628458
0.12101	0.00635721
0.121032	0.00635511
0.121055	0.00635805
0.121077	0.00635655
0.1211	0.0063529
0.121122	0.00636066
0.121144	0.0063578
0.121167	0.00635068
0.121189	0.00635061
0.121212	0.00635318
0.121234	0.00636716
0.121257	0.00632906
0.121279	0.00634368
0.121302	0.00634519
0.121324	0.006341
0.121347	0.00634324
0.121369	0.00633273
0.121392	0.00633665
0.121414	0.00633575
0.121437	0.0063402
0.121459	0.00633009
0.121482	0.00633085
0.121504	0.0063232
0.121526	0.00633052
0.121549	0.00632909
0.121571	0.00631462
0.121594	0.00631987
0.121616	0.00631591
0.121639	0.00630847
0.121661	0.00631957
0.121684	0.00630879
0.121706	0.00630508
0.121729	0.0063074
0.121751	0.00630964
0.121774	0.00629
0.121796	0.00629225
0.121819	0.00629568
0.121841	0.00629051
0.121864	0.00628525
0.121886	0.00628783
0.121908	0.00627235
0.121931	0.00627571
0.121953	0.00626256
0.121976	0.00628261
0.121998	0.00625996
0.122021	0.00626565
0.122043	0.00624897
0.122066	0.00624854
0.122088	0.00624191
0.122111	0.00624141
0.122133	0.00622533
0.122156	0.0062477
0.122178	0.00623303
0.122201	0.00622045
0.122223	0.00621694
0.122246	0.00621344
0.122268	0.00620939
0.122291	0.00621166
0.122313	0.00619849
0.122335	0.00618819
0.122358	0.00620401
0.12238	0.00618576
0.122403	0.00616449
0.122425	0.00617344
0.122448	0.00617191
0.12247	0.00616999
0.122493	0.00615975
0.122515	0.0061543
0.122538	0.00615034
0.12256	0.00614367
0.122583	0.00614483
0.122605	0.00614151
0.122628	0.00613619
0.12265	0.00612669
0.122673	0.00611799
0.122695	0.00611576
0.122718	0.00610254
0.12274	0.00610365
0.122763	0.00609285
0.122785	0.00609609
0.122808	0.0060804
0.12283	0.00607287
0.122853	0.00606628
0.122875	0.00605973
0.122897	0.00605635
0.12292	0.00604845
0.122942	0.00605187
0.122965	0.00603992
0.122987	0.00603038
0.12301	0.00603772
0.123032	0.00602773
0.123055	0.00600624
0.123077	0.00601084
0.1231	0.00600584
0.123122	0.00599232
0.123145	0.00599465
0.123167	0.00598479
0.12319	0.00597722
0.123212	0.00596491
0.123235	0.00596161
0.123257	0.0059511
0.12328	0.00595464
0.123302	0.00594512
0.123325	0.005941
0.123347	0.0059301
0.12337	0.00592791
0.123392	0.00591226
0.123415	0.00590787
0.123437	0.00590567
0.12346	0.00590453
0.123482	0.00589555
0.123505	0.00590144
0.123527	0.00588134
0.12355	0.00587175
0.123572	0.00586099
0.123595	0.00586535
0.123617	0.00585691
0.12364	0.00584525
0.123662	0.00584363
0.123685	0.00584852
0.123707	0.00593947
0.12373	0.00582446
0.123752	0.00581413
0.123775	0.00580565
0.123797	0.00580527
0.12382	0.00580156
0.123842	0.00579446
0.123865	0.00579326
0.123887	0.00577697
0.12391	0.00577087
0.123932	0.00578471
0.123955	0.00577034
0.123977	0.0057521
0.124	0.00575385
0.124022	0.00574549
0.124045	0.00574209
0.124067	0.00573793
0.12409	0.00572889
0.124112	0.00571637
0.124135	0.00572579
0.124157	0.00570564
0.12418	0.00570521
0.124202	0.00569837
0.124225	0.00569714
0.124247	0.00568498
0.12427	0.00568355
0.124292	0.00566967
0.124315	0.00566663
0.124338	0.00565361
0.12436	0.00565614
0.124383	0.00564368
0.124405	0.00564465
0.124428	0.00562935
0.12445	0.00562486
0.124473	0.00562114
0.124495	0.00561084
0.124518	0.00560404
0.12454	0.00559173
0.124563	0.00559254
0.124585	0.00558623
0.124608	0.00557892
0.12463	0.00557448
0.124653	0.00556219
0.124675	0.00555531
0.124698	0.00555216
0.12472	0.0055441
0.124743	0.00556607
0.124766	0.00553812
0.124788	0.00555856
0.124811	0.00556075
0.124833	0.00554013
0.124856	0.00554001
0.124878	0.00552876
0.124901	0.00552319
0.124923	0.00551707
0.124946	0.00550598
0.124968	0.00550774
0.124991	0.00549898
0.125013	0.00548966
0.125036	0.00549149
0.125059	0.00548037
0.125081	0.005474
0.125104	0.0054626
0.125126	0.00546615
0.125149	0.00544543
0.125171	0.00545577
0.125194	0.00543788
0.125216	0.00544753
0.125239	0.00542686
0.125261	0.00543018
0.125284	0.00542237
0.125307	0.00542317
0.125329	0.00547606
0.125352	0.00541028
0.125374	0.00540079
0.125397	0.00540529
0.125419	0.00548012
0.125442	0.00538994
0.125464	0.00538442
0.125487	0.00538184
0.12551	0.00537934
0.125532	0.00536909
0.125555	0.00536833
0.125577	0.00536408
0.1256	0.00535356
0.125622	0.00535205
0.125645	0.00534778
0.125668	0.00534285
0.12569	0.00534281
0.125713	0.00533679
0.125735	0.00532782
0.125758	0.00532556
0.12578	0.00532132
0.125803	0.00531595
0.125826	0.00531331
0.125848	0.0053069
0.125871	0.0053045
0.125893	0.00529746
0.125916	0.0052956
0.125938	0.00529518
0.125961	0.00528766
0.125984	0.00528533
0.126006	0.00528261
0.126029	0.00534834
0.126051	0.0052749
0.126074	0.00526912
0.126097	0.00526526
0.126119	0.00533058
0.126142	0.0052613
0.126164	0.00532147
0.126187	0.00525538
0.126209	0.00531534
0.126232	0.00524523
0.126255	0.00530965
0.126277	0.00523794
0.1263	0.00529732
0.126322	0.00522929
0.126345	0.00529352
0.126368	0.00522421
0.12639	0.00528457
0.126413	0.00521707
0.126435	0.0052796
0.126458	0.00526873
0.126481	0.00527387
0.126503	0.00520373
0.126526	0.00526422
0.126548	0.00525387
0.126571	0.0052555
0.126594	0.00525652
0.126616	0.00526749
0.126639	0.00518692
0.126662	0.00523728
0.126684	0.00523005
0.126707	0.00523885
0.126729	0.00522008
0.126752	0.0052248
0.126775	0.00521592
0.126797	0.00521832
0.12682	0.00520445
0.126842	0.0052068
0.126865	0.00519748
0.126888	0.00519738
0.12691	0.00518713
0.126933	0.00519753
0.126956	0.00518153
0.126978	0.00518983
0.127001	0.00517404
0.127023	0.00517708
0.127046	0.00516218
0.127069	0.00518369
0.127091	0.00516128
0.127114	0.00517884
0.127137	0.00515157
0.127159	0.0051435
0.127182	0.00513917
0.127205	0.00514798
0.127227	0.00513648
0.12725	0.00513477
0.127272	0.00512926
0.127295	0.00512734
0.127318	0.00511808
0.12734	0.0051189
0.127363	0.00511178
0.127386	0.00510825
0.127408	0.00509598
0.127431	0.00509667
0.127453	0.0050886
0.127476	0.00509419
0.127499	0.00507362
0.127521	0.00508052
0.127544	0.00506483
0.127567	0.00506759
0.127589	0.00505698
0.127612	0.00505139
0.127634	0.00501158
0.127657	0.00504339
0.12768	0.00500243
0.127702	0.00503498
0.127725	0.00499309
0.127748	0.00502353
0.12777	0.00501209
0.127793	0.00501402
0.127815	0.00497252
0.127838	0.00499969
0.127861	0.00496216
0.127883	0.00499151
0.127906	0.00495314
0.127928	0.00497852
0.127951	0.00494215
0.127974	0.00496787
0.127996	0.00493118
0.128019	0.00495791
0.128041	0.00491946
0.128064	0.00491461
0.128087	0.0049116
0.128109	0.00490398
0.128132	0.00489754
0.128154	0.00489428
0.128177	0.00488732
0.128199	0.00488296
0.128222	0.00487584
0.128245	0.00487378
0.128267	0.00486585
0.12829	0.00486107
0.128312	0.00485385
0.128335	0.00484907
0.128358	0.00484155
0.12838	0.00483918
0.128403	0.00483296
0.128425	0.00482716
0.128448	0.00481991
0.12847	0.00481414
0.128493	0.00480796
0.128516	0.00480314
0.128538	0.00479654
0.128561	0.00479071
0.128583	0.00478259
0.128606	0.00477792
0.128628	0.00477211
0.128651	0.00476797
0.128673	0.00475938
0.128696	0.00475406
0.128719	0.004749
0.128741	0.00474298
0.128764	0.0047383
0.128786	0.00473556
0.128809	0.00472662
0.128831	0.00471983
0.128854	0.00471608
0.128876	0.00470983
0.128899	0.00470443
0.128921	0.00469744
0.128944	0.00469041
0.128967	0.00468734
0.128989	0.00467875
0.129012	0.00467573
0.129034	0.00466754
0.129057	0.00466331
0.129079	0.00465491
0.129102	0.00464941
0.129124	0.00464259
0.129147	0.00463911
0.129169	0.00462924
0.129192	0.00462764
0.129214	0.00462046
0.129237	0.00461834
0.129259	0.0046016
0.129282	0.00459727
0.129305	0.00458969
0.129327	0.00458675
0.12935	0.00457815
0.129372	0.00457476
0.129395	0.00456589
0.129417	0.00456513
0.12944	0.00454982
0.129462	0.00454915
0.129485	0.00454048
0.129507	0.00454102
0.12953	0.00452741
0.129552	0.00452793
0.129575	0.00452174
0.129597	0.00450838
0.12962	0.00451517
0.129642	0.00449816
0.129665	0.00450587
0.129687	0.00446471
0.12971	0.00449773
0.129732	0.00445234
0.129755	0.00448325
0.129777	0.0044825
0.1298	0.00447676
0.129822	0.00447259
0.129845	0.00446738
0.129867	0.00446068
0.12989	0.00446093
0.129912	0.00445027
0.129935	0.00445195
0.129957	0.0043872
0.12998	0.0043886
0.130002	0.0043736
0.130025	0.00437507
0.130047	0.00436244
0.13007	0.00436217
0.130092	0.00434731
0.130114	0.00435127
0.130137	0.0043339
0.130159	0.0043416
0.130182	0.00432237
0.130204	0.00433828
0.130227	0.00431042
0.130249	0.00431483
0.130272	0.00429792
0.130294	0.0043003
0.130317	0.00428132
0.130339	0.00428169
0.130362	0.00426999
0.130384	0.00426778
0.130407	0.00425693
0.130429	0.0042563
0.130452	0.0042447
0.130474	0.00423918
0.130496	0.00423348
0.130519	0.00422838
0.130541	0.00422937
0.130564	0.00422208
0.130586	0.00422907
0.130609	0.00420625
0.130631	0.00421964
0.130654	0.00419243
0.130676	0.00420341
0.130699	0.00417353
0.130721	0.00418603
0.130743	0.00416227
0.130766	0.00417627
0.130788	0.0041497
0.130811	0.0041583
0.130833	0.0041396
0.130856	0.00414867
0.130878	0.00413024
0.130901	0.00413765
0.130923	0.0041378
0.130945	0.00412795
0.130968	0.00412723
0.13099	0.00413278
0.131013	0.00412517
0.131035	0.00410997
0.131058	0.00411208
0.13108	0.00410467
0.131103	0.00412152
0.131125	0.00409626
0.131147	0.00410083
0.13117	0.00407693
0.131192	0.00409664
0.131215	0.00408239
0.131237	0.00410217
0.13126	0.00407997
0.131282	0.00410444
0.131304	0.00408523
0.131327	0.00408856
0.131349	0.00409216
0.131372	0.0040969
0.131394	0.00409103
0.131417	0.00409351
0.131439	0.00406364
0.131461	0.00408688
0.131484	0.0040777
0.131506	0.0040915
0.131529	0.00407499
0.131551	0.00410174
0.131573	0.00408188
0.131596	0.00409795
0.131618	0.00408923
0.131641	0.00407302
0.131663	0.00407374
0.131686	0.00408705
0.131708	0.00407565
0.13173	0.00408993
0.131753	0.00407429
0.131775	0.00408647
0.131798	0.00409062
0.13182	0.00410583
0.131842	0.00407592
0.131865	0.00410556
0.131887	0.00408398
0.13191	0.0041192
0.131932	0.00408236
0.131954	0.00411593
0.131977	0.00407387
0.131999	0.0041217
0.132022	0.00410444
0.132044	0.00409077
0.132067	0.00407936
0.132089	0.00413817
0.132111	0.00408906
0.132134	0.00410722
0.132156	0.00408897
0.132179	0.00411311
0.132201	0.00409936
0.132223	0.00412026
0.132246	0.00411189
0.132268	0.00412571
0.132291	0.0041085
0.132313	0.00412918
0.132335	0.00411142
0.132358	0.00413522
0.13238	0.00410696
0.132402	0.00414379
0.132425	0.0041195
0.132447	0.00413838
0.13247	0.0041311
0.132492	0.00414204
0.132514	0.00409592
0.132537	0.00414764
0.132559	0.00410335
0.132582	0.00413745
0.132604	0.00410285
0.132626	0.00414343
0.132649	0.00411641
0.132671	0.00414992
0.132694	0.00407648
0.132716	0.00413751
0.132738	0.00408457
0.132761	0.00414991
0.132783	0.00408873
0.132805	0.0041515
0.132828	0.00409078
0.13285	0.0041574
0.132873	0.00408973
0.132895	0.00416701
0.132917	0.00409269
0.13294	0.00412962
0.132962	0.00408897
0.132985	0.00417049
0.133007	0.00408536
0.133029	0.00413695
0.133052	0.0040916
0.133074	0.004153
0.133096	0.00409755
0.133119	0.0041523
0.133141	0.00409946
0.133164	0.00415329
0.133186	0.00408671
0.133208	0.00415167
0.133231	0.00410547
0.133253	0.00413523
0.133275	0.00411091
0.133298	0.00412836
0.13332	0.00411335
0.133343	0.00416189
0.133365	0.00412836
0.133387	0.00412788
0.13341	0.00408942
0.133432	0.00412386
0.133454	0.00410266
0.133477	0.00412699
0.133499	0.00410299
0.133521	0.00413564
0.133544	0.00410561
0.133566	0.00412888
0.133589	0.0041063
0.133611	0.00413924
0.133633	0.00411627
0.133656	0.0041421
0.133678	0.00411226
0.1337	0.00413687
0.133723	0.00411226
0.133745	0.00412367
0.133767	0.00412814
0.13379	0.00413791
0.133812	0.00412242
0.133835	0.00413249
0.133857	0.0041244
0.133879	0.00412114
0.133902	0.00413974
0.133924	0.00414271
0.133946	0.0041292
0.133969	0.00414272
0.133991	0.00413053
0.134013	0.00413864
0.134036	0.00413055
0.134058	0.00413739
0.134081	0.00413825
0.134103	0.00414277
0.134125	0.00413013
0.134148	0.00413896
0.13417	0.00413268
0.134192	0.00412246
0.134215	0.00413021
0.134237	0.00413259
0.134259	0.00414964
0.134282	0.00412023
0.134304	0.00412544
0.134326	0.00411776
0.134349	0.0041514
0.134371	0.00413376
0.134393	0.00414196
0.134416	0.00414296
0.134438	0.00413859
0.134461	0.00413735
0.134483	0.00414122
0.134505	0.00413148
0.134528	0.00413314
0.13455	0.00411628
0.134572	0.00412486
0.134595	0.00412542
0.134617	0.00412326
0.134639	0.00413108
0.134662	0.00412895
0.134684	0.00412998
0.134706	0.00412764
0.134729	0.00412979
0.134751	0.00413363
0.134773	0.00413223
0.134796	0.00413225
0.134818	0.00412582
0.134841	0.00413891
0.134863	0.00411854
0.134885	0.00411734
0.134908	0.00413217
0.13493	0.00411583
0.134952	0.00413865
0.134975	0.00410598
0.134997	0.00418875
0.135019	0.00410692
0.135042	0.00419643
0.135064	0.00410183
0.135086	0.00423718
0.135109	0.0041034
0.135131	0.00419208
0.135153	0.00409678
0.135176	0.00424352
0.135198	0.00411557
0.13522	0.00425256
0.135243	0.00410496
0.135265	0.00425745
0.135288	0.00410059
0.13531	0.00425023
0.135332	0.00409873
0.135355	0.0042671
0.135377	0.00407022
0.135399	0.00425345
0.135422	0.00408616
0.135444	0.00425036
0.135466	0.00408488
0.135489	0.0042476
0.135511	0.0040622
0.135533	0.00424329
0.135556	0.00407409
0.135578	0.004233
0.1356	0.00406731
0.135623	0.00423144
0.135645	0.00406414
0.135667	0.00422154
0.13569	0.00405539
0.135712	0.00421551
0.135735	0.00405499
0.135757	0.00420317
0.135779	0.00405062
0.135802	0.00418822
0.135824	0.00404298
0.135846	0.00418083
0.135869	0.00403585
0.135891	0.00418254
0.135913	0.00405759
0.135936	0.00417464
0.135958	0.00404203
0.13598	0.00414417
0.136003	0.00403045
0.136025	0.0041452
0.136048	0.00404436
0.13607	0.00412788
0.136092	0.00403265
0.136115	0.00412845
0.136137	0.00403678
0.136159	0.00412282
0.136182	0.00403569
0.136204	0.00411786
0.136226	0.00402465
0.136249	0.00411073
0.136271	0.00402333
0.136293	0.0041177
0.136316	0.00400245
0.136338	0.00410041
0.136361	0.00399989
0.136383	0.00409658
0.136405	0.00399272
0.136428	0.00408668
0.13645	0.00403321
0.136472	0.00408608
0.136495	0.00404064
0.136517	0.0040685
0.136539	0.00403018
0.136562	0.004065
0.136584	0.00403404
0.136607	0.00405468
0.136629	0.0040242
0.136651	0.00403017
0.136674	0.00402687
0.136696	0.00402218
0.136718	0.00403624
0.136741	0.00399601
0.136763	0.00405717
0.136785	0.0039727
0.136808	0.00408281
0.13683	0.00392889
0.136853	0.00405714
0.136875	0.00386764
0.136897	0.00409957
0.13692	0.00387576
0.136942	0.0041125
0.136964	0.00391381
0.136987	0.00410454
0.137009	0.00391573
0.137032	0.0040955
0.137054	0.0039197
0.137076	0.00407696
0.137099	0.00386083
0.137121	0.00408506
0.137143	0.0038821
0.137166	0.0040599
0.137188	0.00388313
0.137211	0.00403827
0.137233	0.00388275
0.137255	0.00402022
0.137278	0.00389155
0.1373	0.00400841
0.137322	0.00389944
0.137345	0.00400247
0.137367	0.00388992
0.13739	0.00402337
0.137412	0.00389197
0.137434	0.00399945
0.137457	0.00389446
0.137479	0.0039853
0.137502	0.00390454
0.137524	0.00397584
0.137546	0.00391542
0.137569	0.00396024
0.137591	0.00391971
0.137613	0.00393837
0.137636	0.00391815
0.137658	0.00395689
0.137681	0.00392699
0.137703	0.00394527
0.137725	0.00393453
0.137748	0.00392392
0.13777	0.00392391
0.137793	0.00391433
0.137815	0.00393403
0.137837	0.00390342
0.13786	0.0039476
0.137882	0.00389403
0.137905	0.0039527
0.137927	0.00389006
0.137949	0.003941
0.137972	0.00389584
0.137994	0.0039283
0.138017	0.00388808
0.138039	0.00391306
0.138061	0.00388797
0.138084	0.0039138
0.138106	0.00388709
0.138129	0.00390876
0.138151	0.00388983
0.138173	0.0039
0.138196	0.00388836
0.138218	0.00390162
0.138241	0.00388563
0.138263	0.00389407
0.138286	0.00388654
0.138308	0.00389236
0.13833	0.00388213
0.138353	0.00388618
0.138375	0.00388508
0.138398	0.00389124
0.13842	0.00387925
0.138442	0.00388653
0.138465	0.00387386
0.138487	0.00388656
0.13851	0.00387355
0.138532	0.00388188
0.138555	0.00386665
0.138577	0.00388124
0.138599	0.00386594
0.138622	0.00388373
0.138644	0.00386072
0.138667	0.00388506
0.138689	0.00385605
0.138712	0.0038838
0.138734	0.00385108
0.138756	0.00388505
0.138779	0.00384551
0.138801	0.00388748
0.138824	0.00384303
0.138846	0.00389092
0.138869	0.00383615
0.138891	0.00389557
0.138913	0.00382937
0.138936	0.00390213
0.138958	0.00382691
0.138981	0.00390396
0.139003	0.00382257
0.139026	0.0039074
0.139048	0.00381564
0.139071	0.00390416
0.139093	0.00380809
0.139115	0.00390587
0.139138	0.00381285
0.13916	0.00390658
0.139183	0.00381361
0.139205	0.00391086
0.139228	0.00380913
0.13925	0.00390841
0.139273	0.00378924
0.139295	0.00390459
0.139318	0.00380949
0.13934	0.00390282
0.139362	0.00379781
0.139385	0.00390083
0.139407	0.0037971
0.13943	0.00389612
0.139452	0.00380123
0.139475	0.00389534
0.139497	0.0038011
0.13952	0.00389673
0.139542	0.00380393
0.139565	0.00389358
0.139587	0.00380723
0.13961	0.00389813
0.139632	0.00381456
0.139655	0.00389515
0.139677	0.00381301
0.139699	0.00388062
0.139722	0.00381937
0.139744	0.0038895
0.139767	0.00382093
0.139789	0.00388847
0.139812	0.00382274
0.139834	0.00387889
0.139857	0.00382822
0.139879	0.00388501
0.139902	0.00383239
0.139924	0.00388635
0.139947	0.00383354
0.139969	0.00388302
0.139992	0.00383996
0.140014	0.00388424
0.140037	0.00383692
0.140059	0.0038848
0.140082	0.00384566
0.140104	0.00388318
0.140127	0.00384746
0.140149	0.00389047
0.140172	0.00385288
0.140194	0.00388782
0.140217	0.00385728
0.140239	0.00389222
0.140262	0.00386255
0.140284	0.00388981
0.140307	0.00386421
0.140329	0.00388916
0.140352	0.00386759
0.140374	0.00388962
0.140397	0.0038704
0.140419	0.00387596
0.140442	0.00387164
0.140464	0.00387897
0.140487	0.00387291
0.140509	0.00387918
0.140532	0.00387539
0.140554	0.00388025
0.140577	0.00387523
0.140599	0.00388087
0.140621	0.0038778
0.140644	0.00388476
0.140666	0.00387827
0.140689	0.00388499
0.140711	0.00388034
0.140734	0.00388635
0.140756	0.00388219
0.140779	0.00388916
0.140801	0.00388264
0.140824	0.00389164
0.140846	0.00388438
0.140869	0.00389555
0.140891	0.00388709
0.140914	0.00389509
0.140936	0.00388712
0.140958	0.00389741
0.140981	0.00388948
0.141003	0.00390022
0.141026	0.00389173
0.141048	0.00390446
0.141071	0.00389216
0.141093	0.00390563
0.141116	0.00389411
0.141138	0.00390682
0.14116	0.0038974
0.141183	0.00390879
0.141205	0.00390071
0.141228	0.00390907
0.14125	0.00390474
0.141273	0.00390686
0.141295	0.00391143
0.141317	0.00390661
0.14134	0.00391388
0.141362	0.00390583
0.141385	0.00391609
0.141407	0.00390783
0.14143	0.00391996
0.141452	0.00390961
0.141474	0.00392147
0.141497	0.00391129
0.141519	0.00392167
0.141542	0.0039142
0.141564	0.00392502
0.141586	0.00391597
0.141609	0.00392463
0.141631	0.00391598
0.141654	0.00392932
0.141676	0.00391813
0.141698	0.00392923
0.141721	0.00392031
0.141743	0.00393119
0.141766	0.00392163
0.141788	0.00393662
0.14181	0.00392165
0.141833	0.00394
0.141855	0.00391999
0.141878	0.00394358
0.1419	0.00392251
0.141922	0.00394577
0.141945	0.00392429
0.141967	0.00394246
0.141989	0.00392497
0.142012	0.00394504
0.142034	0.00392783
0.142057	0.00394572
0.142079	0.00392963
0.142101	0.00394894
0.142124	0.00392934
0.142146	0.00394876
0.142168	0.00393186
0.142191	0.0039469
0.142213	0.00393543
0.142236	0.00394442
0.142258	0.00394285
0.14228	0.003943
0.142303	0.00394167
0.142325	0.00394304
0.142347	0.00394244
0.14237	0.00393938
0.142392	0.00394147
0.142414	0.00394082
0.142437	0.00394548
0.142459	0.00393986
0.142481	0.00418403
0.142504	0.00416763
0.142526	0.00418404
0.142548	0.00416722
0.142571	0.00418963
0.142593	0.00416227
0.142615	0.00420197
0.142638	0.00416162
0.14266	0.00419968
0.142682	0.00416191
0.142705	0.00420538
0.142727	0.00416908
0.142749	0.00420158
0.142772	0.00417432
0.142794	0.00420244
0.142816	0.00417739
0.142839	0.00420599
0.142861	0.00417948
0.142883	0.00421207
0.142906	0.00418974
0.142928	0.00420537
0.14295	0.00415643
0.142973	0.0042109
0.142995	0.0041742
0.143017	0.00421396
0.14304	0.00418251
0.143062	0.00420188
0.143084	0.00419072
0.143106	0.00420489
0.143129	0.00420373
0.143151	0.00419884
0.143173	0.0042083
0.143196	0.0041984
0.143218	0.00421919
0.14324	0.00419163
0.143263	0.00422378
0.143285	0.00418642
0.143307	0.00424121
0.143329	0.00419138
0.143352	0.00423988
0.143374	0.0041833
0.143396	0.00426146
0.143419	0.00418996
0.143441	0.0042678
0.143463	0.00419694
0.143485	0.00426997
0.143508	0.00421385
0.14353	0.00427415
0.143552	0.00419675
0.143575	0.00427723
0.143597	0.00421158
0.143619	0.00428465
0.143641	0.00421798
0.143664	0.00428841
0.143686	0.004231
0.143708	0.00429621
0.14373	0.00422931
0.143753	0.00431013
0.143775	0.00423322
0.143797	0.00432582
0.14382	0.00423046
0.143842	0.00432258
0.143864	0.00423862
0.143886	0.00432902
0.143909	0.00426887
0.143931	0.0043244
0.143953	0.00428261
0.143975	0.00432377
0.143998	0.00430207
0.14402	0.00432678
0.144042	0.00430508
0.144064	0.0043146
0.144087	0.00431817
0.144109	0.00426055
0.144131	0.00435153
0.144153	0.00432215
0.144176	0.00439471
0.144198	0.00424434
0.14422	0.00434539
0.144242	0.00425757
0.144265	0.00434371
0.144287	0.00424106
0.144309	0.00436224
0.144331	0.00424834
0.144354	0.00437322
0.144376	0.00425506
0.144398	0.00438055
0.14442	0.00425657
0.144443	0.00439589
0.144465	0.00427686
0.144487	0.00440589
0.144509	0.00427717
0.144531	0.0044348
0.144554	0.00428827
0.144576	0.00444185
0.144598	0.00430295
0.14462	0.00446701
0.144643	0.0042984
0.144665	0.00449843
0.144687	0.0042841
0.144709	0.00451831
0.144731	0.00428048
0.144754	0.00454873
0.144776	0.00429506
0.144798	0.00456409
0.14482	0.00429497
0.144843	0.00457575
0.144865	0.00431744
0.144887	0.0046035
0.144909	0.00432979
0.144931	0.00461424
0.144954	0.0043351
0.144976	0.00463186
0.144998	0.00432888
0.14502	0.00466067
0.145042	0.0043396
0.145065	0.00469498
0.145087	0.00434933
0.145109	0.00467915
0.145131	0.00435314
0.145154	0.00469445
0.145176	0.00436228
0.145198	0.00472011
0.14522	0.00438091
0.145242	0.00470872
0.145265	0.00438742
0.145287	0.00473347
0.145309	0.00441364
0.145331	0.00475035
0.145353	0.00440409
0.145376	0.00476235
0.145398	0.00443168
0.14542	0.00478042
0.145442	0.00444477
0.145464	0.00478478
0.145487	0.0044647
0.145509	0.00479421
0.145531	0.00449947
0.145553	0.00474665
0.145575	0.00446676
0.145597	0.00478988
0.14562	0.00449801
0.145642	0.00479883
0.145664	0.00451558
0.145686	0.00480428
0.145708	0.00453971
0.145731	0.0047954
0.145753	0.00454719
0.145775	0.00480429
0.145797	0.00456455
0.145819	0.00480749
0.145842	0.00457277
0.145864	0.00481591
0.145886	0.00459394
0.145908	0.00482691
0.14593	0.00458588
0.145952	0.00484037
0.145975	0.00460536
0.145997	0.00484948
0.146019	0.0046129
0.146041	0.00484961
0.146063	0.00462246
0.146086	0.0048546
0.146108	0.00463187
0.14613	0.00485407
0.146152	0.00465777
0.146174	0.00485397
0.146196	0.0046572
0.146219	0.00484939
0.146241	0.00467669
0.146263	0.00484795
0.146285	0.00469573
0.146307	0.00485364
0.146329	0.00471615
0.146352	0.00484596
0.146374	0.00472239
0.146396	0.00483891
0.146418	0.00473997
0.14644	0.0048513
0.146462	0.00474789
0.146485	0.00483793
0.146507	0.00475849
0.146529	0.00485073
0.146551	0.00476527
0.146573	0.00485555
0.146596	0.00477858
0.146618	0.0048676
0.14664	0.00478112
0.146662	0.0048687
0.146684	0.0047825
0.146706	0.00488174
0.146729	0.00480328
0.146751	0.00488267
0.146773	0.00481457
0.146795	0.00487209
0.146817	0.00478162
0.146839	0.00489584
0.146862	0.00480177
0.146884	0.00490732
0.146906	0.00480938
0.146928	0.00490536
0.14695	0.00474065
0.146972	0.00491607
0.146995	0.00474626
0.147017	0.00491721
0.147039	0.00483799
0.147061	0.00485472
0.147083	0.00477765
0.147105	0.0048574
0.147128	0.00478281
0.14715	0.00485122
0.147172	0.00478734
0.147194	0.00487106
0.147216	0.00480101
0.147238	0.00486543
0.147261	0.00481803
0.147283	0.00485208
0.147305	0.00481564
0.147327	0.00485273
0.147349	0.00482368
0.147371	0.00494585
0.147393	0.0047916
0.147416	0.00485821
0.147438	0.00482136
0.14746	0.00486495
0.147482	0.00483703
0.147504	0.00485764
0.147526	0.0048301
0.147549	0.00486805
0.147571	0.00484643
0.147593	0.00486541
0.147615	0.00485206
0.147637	0.00487981
0.147659	0.00485145
0.147682	0.00489064
0.147704	0.004841
0.147726	0.00489111
0.147748	0.00485714
0.14777	0.00488249
0.147792	0.00485208
0.147815	0.00488496
0.147837	0.00486777
0.147859	0.0048962
0.147881	0.00487844
0.147903	0.00489402
0.147925	0.00488993
0.147948	0.0049005
0.14797	0.004881
0.147992	0.00489953
0.148014	0.00489721
0.148036	0.00488879
0.148058	0.00462357
0.148081	0.00461331
0.148103	0.00462684
0.148125	0.00463178
0.148147	0.00463755
0.148169	0.004621
0.148191	0.00464529
0.148214	0.00461414
0.148236	0.00463583
0.148258	0.00462928
0.14828	0.00464765
0.148302	0.00463837
0.148324	0.0046508
0.148347	0.00464392
0.148369	0.00465119
0.148391	0.00464531
0.148413	0.00466191
0.148435	0.00465179
0.148458	0.00465527
0.14848	0.00466052
0.148502	0.00465546
0.148524	0.00466451
0.148546	0.00467061
0.148568	0.00466446
0.148591	0.00466801
0.148613	0.0046594
0.148635	0.00466544
0.148657	0.0046637
0.148679	0.00467178
0.148701	0.00466901
0.148724	0.00466991
0.148746	0.00467669
0.148768	0.00469574
0.14879	0.00467215
0.148812	0.00468294
0.148835	0.00466774
0.148857	0.0046869
0.148879	0.00467518
0.148901	0.00468787
0.148923	0.00468275
0.148945	0.00469023
0.148968	0.00467734
0.14899	0.00469398
0.149012	0.00468285
0.149034	0.00469448
0.149056	0.00468784
0.149079	0.00470218
0.149101	0.00469216
0.149123	0.00468869
0.149145	0.00469979
0.149167	0.00469963
0.149189	0.00469892
0.149212	0.00467419
0.149234	0.004752
0.149256	0.00471575
0.149278	0.00471976
0.1493	0.00471386
0.149323	0.00469666
0.149345	0.00469499
0.149367	0.00470628
0.149389	0.00472385
0.149411	0.00470645
0.149434	0.00469927
0.149456	0.00471606
0.149478	0.00470427
0.1495	0.00472609
0.149522	0.00471331
0.149545	0.00472545
0.149567	0.00471169
0.149589	0.00472736
0.149611	0.00472515
0.149633	0.00472598
0.149656	0.00471278
0.149678	0.00473488
0.1497	0.00472515
0.149722	0.00472942
0.149744	0.0047187
0.149767	0.00473504
0.149789	0.00472935
0.149811	0.00473417
0.149833	0.00473429
0.149856	0.0047517
0.149878	0.00474098
0.1499	0.00474645
0.149922	0.0047308
0.149944	0.00475264
0.149967	0.00474673
0.149989	0.00474417
0.150011	0.00475276
