0.100017	0.00100997
0.10004	0.00101377
0.100063	0.00103881
0.100086	0.00104027
0.100109	0.00104418
0.100132	0.00104008
0.100154	0.00104602
0.100177	0.00104495
0.1002	0.00104885
0.100223	0.00104685
0.100246	0.00105139
0.100269	0.00105012
0.100292	0.00105504
0.100314	0.00105663
0.100337	0.00104057
0.10036	0.00105633
0.100383	0.00105963
0.100406	0.00104794
0.100429	0.00106488
0.100451	0.00106594
0.100474	0.001065
0.100497	0.00107119
0.10052	0.00107811
0.100543	0.00107796
0.100566	0.0010835
0.100588	0.00108477
0.100611	0.00109022
0.100634	0.00109335
0.100657	0.00109748
0.10068	0.00110087
0.100703	0.00110703
0.100725	0.00110775
0.100748	0.00111272
0.100771	0.00111728
0.100794	0.00112339
0.100817	0.00112403
0.10084	0.00112756
0.100862	0.00112985
0.100885	0.00114012
0.100908	0.0011449
0.100931	0.00115273
0.100954	0.00115438
0.100976	0.00114966
0.100999	0.00117079
0.101022	0.00117327
0.101045	0.00117678
0.101068	0.00118536
0.10109	0.00119032
0.101113	0.00118561
0.101136	0.00118485
0.101159	0.00119927
0.101182	0.001189
0.101205	0.00123238
0.101227	0.00120952
0.10125	0.0012463
0.101273	0.00122446
0.101296	0.00125357
0.101319	0.00124866
0.101341	0.00125302
0.101364	0.00126376
0.101387	0.00127103
0.10141	0.00127728
0.101432	0.00127341
0.101455	0.00128672
0.101478	0.00129513
0.101501	0.00129905
0.101524	0.00130786
0.101546	0.00131198
0.101569	0.00132379
0.101592	0.00133096
0.101615	0.00133885
0.101638	0.00134379
0.10166	0.00135373
0.101683	0.00135926
0.101706	0.00136652
0.101729	0.00136287
0.101751	0.00138165
0.101774	0.00138943
0.101797	0.00139373
0.10182	0.00140399
0.101843	0.00141241
0.101865	0.00142098
0.101888	0.00142842
0.101911	0.00143433
0.101934	0.00144105
0.101956	0.00145153
0.101979	0.00145846
0.102002	0.00147037
0.102025	0.00147754
0.102047	0.00148407
0.10207	0.00149552
0.102093	0.00150348
0.102116	0.00151255
0.102138	0.00150186
0.102161	0.00152577
0.102184	0.0015265
0.102207	0.00154552
0.102229	0.00155243
0.102252	0.00156346
0.102275	0.00156982
0.102298	0.00158092
0.102321	0.00158699
0.102343	0.0015984
0.102366	0.00160498
0.102389	0.00161748
0.102411	0.00162564
0.102434	0.00163525
0.102457	0.00164315
0.10248	0.00165322
0.102502	0.00166158
0.102525	0.00167157
0.102548	0.00167659
0.102571	0.00168858
0.102593	0.00169672
0.102616	0.00170916
0.102639	0.00171566
0.102662	0.00172526
0.102684	0.00173472
0.102707	0.00174532
0.10273	0.00175359
0.102753	0.00176585
0.102775	0.00177199
0.102798	0.00178309
0.102821	0.00179095
0.102844	0.00180101
0.102866	0.00181226
0.102889	0.00181544
0.102912	0.00181775
0.102934	0.00185753
0.102957	0.00184543
0.10298	0.00185659
0.103003	0.00187284
0.103025	0.00188162
0.103048	0.0018864
0.103071	0.00189457
0.103093	0.00191612
0.103116	0.0019172
0.103139	0.00193468
0.103162	0.00193671
0.103184	0.00194229
0.103207	0.00195416
0.10323	0.00196273
0.103252	0.00197313
0.103275	0.00202647
0.103298	0.00199182
0.103321	0.00204917
0.103343	0.00201248
0.103366	0.00206949
0.103389	0.00207905
0.103411	0.00209108
0.103434	0.00210286
0.103457	0.00211487
0.10348	0.00206414
0.103502	0.00213172
0.103525	0.0020855
0.103548	0.00215734
0.10357	0.00216616
0.103593	0.00217625
0.103616	0.00218438
0.103638	0.00219931
0.103661	0.00220624
0.103684	0.00221953
0.103707	0.00222944
0.103729	0.00224032
0.103752	0.00225185
0.103775	0.00226146
0.103797	0.00227001
0.10382	0.00228511
0.103843	0.00229509
0.103865	0.00230431
0.103888	0.00231671
0.103911	0.00232633
0.103933	0.00225582
0.103956	0.00235007
0.103979	0.00235499
0.104001	0.00236627
0.104024	0.00237547
0.104047	0.00238596
0.10407	0.0023969
0.104092	0.00240714
0.104115	0.00241622
0.104138	0.00242871
0.10416	0.00243829
0.104183	0.0024472
0.104206	0.00246025
0.104228	0.00246537
0.104251	0.00247592
0.104274	0.0024885
0.104296	0.00249343
0.104319	0.00250893
0.104342	0.00252035
0.104364	0.00252808
0.104387	0.00253516
0.10441	0.00255922
0.104432	0.00256791
0.104455	0.00258044
0.104478	0.00258452
0.1045	0.00259603
0.104523	0.00260912
0.104546	0.00261955
0.104568	0.00262668
0.104591	0.00263746
0.104614	0.00264458
0.104636	0.002652
0.104659	0.00266224
0.104682	0.00267603
0.104704	0.00268056
0.104727	0.00269169
0.10475	0.00270395
0.104772	0.0027034
0.104795	0.00271876
0.104818	0.00272647
0.10484	0.00273521
0.104863	0.00274546
0.104886	0.00275375
0.104908	0.00276488
0.104931	0.00275201
0.104954	0.00277998
0.104976	0.00278442
0.104999	0.00279364
0.105022	0.00280031
0.105044	0.00281197
0.105067	0.00281915
0.105089	0.00282876
0.105112	0.00283545
0.105135	0.00284539
0.105157	0.00285146
0.10518	0.00286246
0.105203	0.00286696
0.105225	0.00287939
0.105248	0.00288297
0.105271	0.00288504
0.105293	0.0028958
0.105316	0.00290579
0.105339	0.00291305
0.105361	0.00292237
0.105384	0.00292815
0.105407	0.00293627
0.105429	0.00294237
0.105452	0.00295071
0.105474	0.00295551
0.105497	0.00296614
0.10552	0.00297179
0.105542	0.00297891
0.105565	0.00300953
0.105588	0.00301869
0.10561	0.00302537
0.105633	0.00303404
0.105656	0.00304056
0.105678	0.00304767
0.105701	0.0030596
0.105724	0.00304499
0.105746	0.00306537
0.105769	0.00307423
0.105791	0.00308206
0.105814	0.00308964
0.105837	0.00309411
0.105859	0.00310254
0.105882	0.00310726
0.105905	0.00311541
0.105927	0.00312236
0.10595	0.0031292
0.105972	0.00314885
0.105995	0.0031571
0.106018	0.00316185
0.10604	0.00316939
0.106063	0.00317409
0.106086	0.00318386
0.106108	0.00318724
0.106131	0.0031926
0.106154	0.00319666
0.106176	0.00320596
0.106199	0.00321001
0.106221	0.00321791
0.106244	0.00322104
0.106267	0.00322355
0.106289	0.00323721
0.106312	0.00322937
0.106335	0.00324096
0.106357	0.0032456
0.10638	0.00324229
0.106402	0.00332
0.106425	0.00325427
0.106448	0.00330358
0.10647	0.00330181
0.106493	0.00332247
0.106516	0.00332559
0.106538	0.00332871
0.106561	0.00333038
0.106583	0.00333541
0.106606	0.00333565
0.106629	0.00334364
0.106651	0.00334626
0.106674	0.00335281
0.106696	0.00334291
0.106719	0.00335912
0.106742	0.00336033
0.106764	0.00336609
0.106787	0.00336785
0.10681	0.0033738
0.106832	0.00337466
0.106855	0.00338145
0.106877	0.00338225
0.1069	0.00338768
0.106923	0.00338931
0.106945	0.00339425
0.106968	0.00339104
0.106991	0.0034146
0.107013	0.00347169
0.107036	0.00338969
0.107058	0.00340719
0.107081	0.00341969
0.107104	0.00346629
0.107126	0.00347331
0.107149	0.00347192
0.107171	0.00347889
0.107194	0.00347806
0.107217	0.00348394
0.107239	0.00348228
0.107262	0.00348724
0.107285	0.00348839
0.107307	0.00349284
0.10733	0.00349232
0.107352	0.00349667
0.107375	0.00349604
0.107398	0.0035002
0.10742	0.00350031
0.107443	0.00351156
0.107465	0.00350498
0.107488	0.0035316
0.107511	0.00349372
0.107533	0.00353351
0.107556	0.00349957
0.107579	0.00356013
0.107601	0.00350146
0.107624	0.0035563
0.107646	0.00350935
0.107669	0.00358584
0.107692	0.00351313
0.107714	0.00359901
0.107737	0.00351782
0.107759	0.00360413
0.107782	0.00351419
0.107805	0.00362042
0.107827	0.00351601
0.10785	0.00362498
0.107872	0.00351842
0.107895	0.00362851
0.107918	0.00351717
0.10794	0.0036296
0.107963	0.00353158
0.107986	0.00363126
0.108008	0.00353404
0.108031	0.00363123
0.108053	0.00353693
0.108076	0.00363174
0.108099	0.00353716
0.108121	0.0036039
0.108144	0.00355182
0.108166	0.00362694
0.108189	0.00352645
0.108212	0.00365718
0.108234	0.00353524
0.108257	0.00364686
0.108279	0.00355409
0.108302	0.00363871
0.108325	0.00354836
0.108347	0.00364547
0.10837	0.00355048
0.108393	0.00363811
0.108415	0.00355035
0.108438	0.00364007
0.10846	0.00353689
0.108483	0.00363656
0.108506	0.00354755
0.108528	0.00363407
0.108551	0.00354242
0.108573	0.00362766
0.108596	0.00354267
0.108619	0.00362712
0.108641	0.00353881
0.108664	0.00362539
0.108687	0.00353591
0.108709	0.00362144
0.108732	0.00353245
0.108754	0.00362028
0.108777	0.00354195
0.1088	0.00361725
0.108822	0.00349109
0.108845	0.0036079
0.108867	0.00349514
0.10889	0.00361209
0.108913	0.00348431
0.108935	0.00360211
0.108958	0.00348252
0.10898	0.00359785
0.109003	0.00348322
0.109026	0.00359359
0.109048	0.00347382
0.109071	0.00358693
0.109094	0.00346241
0.109116	0.00357993
0.109139	0.00345579
0.109161	0.00357411
0.109184	0.0034646
0.109207	0.00356796
0.109229	0.00345592
0.109252	0.00355954
0.109275	0.0034471
0.109297	0.00353463
0.10932	0.00343109
0.109342	0.00354453
0.109365	0.00342585
0.109388	0.0035372
0.10941	0.00341622
0.109433	0.00352965
0.109455	0.00340579
0.109478	0.0034879
0.109501	0.00340261
0.109523	0.00347737
0.109546	0.00339552
0.109569	0.00347228
0.109591	0.00338682
0.109614	0.00346166
0.109636	0.00338964
0.109659	0.00345509
0.109682	0.00337661
0.109704	0.00344543
0.109727	0.00338218
0.10975	0.00343874
0.109772	0.00337535
0.109795	0.00342528
0.109817	0.00336758
0.10984	0.0034102
0.109863	0.00335965
0.109885	0.00340711
0.109908	0.00334587
0.109931	0.00339767
0.109953	0.00333758
0.109976	0.00336381
0.109998	0.00334896
0.110021	0.00337097
0.110044	0.00332312
0.110066	0.00336275
0.110089	0.00331033
0.110112	0.00335361
0.110134	0.00330604
0.110157	0.00334127
0.11018	0.00329455
0.110202	0.00332861
0.110225	0.003277
0.110247	0.00331713
0.11027	0.00327213
0.110293	0.00327824
0.110315	0.00326532
0.110338	0.00326616
0.110361	0.00325704
0.110383	0.00325516
0.110406	0.00324463
0.110428	0.00324313
0.110451	0.0032348
0.110474	0.00323202
0.110496	0.00322551
0.110519	0.00322504
0.110542	0.00321865
0.110564	0.00322149
0.110587	0.00318281
0.11061	0.00319773
0.110632	0.00319077
0.110655	0.00318686
0.110678	0.00317904
0.1107	0.00317573
0.110723	0.00318521
0.110745	0.00316354
0.110768	0.00317259
0.110791	0.0031505
0.110813	0.00316003
0.110836	0.00315675
0.110859	0.00310543
0.110881	0.00314074
0.110904	0.00313359
0.110927	0.00312861
0.110949	0.00311869
0.110972	0.00308242
0.110995	0.00310533
0.111017	0.00310132
0.11104	0.00305719
0.111063	0.0030917
0.111085	0.00303473
0.111108	0.00307413
0.11113	0.003048
0.111153	0.00304408
0.111176	0.0030346
0.111198	0.00303142
0.111221	0.00302104
0.111244	0.00301779
0.111266	0.00300865
0.111289	0.00300226
0.111312	0.00299538
0.111334	0.00298889
0.111357	0.00300011
0.11138	0.00299276
0.111402	0.00298356
0.111425	0.00297625
0.111448	0.00296876
0.11147	0.00296382
0.111493	0.00294775
0.111516	0.00294687
0.111538	0.00293815
0.111561	0.00292846
0.111584	0.0029108
0.111606	0.00291721
0.111629	0.00290404
0.111652	0.00290305
0.111674	0.00289031
0.111697	0.0028837
0.11172	0.00286747
0.111742	0.00285919
0.111765	0.00286171
0.111788	0.00285092
0.11181	0.00284001
0.111833	0.00283266
0.111856	0.00282445
0.111878	0.00281674
0.111901	0.00280832
0.111924	0.00279939
0.111946	0.00279112
0.111969	0.00278084
0.111992	0.00276652
0.112014	0.00276588
0.112037	0.00275462
0.11206	0.00274648
0.112082	0.0027363
0.112105	0.00272829
0.112128	0.00271929
0.11215	0.00271228
0.112173	0.00270123
0.112196	0.00269491
0.112219	0.00268303
0.112241	0.0026735
0.112264	0.00266382
0.112287	0.00265785
0.112309	0.00264636
0.112332	0.0026394
0.112355	0.00263001
0.112377	0.00260164
0.1124	0.00260645
0.112423	0.00259987
0.112445	0.00257829
0.112468	0.0025711
0.112491	0.00255913
0.112513	0.00255137
0.112536	0.00254008
0.112559	0.00253126
0.112582	0.00252054
0.112604	0.00251221
0.112627	0.00249947
0.11265	0.00249189
0.112672	0.00248013
0.112695	0.00247042
0.112718	0.00245962
0.11274	0.00245025
0.112763	0.0024384
0.112786	0.00242691
0.112809	0.00241779
0.112831	0.00240767
0.112854	0.00239518
0.112877	0.00237967
0.112899	0.00237545
0.112922	0.00236581
0.112945	0.00235368
0.112967	0.00234438
0.11299	0.00233229
0.113013	0.00232263
0.113036	0.00231001
0.113058	0.002301
0.113081	0.0022877
0.113104	0.00227835
0.113126	0.00226624
0.113149	0.00225525
0.113172	0.00224336
0.113195	0.00223371
0.113217	0.00222033
0.11324	0.00221
0.113263	0.00219691
0.113285	0.00218676
0.113308	0.00217339
0.113331	0.00216254
0.113354	0.00214803
0.113376	0.00214127
0.113399	0.00212691
0.113422	0.00211552
0.113445	0.00210463
0.113467	0.00209378
0.11349	0.00214351
0.113513	0.00214038
0.113535	0.00205586
0.113558	0.0020458
0.113581	0.00203223
0.113604	0.00209109
0.113626	0.00206524
0.113649	0.0020639
0.113672	0.00198343
0.113695	0.0020309
0.113717	0.00201723
0.11374	0.00200554
0.113763	0.00200449
0.113786	0.00198557
0.113808	0.00196536
0.113831	0.00196015
0.113854	0.00194485
0.113876	0.00192621
0.113899	0.00191787
0.113922	0.00190655
0.113945	0.00189104
0.113967	0.0018807
0.11399	0.0018655
0.114013	0.00185186
0.114036	0.00183737
0.114058	0.00182483
0.114081	0.00180967
0.114104	0.00179746
0.114126	0.00178167
0.114149	0.00176675
0.114172	0.00176099
0.114195	0.00174452
0.114217	0.00172829
0.11424	0.00171565
0.114263	0.00170203
0.114286	0.00168772
0.114308	0.0016725
0.114331	0.00166153
0.114354	0.00164596
0.114376	0.00163329
0.114399	0.00161781
0.114422	0.00160577
0.114444	0.00158967
0.114467	0.00157961
0.11449	0.00156162
0.114513	0.00155125
0.114535	0.00153494
0.114558	0.00152287
0.114581	0.00150746
0.114603	0.0014941
0.114626	0.0014799
0.114649	0.00146692
0.114671	0.00145469
0.114694	0.0014412
0.114717	0.00142564
0.11474	0.00141465
0.114762	0.00139865
0.114785	0.00138735
0.114808	0.0013728
0.11483	0.00136004
0.114853	0.00134494
0.114876	0.00133336
0.114898	0.00131782
0.114921	0.0013066
0.114944	0.00129246
0.114966	0.00127994
0.114989	0.00126575
0.115012	0.00125461
0.115034	0.00123982
0.115057	0.00123057
0.11508	0.00121067
0.115102	0.00120062
0.115125	0.00118769
0.115148	0.00117452
0.11517	0.00116202
0.115193	0.00115003
0.115216	0.00113619
0.115238	0.00112478
0.115261	0.00111175
0.115284	0.00109861
0.115306	0.00108672
0.115329	0.00107586
0.115352	0.00106164
0.115374	0.00105175
0.115397	0.00103652
0.11542	0.00102755
0.115442	0.0010104
0.115465	0.00100171
0.115488	0.00098741
0.11551	0.000977932
0.115533	0.000964063
0.115556	0.000954725
0.115578	0.000941402
0.115601	0.000932073
0.115624	0.000918093
0.115646	0.000912341
0.115669	0.000896377
0.115691	0.000889883
0.115714	0.000878225
0.115737	0.000868976
0.115759	0.000856278
0.115782	0.000849831
0.115805	0.000838765
0.115827	0.000831121
0.11585	0.000817983
0.115873	0.000813112
0.115895	0.000803373
0.115918	0.000793811
0.11594	0.000787819
0.115963	0.000777776
0.115986	0.000772931
0.116008	0.000767057
0.116031	0.000759326
0.116054	0.000753817
0.116076	0.000747066
0.116099	0.000744593
0.116121	0.000736733
0.116144	0.000734615
0.116167	0.000729468
0.116189	0.000726657
0.116212	0.000721731
0.116235	0.000719701
0.116257	0.00071537
0.11628	0.000714716
0.116302	0.000711991
0.116325	0.000713396
0.116348	0.000715072
0.11637	0.000720291
0.116393	0.000725569
0.116415	0.000731242
0.116438	0.000739849
0.116461	0.000736049
0.116483	0.000752675
0.116506	0.000753883
0.116528	0.000761483
0.116551	0.000765754
0.116574	0.00077368
0.116596	0.000781493
0.116619	0.000782115
0.116641	0.000788015
0.116664	0.000800125
0.116687	0.000806066
0.116709	0.000815227
0.116732	0.000823811
0.116754	0.000835912
0.116777	0.000837909
0.1168	0.000855025
0.116822	0.000863379
0.116845	0.000870352
0.116867	0.000879798
0.11689	0.000897042
0.116912	0.000903115
0.116935	0.000917768
0.116958	0.000925498
0.11698	0.000937637
0.117003	0.000947742
0.117025	0.000958714
0.117048	0.000969546
0.11707	0.000977621
0.117093	0.000986791
0.117116	0.000997918
0.117138	0.00101117
0.117161	0.00102349
0.117183	0.00103529
0.117206	0.00104746
0.117228	0.00105782
0.117251	0.00106845
0.117274	0.00108054
0.117296	0.0010904
0.117319	0.00110216
0.117341	0.00111326
0.117364	0.00112577
0.117386	0.00113594
0.117409	0.00114756
0.117432	0.00115861
0.117454	0.00116852
0.117477	0.00118055
0.117499	0.00119005
0.117522	0.00120354
0.117544	0.0012045
0.117567	0.00121713
0.117589	0.00122774
0.117612	0.00123865
0.117635	0.00124938
0.117657	0.00125914
0.11768	0.00127013
0.117702	0.0012803
0.117725	0.001293
0.117747	0.00130227
0.11777	0.00131342
0.117792	0.00132516
0.117815	0.00133524
0.117837	0.0013476
0.11786	0.00135639
0.117883	0.00136881
0.117905	0.0013782
0.117928	0.00139068
0.11795	0.0014006
0.117973	0.00141313
0.117995	0.00142368
0.118018	0.00143499
0.11804	0.00144602
0.118063	0.00145767
0.118085	0.00146732
0.118108	0.00147919
0.11813	0.00148922
0.118153	0.00150125
0.118175	0.00151071
0.118198	0.00152283
0.118221	0.00153354
0.118243	0.00154629
0.118266	0.00155553
0.118288	0.00156796
0.118311	0.00157716
0.118333	0.00158865
0.118356	0.00159823
0.118378	0.00160693
0.118401	0.00161932
0.118423	0.00162845
0.118446	0.00163866
0.118468	0.0016495
0.118491	0.00165954
0.118513	0.0016714
0.118536	0.00167877
0.118558	0.00169152
0.118581	0.00170058
0.118603	0.00171113
0.118626	0.00172019
0.118648	0.00173319
0.118671	0.00174095
0.118693	0.00175337
0.118716	0.00176388
0.118738	0.00177362
0.118761	0.00178151
0.118783	0.00179435
0.118806	0.00180173
0.118829	0.00181482
0.118851	0.00182149
0.118874	0.00183216
0.118896	0.00184091
0.118919	0.00185324
0.118941	0.00185973
0.118964	0.00187156
0.118986	0.00187959
0.119009	0.00188928
0.119031	0.00189773
0.119054	0.00190836
0.119076	0.00191493
0.119099	0.00192607
0.119121	0.00193457
0.119144	0.00194345
0.119166	0.00195144
0.119189	0.00196223
0.119211	0.00196863
0.119234	0.0019795
0.119256	0.00198622
0.119279	0.00199452
0.119301	0.0020027
0.119324	0.00201282
0.119346	0.00201885
0.119369	0.00202966
0.119391	0.00203629
0.119414	0.00204463
0.119436	0.00205279
0.119459	0.00206266
0.119481	0.00206386
0.119504	0.00207671
0.119526	0.00208359
0.119548	0.00208514
0.119571	0.00209829
0.119593	0.00210725
0.119616	0.00211307
0.119638	0.00212202
0.119661	0.00212817
0.119683	0.00213503
0.119706	0.00214244
0.119728	0.00214994
0.119751	0.00215555
0.119773	0.00216287
0.119796	0.00217014
0.119818	0.00217586
0.119841	0.00218273
0.119863	0.00219004
0.119886	0.00219514
0.119908	0.00220194
0.119931	0.00220756
0.119953	0.00221491
0.119976	0.00222054
0.119998	0.00222582
0.120021	0.00223269
0.120043	0.00223396
0.120066	0.00224601
0.120088	0.00225017
0.120111	0.00225645
0.120133	0.00225797
0.120156	0.00226623
0.120178	0.00226781
0.120201	0.00227337
0.120223	0.00227717
0.120245	0.00229028
0.120268	0.00229418
0.12029	0.00229416
0.120313	0.00229807
0.120335	0.00230485
0.120358	0.00230973
0.12038	0.00231284
0.120403	0.0023249
0.120425	0.00233079
0.120448	0.00233323
0.12047	0.00233986
0.120493	0.002338
0.120515	0.00234668
0.120538	0.00234788
0.12056	0.00235027
0.120583	0.00236215
0.120605	0.00236555
0.120628	0.00236399
0.12065	0.00237299
0.120673	0.00237309
0.120695	0.0023822
0.120717	0.00238061
0.12074	0.00238972
0.120762	0.00239506
0.120785	0.00239698
0.120807	0.00239647
0.12083	0.00240486
0.120852	0.00240347
0.120875	0.00241113
0.120897	0.0024109
0.12092	0.00241677
0.120942	0.00241792
0.120965	0.00242524
0.120987	0.00242378
0.12101	0.00243115
0.121032	0.00243556
0.121055	0.00243761
0.121077	0.00244192
0.1211	0.00244311
0.121122	0.00244787
0.121144	0.00244934
0.121167	0.00245269
0.121189	0.0024539
0.121212	0.00245848
0.121234	0.00246055
0.121257	0.00246083
0.121279	0.00246433
0.121302	0.00246883
0.121324	0.00246796
0.121347	0.00247285
0.121369	0.00247404
0.121392	0.0024772
0.121414	0.00247842
0.121437	0.00248219
0.121459	0.0024825
0.121482	0.00248579
0.121504	0.00248644
0.121526	0.00248962
0.121549	0.0024909
0.121571	0.00249313
0.121594	0.00249352
0.121616	0.00249704
0.121639	0.00249633
0.121661	0.00250088
0.121684	0.00250033
0.121706	0.00250305
0.121729	0.00250273
0.121751	0.00250643
0.121774	0.00250533
0.121796	0.00250823
0.121819	0.00250938
0.121841	0.00251177
0.121864	0.00251198
0.121886	0.00251382
0.121908	0.00251397
0.121931	0.00251639
0.121953	0.00251476
0.121976	0.0025198
0.121998	0.00251774
0.122021	0.00252122
0.122043	0.00251916
0.122066	0.00252259
0.122088	0.00252184
0.122111	0.00252409
0.122133	0.00252185
0.122156	0.00252627
0.122178	0.00252486
0.122201	0.00252692
0.122223	0.00252599
0.122246	0.00252925
0.122268	0.00252698
0.122291	0.00253031
0.122313	0.00252829
0.122335	0.00253105
0.122358	0.00253001
0.12238	0.00253226
0.122403	0.00252897
0.122425	0.00253368
0.122448	0.00253018
0.12247	0.00253471
0.122493	0.00253149
0.122515	0.00253482
0.122538	0.00253235
0.12256	0.00253577
0.122583	0.00253263
0.122605	0.0025361
0.122628	0.00253282
0.12265	0.00253653
0.122673	0.00253314
0.122695	0.00253663
0.122718	0.00253258
0.12274	0.00253722
0.122763	0.00253294
0.122785	0.00253692
0.122808	0.00253325
0.12283	0.00253622
0.122853	0.00253226
0.122875	0.00253545
0.122897	0.00253205
0.12292	0.00253528
0.122942	0.00253201
0.122965	0.00253501
0.122987	0.00253139
0.12301	0.00253438
0.123032	0.00253072
0.123055	0.00253287
0.123077	0.00252913
0.1231	0.00253243
0.123122	0.00252839
0.123145	0.00253185
0.123167	0.00252755
0.12319	0.00253035
0.123212	0.00252647
0.123235	0.00252916
0.123257	0.00252432
0.12328	0.00252785
0.123302	0.0025241
0.123325	0.00252675
0.123347	0.00252245
0.12337	0.00252519
0.123392	0.00252015
0.123415	0.00252326
0.123437	0.00251922
0.12346	0.00252204
0.123482	0.00251723
0.123505	0.00252005
0.123527	0.00251519
0.12355	0.00251854
0.123572	0.00251374
0.123595	0.00251632
0.123617	0.00251165
0.12364	0.00251354
0.123662	0.00251005
0.123685	0.00251279
0.123707	0.0025138
0.12373	0.00250925
0.123752	0.00250638
0.123775	0.002507
0.123797	0.00250473
0.12382	0.00250556
0.123842	0.00250246
0.123865	0.00250387
0.123887	0.00249916
0.12391	0.00250021
0.123932	0.00249723
0.123955	0.00249906
0.123977	0.00249507
0.124	0.00249588
0.124022	0.00249209
0.124045	0.00249254
0.124067	0.00248958
0.12409	0.00249083
0.124112	0.00248743
0.124135	0.00248874
0.124157	0.00248464
0.12418	0.00248576
0.124202	0.00248238
0.124225	0.00248295
0.124247	0.00247931
0.12427	0.00247992
0.124292	0.00247632
0.124315	0.00247673
0.124338	0.00247218
0.12436	0.00247406
0.124383	0.00247029
0.124405	0.00247068
0.124428	0.00246659
0.12445	0.00246699
0.124473	0.00246388
0.124495	0.00246364
0.124518	0.00246029
0.12454	0.00245981
0.124563	0.00245709
0.124585	0.00245631
0.124608	0.00245343
0.12463	0.00245274
0.124653	0.00244943
0.124675	0.00244898
0.124698	0.00244595
0.12472	0.00244526
0.124743	0.00244336
0.124766	0.00244186
0.124788	0.00244013
0.124811	0.00243971
0.124833	0.00243569
0.124856	0.00243577
0.124878	0.00243176
0.124901	0.00243099
0.124923	0.00242802
0.124946	0.00242679
0.124968	0.00242489
0.124991	0.00242262
0.125013	0.00242015
0.125036	0.00241872
0.125059	0.00241629
0.125081	0.00241454
0.125104	0.00241215
0.125126	0.00241036
0.125149	0.00240699
0.125171	0.00240617
0.125194	0.00240274
0.125216	0.00240216
0.125239	0.00239888
0.125261	0.00239616
0.125284	0.00239454
0.125307	0.00239238
0.125329	0.00239397
0.125352	0.00238729
0.125374	0.0023859
0.125397	0.00238237
0.125419	0.00238768
0.125442	0.00237805
0.125464	0.00237674
0.125487	0.00237448
0.12551	0.00237288
0.125532	0.00236832
0.125555	0.00236835
0.125577	0.00236537
0.1256	0.0023619
0.125622	0.00236065
0.125645	0.0023592
0.125668	0.00235428
0.12569	0.00235395
0.125713	0.00235198
0.125735	0.00234731
0.125758	0.00234617
0.12578	0.0023438
0.125803	0.00233923
0.125826	0.0023384
0.125848	0.00233585
0.125871	0.00233279
0.125893	0.00233054
0.125916	0.00232767
0.125938	0.00232467
0.125961	0.00232251
0.125984	0.00231997
0.126006	0.00231746
0.126029	0.0023217
0.126051	0.00231254
0.126074	0.00230993
0.126097	0.002306
0.126119	0.00231109
0.126142	0.00230191
0.126164	0.00230435
0.126187	0.00229629
0.126209	0.00229902
0.126232	0.00229064
0.126255	0.00229328
0.126277	0.00228475
0.1263	0.00228842
0.126322	0.00227799
0.126345	0.00228227
0.126368	0.00227286
0.12639	0.00227577
0.126413	0.00226729
0.126435	0.00227023
0.126458	0.00226674
0.126481	0.00226433
0.126503	0.00225494
0.126526	0.00225804
0.126548	0.00225403
0.126571	0.00225123
0.126594	0.00224918
0.126616	0.00224508
0.126639	0.00223538
0.126662	0.00223758
0.126684	0.00223389
0.126707	0.0022314
0.126729	0.0022266
0.126752	0.00222387
0.126775	0.00221921
0.126797	0.00221706
0.12682	0.00221295
0.126842	0.0022085
0.126865	0.00220518
0.126888	0.00220155
0.12691	0.00219662
0.126933	0.00219435
0.126956	0.0021893
0.126978	0.00218624
0.127001	0.00218122
0.127023	0.00217743
0.127046	0.00217185
0.127069	0.00216895
0.127091	0.0021637
0.127114	0.00216099
0.127137	0.00215541
0.127159	0.00214986
0.127182	0.00214633
0.127205	0.00214296
0.127227	0.00213783
0.12725	0.00213304
0.127272	0.00212843
0.127295	0.00212217
0.127318	0.00211807
0.12734	0.00211202
0.127363	0.00210682
0.127386	0.00210195
0.127408	0.00209557
0.127431	0.00209007
0.127453	0.00208411
0.127476	0.00207935
0.127499	0.00207273
0.127521	0.0020679
0.127544	0.00206128
0.127567	0.00205598
0.127589	0.00204917
0.127612	0.00204359
0.127634	0.00203582
0.127657	0.00203127
0.12768	0.00202353
0.127702	0.00201929
0.127725	0.00201092
0.127748	0.00200655
0.12777	0.0019992
0.127793	0.00199331
0.127815	0.00198518
0.127838	0.00197983
0.127861	0.00197112
0.127883	0.0019663
0.127906	0.00195803
0.127928	0.00195246
0.127951	0.00194415
0.127974	0.00193796
0.127996	0.00192991
0.128019	0.00192373
0.128041	0.00191499
0.128064	0.00190778
0.128087	0.00190024
0.128109	0.0018928
0.128132	0.00188556
0.128154	0.00187777
0.128177	0.0018698
0.128199	0.00186247
0.128222	0.00185426
0.128245	0.00184695
0.128267	0.00183858
0.12829	0.00183115
0.128312	0.00182265
0.128335	0.00181528
0.128358	0.00180625
0.12838	0.00179837
0.128403	0.00178966
0.128425	0.00178165
0.128448	0.00177299
0.12847	0.00176504
0.128493	0.00175547
0.128516	0.00174749
0.128538	0.00173876
0.128561	0.00173012
0.128583	0.00172107
0.128606	0.00171288
0.128628	0.00170302
0.128651	0.00169501
0.128673	0.00168547
0.128696	0.00167624
0.128719	0.00166766
0.128741	0.0016586
0.128764	0.00164877
0.128786	0.00164013
0.128809	0.00163066
0.128831	0.00162132
0.128854	0.00161149
0.128876	0.00160347
0.128899	0.00159256
0.128921	0.00158408
0.128944	0.00157342
0.128967	0.00156519
0.128989	0.00155454
0.129012	0.00154556
0.129034	0.00153562
0.129057	0.00152633
0.129079	0.00151618
0.129102	0.00150718
0.129124	0.00149734
0.129147	0.00148751
0.129169	0.00147704
0.129192	0.00146816
0.129214	0.00145724
0.129237	0.00145468
0.129259	0.00144432
0.129282	0.00143554
0.129305	0.00142473
0.129327	0.00141539
0.12935	0.00140498
0.129372	0.00139573
0.129395	0.00138544
0.129417	0.00137685
0.12944	0.00136447
0.129462	0.00135611
0.129485	0.00134496
0.129507	0.00133588
0.12953	0.00132546
0.129552	0.00131639
0.129575	0.00130606
0.129597	0.00129605
0.12962	0.00128616
0.129642	0.00127581
0.129665	0.00126605
0.129687	0.00125521
0.12971	0.00124668
0.129732	0.00123479
0.129755	0.0012267
0.129777	0.00121724
0.1298	0.00120668
0.129822	0.00119743
0.129845	0.00118689
0.129867	0.00117704
0.12989	0.00116728
0.129912	0.00115708
0.129935	0.00114829
0.129957	0.00113375
0.12998	0.00112528
0.130002	0.00111421
0.130025	0.00110453
0.130047	0.00109389
0.13007	0.00108472
0.130092	0.00107452
0.130114	0.00106523
0.130137	0.00105423
0.130159	0.00104524
0.130182	0.00103456
0.130204	0.00102568
0.130227	0.00101591
0.130249	0.00100608
0.130272	0.0009975
0.130294	0.00100796
0.130317	0.000999275
0.130339	0.000988709
0.130362	0.000982138
0.130384	0.000971687
0.130407	0.000964978
0.130429	0.000954143
0.130452	0.000947802
0.130474	0.000936506
0.130496	0.000931754
0.130519	0.000920352
0.130541	0.000916314
0.130564	0.000905188
0.130586	0.000902815
0.130609	0.000891223
0.130631	0.000889285
0.130654	0.000880792
0.130676	0.000879634
0.130699	0.000867784
0.130721	0.000866379
0.130743	0.000855681
0.130766	0.000854961
0.130788	0.000844346
0.130811	0.000843357
0.130833	0.000834791
0.130856	0.000833781
0.130878	0.000825117
0.130901	0.000823095
0.130923	0.00081639
0.130945	0.00081319
0.130968	0.000807021
0.13099	0.000804588
0.131013	0.000800733
0.131035	0.000797085
0.131058	0.000791622
0.13108	0.000789214
0.131103	0.000786787
0.131125	0.0007828
0.131147	0.000779704
0.13117	0.000775671
0.131192	0.000773596
0.131215	0.000772015
0.131237	0.000770646
0.13126	0.000768182
0.131282	0.000768374
0.131304	0.000766316
0.131327	0.00076505
0.131349	0.000764729
0.131372	0.000776824
0.131394	0.000774945
0.131417	0.000776298
0.131439	0.000773491
0.131461	0.000775959
0.131484	0.00077705
0.131506	0.000779285
0.131529	0.000780924
0.131551	0.000781723
0.131573	0.0007845
0.131596	0.000785883
0.131618	0.000789835
0.131641	0.000791162
0.131663	0.000795263
0.131686	0.000799227
0.131708	0.000802656
0.13173	0.000807451
0.131753	0.000812218
0.131775	0.000817737
0.131798	0.000823357
0.13182	0.000830144
0.131842	0.000833526
0.131865	0.000840751
0.131887	0.000846061
0.13191	0.000853835
0.131932	0.000856797
0.131954	0.000866551
0.131977	0.000869875
0.131999	0.000881509
0.132022	0.000885595
0.132044	0.000891991
0.132067	0.000887374
0.132089	0.000910358
0.132111	0.000901523
0.132134	0.000910422
0.132156	0.000916232
0.132179	0.000926057
0.132201	0.000933049
0.132223	0.00094229
0.132246	0.000948395
0.132268	0.000959753
0.132291	0.000963418
0.132313	0.000974522
0.132335	0.000978717
0.132358	0.000990901
0.13238	0.000993547
0.132402	0.0010068
0.132425	0.00100917
0.132447	0.00102172
0.13247	0.00102575
0.132492	0.00103697
0.132514	0.00103759
0.132537	0.00105165
0.132559	0.00105282
0.132582	0.00106677
0.132604	0.001069
0.132626	0.00108141
0.132649	0.00108637
0.132671	0.00109684
0.132694	0.00109558
0.132716	0.001109
0.132738	0.00111127
0.132761	0.00112582
0.132783	0.00112725
0.132805	0.0011404
0.132828	0.00114109
0.13285	0.0011564
0.132873	0.00115425
0.132895	0.00117096
0.132917	0.00116878
0.13294	0.00118118
0.132962	0.00118005
0.132985	0.00120007
0.133007	0.0011939
0.133029	0.00120952
0.133052	0.00120789
0.133074	0.00122544
0.133096	0.00122056
0.133119	0.0012395
0.133141	0.00123459
0.133164	0.00125135
0.133186	0.00124566
0.133208	0.00126495
0.133231	0.00126016
0.133253	0.00127501
0.133275	0.00127358
0.133298	0.00128653
0.13332	0.00128531
0.133343	0.00130256
0.133365	0.00129978
0.133387	0.00131153
0.13341	0.00130706
0.133432	0.00132011
0.133454	0.00132036
0.133477	0.00133176
0.133499	0.0013317
0.133521	0.00134528
0.133544	0.00134357
0.133566	0.00135566
0.133589	0.00135497
0.133611	0.0013664
0.133633	0.00136763
0.133656	0.0013865
0.133678	0.00137784
0.1337	0.00139678
0.133723	0.00139636
0.133745	0.00139705
0.133767	0.00140835
0.13379	0.001417
0.133812	0.00141841
0.133835	0.00142594
0.133857	0.00142819
0.133879	0.00142507
0.133902	0.00143907
0.133924	0.00144658
0.133946	0.00144759
0.133969	0.00145579
0.133991	0.00145725
0.134013	0.00146348
0.134036	0.00146673
0.134058	0.00147387
0.134081	0.00147671
0.134103	0.00148138
0.134125	0.00148405
0.134148	0.00148963
0.13417	0.00149268
0.134192	0.00149504
0.134215	0.00150054
0.134237	0.00150412
0.134259	0.0015125
0.134282	0.00151085
0.134304	0.0015164
0.134326	0.00151782
0.134349	0.00152781
0.134371	0.00152776
0.134393	0.00153403
0.134416	0.00153713
0.134438	0.00154022
0.134461	0.00154238
0.134483	0.00154895
0.134505	0.00154897
0.134528	0.00155381
0.13455	0.00155203
0.134572	0.00155917
0.134595	0.00156028
0.134617	0.00156556
0.134639	0.00156815
0.134662	0.0015725
0.134684	0.00157434
0.134706	0.00157795
0.134729	0.00158103
0.134751	0.00158598
0.134773	0.00157769
0.134796	0.00159035
0.134818	0.00158407
0.134841	0.00159712
0.134863	0.00158744
0.134885	0.00159121
0.134908	0.00160321
0.13493	0.00159642
0.134952	0.00160876
0.134975	0.00159934
0.134997	0.00162196
0.135019	0.00160486
0.135042	0.00162839
0.135064	0.00160806
0.135086	0.00163939
0.135109	0.00161335
0.135131	0.00163635
0.135153	0.00161414
0.135176	0.00165025
0.135198	0.00162251
0.13522	0.00165599
0.135243	0.00162455
0.135265	0.00166076
0.135288	0.00162773
0.13531	0.00166349
0.135332	0.00163112
0.135355	0.00167044
0.135377	0.00162886
0.135399	0.00167154
0.135422	0.00163535
0.135444	0.00167446
0.135466	0.00163822
0.135489	0.00167721
0.135511	0.00163756
0.135533	0.00168014
0.135556	0.00164237
0.135578	0.00168159
0.1356	0.0016441
0.135623	0.00168403
0.135645	0.00164576
0.135667	0.00168482
0.13569	0.00164713
0.135712	0.00168656
0.135735	0.00164979
0.135757	0.0016866
0.135779	0.00165115
0.135802	0.00168598
0.135824	0.00165226
0.135846	0.00168646
0.135869	0.00165262
0.135891	0.00168855
0.135913	0.00165903
0.135936	0.00168865
0.135958	0.00165773
0.13598	0.00168415
0.136003	0.00165777
0.136025	0.00168628
0.136048	0.0016622
0.13607	0.00168476
0.136092	0.00166167
0.136115	0.00168741
0.136137	0.00166489
0.136159	0.00168739
0.136182	0.00166627
0.136204	0.00168775
0.136226	0.0016658
0.136249	0.0016873
0.136271	0.00166647
0.136293	0.0016904
0.136316	0.00166412
0.136338	0.00168845
0.136361	0.00166512
0.136383	0.00168976
0.136405	0.00166458
0.136428	0.00168947
0.13645	0.0016799
0.136472	0.00169074
0.136495	0.00168254
0.136517	0.00168779
0.136539	0.00168153
0.136562	0.00168798
0.136584	0.00168322
0.136607	0.00168656
0.136629	0.00168261
0.136651	0.00168157
0.136674	0.00168434
0.136696	0.00168016
0.136718	0.00168746
0.136741	0.00167404
0.136763	0.00169337
0.136785	0.00166059
0.136808	0.00170103
0.13683	0.00164928
0.136853	0.00169195
0.136875	0.00163374
0.136897	0.00170509
0.13692	0.00163103
0.136942	0.00170913
0.136964	0.00163584
0.136987	0.00170763
0.137009	0.00163785
0.137032	0.00170669
0.137054	0.00163983
0.137076	0.00170357
0.137099	0.00163295
0.137121	0.00170502
0.137143	0.00163779
0.137166	0.0016997
0.137188	0.00163997
0.137211	0.001697
0.137233	0.00164146
0.137255	0.00169409
0.137278	0.00164492
0.1373	0.00169189
0.137322	0.00164745
0.137345	0.00169121
0.137367	0.00164805
0.13739	0.00169396
0.137412	0.0016507
0.137434	0.00168901
0.137457	0.00165278
0.137479	0.00168672
0.137502	0.00165561
0.137524	0.00168445
0.137546	0.00165844
0.137569	0.00168255
0.137591	0.00166066
0.137613	0.00167884
0.137636	0.00166281
0.137658	0.00168167
0.137681	0.00166587
0.137703	0.00167858
0.137725	0.00167035
0.137748	0.00167482
0.13777	0.00167106
0.137793	0.00167274
0.137815	0.00167497
0.137837	0.00167019
0.13786	0.00167969
0.137882	0.00166864
0.137905	0.00168128
0.137927	0.00166928
0.137949	0.00168018
0.137972	0.00167043
0.137994	0.00167889
0.138017	0.00167037
0.138039	0.00167766
0.138061	0.00167149
0.138084	0.00167836
0.138106	0.0016719
0.138129	0.00167867
0.138151	0.00167371
0.138173	0.00167803
0.138196	0.00167442
0.138218	0.00167964
0.138241	0.00167509
0.138263	0.00167928
0.138286	0.0016758
0.138308	0.00167932
0.13833	0.00167624
0.138353	0.001679
0.138375	0.00167791
0.138398	0.00168118
0.13842	0.00167912
0.138442	0.00168122
0.138465	0.00167834
0.138487	0.00168199
0.13851	0.00167929
0.138532	0.00168224
0.138555	0.00167958
0.138577	0.00168427
0.138599	0.00168148
0.138622	0.00168528
0.138644	0.00168132
0.138667	0.00168724
0.138689	0.0016817
0.138712	0.00168759
0.138734	0.00168216
0.138756	0.00168944
0.138779	0.00168244
0.138801	0.00169071
0.138824	0.00168341
0.138846	0.00169206
0.138869	0.00168392
0.138891	0.00169388
0.138913	0.00168437
0.138936	0.00169567
0.138958	0.00168456
0.138981	0.0016975
0.139003	0.00168554
0.139026	0.00169847
0.139048	0.00168633
0.139071	0.00169923
0.139093	0.00168728
0.139115	0.00169989
0.139138	0.00168784
0.13916	0.00170181
0.139183	0.00168934
0.139205	0.00170255
0.139228	0.0016903
0.13925	0.0017048
0.139273	0.00169192
0.139295	0.00170418
0.139318	0.00169308
0.13934	0.00170455
0.139362	0.0016952
0.139385	0.00170591
0.139407	0.00169718
0.13943	0.00170588
0.139452	0.00170031
0.139475	0.00170675
0.139497	0.00170158
0.13952	0.00170739
0.139542	0.00170324
0.139565	0.00170772
0.139587	0.00170495
0.13961	0.00171
0.139632	0.00170629
0.139655	0.00171017
0.139677	0.00170723
0.139699	0.00170966
0.139722	0.00171063
0.139744	0.00171046
0.139767	0.00171124
0.139789	0.00171155
0.139812	0.00171283
0.139834	0.00171164
0.139857	0.001714
0.139879	0.00171255
0.139902	0.00171517
0.139924	0.0017129
0.139947	0.00171607
0.139969	0.00171346
0.139992	0.00171761
0.140014	0.00171454
0.140037	0.00171871
0.140059	0.00171452
0.140082	0.00171977
0.140104	0.00171446
0.140127	0.00172084
0.140149	0.00171559
0.140172	0.00172096
0.140194	0.00171671
0.140217	0.00172261
0.140239	0.00171697
0.140262	0.00172408
0.140284	0.00171774
0.140307	0.00172518
0.140329	0.00171634
0.140352	0.00172472
0.140374	0.00171628
0.140397	0.00172463
0.140419	0.00171637
0.140442	0.00172409
0.140464	0.00171619
0.140487	0.00172279
0.140509	0.00171605
0.140532	0.00172272
0.140554	0.00171699
0.140577	0.00172222
0.140599	0.00171662
0.140621	0.00172127
0.140644	0.00171465
0.140666	0.00172109
0.140689	0.00171342
0.140711	0.00171971
0.140734	0.00171283
0.140756	0.00172032
0.140779	0.001712
0.140801	0.00171774
0.140824	0.00171104
0.140846	0.00171573
0.140869	0.001709
0.140891	0.00171435
0.140914	0.00170829
0.140936	0.00171231
0.140958	0.00170678
0.140981	0.00171064
0.141003	0.00170411
0.141026	0.00170926
0.141048	0.00170122
0.141071	0.00170591
0.141093	0.00170065
0.141116	0.00170455
0.141138	0.00169879
0.14116	0.00170217
0.141183	0.00169649
0.141205	0.00169873
0.141228	0.00169287
0.14125	0.00169614
0.141273	0.00168991
0.141295	0.00169318
0.141317	0.00168619
0.14134	0.00168994
0.141362	0.00168252
0.141385	0.00168604
0.141407	0.00167999
0.14143	0.00168203
0.141452	0.00167485
0.141474	0.00167727
0.141497	0.00167084
0.141519	0.00167273
0.141542	0.00166708
0.141564	0.00166858
0.141586	0.00166235
0.141609	0.00166288
0.141631	0.00165744
0.141654	0.00165748
0.141676	0.00165238
0.141698	0.0016526
0.141721	0.00164669
0.141743	0.00164699
0.141766	0.00164277
0.141788	0.00164111
0.14181	0.00163718
0.141833	0.0016356
0.141855	0.00162932
0.141878	0.00162889
0.1419	0.0016236
0.141922	0.00162241
0.141945	0.00161752
0.141967	0.00161588
0.141989	0.00161242
0.142012	0.00160978
0.142034	0.00160441
0.142057	0.00160157
0.142079	0.00159616
0.142101	0.00159284
0.142124	0.00158951
0.142146	0.00158546
0.142168	0.00158113
0.142191	0.00157772
0.142213	0.00157325
0.142236	0.00156968
0.142258	0.00156376
0.14228	0.00156119
0.142303	0.00155596
0.142325	0.00155227
0.142347	0.00154653
0.14237	0.00154451
0.142392	0.00153791
0.142414	0.00153497
0.142437	0.00152889
0.142459	0.00152511
0.142481	0.00152273
0.142504	0.0015168
0.142526	0.0015122
0.142548	0.0015065
0.142571	0.00150304
0.142593	0.00149526
0.142615	0.00149395
0.142638	0.00148747
0.14266	0.00148261
0.142682	0.00147573
0.142705	0.00147238
0.142727	0.00146606
0.142749	0.00146154
0.142772	0.00145611
0.142794	0.00145046
0.142816	0.00144569
0.142839	0.00143961
0.142861	0.00143405
0.142883	0.00142889
0.142906	0.00142577
0.142928	0.00141363
0.14295	0.00140525
0.142973	0.00140388
0.142995	0.00139953
0.143017	0.00139234
0.14304	0.00138822
0.143062	0.0013807
0.143084	0.00137659
0.143106	0.00136768
0.143129	0.00136586
0.143151	0.00135584
0.143173	0.00135401
0.143196	0.00134245
0.143218	0.00134297
0.14324	0.00133038
0.143263	0.00132987
0.143285	0.00131754
0.143307	0.0013207
0.143329	0.00130456
0.143352	0.00130682
0.143374	0.00129017
0.143396	0.00129642
0.143419	0.00127897
0.143441	0.00128648
0.143463	0.00126855
0.143485	0.00127375
0.143508	0.0012566
0.14353	0.00125977
0.143552	0.00124023
0.143575	0.00124922
0.143597	0.00122927
0.143619	0.00123523
0.143641	0.00121877
0.143664	0.00122333
0.143686	0.00120936
0.143708	0.00121143
0.14373	0.00119532
0.143753	0.00120085
0.143775	0.0011837
0.143797	0.00119033
0.14382	0.00117086
0.143842	0.00117729
0.143864	0.00115945
0.143886	0.00116558
0.143909	0.00115082
0.143931	0.00115205
0.143953	0.00114042
0.143975	0.00114006
0.143998	0.00113036
0.14402	0.00112844
0.144042	0.00111893
0.144064	0.00111442
0.144087	0.00110984
0.144109	0.00109594
0.144131	0.00110221
0.144153	0.00109223
0.144176	0.00109676
0.144198	0.00106684
0.14422	0.00107946
0.144242	0.00106126
0.144265	0.00106922
0.144287	0.00104833
0.144309	0.00106172
0.144331	0.00103851
0.144354	0.0010522
0.144376	0.00102832
0.144398	0.00104476
0.14442	0.00101887
0.144443	0.00103761
0.144465	0.00101172
0.144487	0.00103098
0.144509	0.00100322
0.144531	0.00102699
0.144554	0.000997015
0.144576	0.00102047
0.144598	0.0009916
0.14462	0.00101724
0.144643	0.000982957
0.144665	0.00101543
0.144687	0.000974592
0.144709	0.00101189
0.144731	0.000967461
0.144754	0.00101071
0.144776	0.00096496
0.144798	0.00100851
0.14482	0.00096058
0.144843	0.00100611
0.144865	0.000959416
0.144887	0.001006
0.144909	0.000957366
0.144931	0.0010047
0.144954	0.000956731
0.144976	0.00100522
0.144998	0.000954328
0.14502	0.00100903
0.145042	0.000955156
0.145065	0.00101446
0.145087	0.000954817
0.145109	0.00101106
0.145131	0.000957671
0.145154	0.00101591
0.145176	0.000960987
0.145198	0.00102162
0.14522	0.000965068
0.145242	0.00102316
0.145265	0.000969011
0.145287	0.00103058
0.145309	0.000977854
0.145331	0.00103645
0.145353	0.000981292
0.145376	0.00104514
0.145398	0.000992396
0.14542	0.00105405
0.145442	0.00100039
0.145464	0.00106033
0.145487	0.00101368
0.145509	0.00107086
0.145531	0.00102731
0.145553	0.00107268
0.145575	0.001031
0.145597	0.00109017
0.14562	0.00104862
0.145642	0.00110388
0.145664	0.00106245
0.145686	0.00111551
0.145708	0.00107738
0.145731	0.00112625
0.145753	0.00109251
0.145775	0.00113986
0.145797	0.00110713
0.145819	0.00115425
0.145842	0.00112222
0.145864	0.00116824
0.145886	0.00113781
0.145908	0.0011841
0.14593	0.00115185
0.145952	0.00120121
0.145975	0.00116885
0.145997	0.00121809
0.146019	0.00118435
0.146041	0.00123054
0.146063	0.00120017
0.146086	0.00124654
0.146108	0.00121574
0.14613	0.00126091
0.146152	0.0012332
0.146174	0.00127452
0.146196	0.00124952
0.146219	0.00129027
0.146241	0.00126742
0.146263	0.00130446
0.146285	0.00128445
0.146307	0.00131825
0.146329	0.00130225
0.146352	0.00133158
0.146374	0.00131935
0.146396	0.00134572
0.146418	0.00133552
0.14644	0.00136164
0.146462	0.00135038
0.146485	0.00137438
0.146507	0.00136834
0.146529	0.00139111
0.146551	0.00138355
0.146573	0.0014064
0.146596	0.00140086
0.146618	0.00142242
0.14664	0.00141552
0.146662	0.00143626
0.146684	0.00142991
0.146706	0.00145271
0.146729	0.00144714
0.146751	0.00146793
0.146773	0.00146292
0.146795	0.00148049
0.146817	0.00147145
0.146839	0.00150264
0.146862	0.00149463
0.146884	0.00152004
0.146906	0.0015096
0.146928	0.00153444
0.14695	0.0015117
0.146972	0.0015485
0.146995	0.00152586
0.147017	0.00156308
0.147039	0.00155396
0.147061	0.00156588
0.147083	0.00155724
0.147105	0.00157875
0.147128	0.00157258
0.14715	0.00159094
0.147172	0.00158493
0.147194	0.00160726
0.147216	0.0015998
0.147238	0.00161804
0.147261	0.00161558
0.147283	0.00162892
0.147305	0.00162816
0.147327	0.00164137
0.147349	0.00164171
0.147371	0.00166846
0.147393	0.0016476
0.147416	0.00166694
0.147438	0.00166619
0.14746	0.00167904
0.147482	0.00168025
0.147504	0.00168968
0.147526	0.00168967
0.147549	0.00170388
0.147571	0.00170468
0.147593	0.00171472
0.147615	0.00171644
0.147637	0.00172794
0.147659	0.001728
0.147682	0.00174085
0.147704	0.00173732
0.147726	0.00175214
0.147748	0.00175094
0.14777	0.00176166
0.147792	0.00175986
0.147815	0.00177218
0.147837	0.00177428
0.147859	0.00178478
0.147881	0.00178625
0.147903	0.00179468
0.147925	0.00179777
0.147948	0.00180481
0.14797	0.00180691
0.147992	0.00181473
0.148014	0.00181925
0.148036	0.0018229
0.148058	0.00182853
0.148081	0.0018304
0.148103	0.00183755
0.148125	0.00184291
0.148147	0.00184904
0.148169	0.00185008
0.148191	0.0018591
0.148214	0.00185821
0.148236	0.00186627
0.148258	0.00186958
0.14828	0.00186952
0.148302	0.0018726
0.148324	0.00187893
0.148347	0.00188182
0.148369	0.0018865
0.148391	0.0018902
0.148413	0.00189665
0.148435	0.00190012
0.148458	0.00190345
0.14848	0.00190945
0.148502	0.00191181
0.148524	0.00191779
0.148546	0.00192197
0.148568	0.00192502
0.148591	0.00192904
0.148613	0.0019313
0.148635	0.00193584
0.148657	0.00193912
0.148679	0.00194392
0.148701	0.00194741
0.148724	0.00195058
0.148746	0.00195591
0.148768	0.00196283
0.14879	0.00196153
0.148812	0.00196715
0.148835	0.00196774
0.148857	0.00197427
0.148879	0.00197543
0.148901	0.001981
0.148923	0.00198432
0.148945	0.00198842
0.148968	0.00198898
0.14899	0.00199517
0.149012	0.00199631
0.149034	0.0020007
0.149056	0.00200367
0.149079	0.00200872
0.149101	0.00200997
0.149123	0.00201132
0.149145	0.00201719
0.149167	0.00201913
0.149189	0.00202236
0.149212	0.0020193
0.149234	0.00203842
0.149256	0.00203315
0.149278	0.00203747
0.1493	0.00203864
0.149323	0.00203827
0.149345	0.00204028
0.149367	0.00204557
0.149389	0.00205053
0.149411	0.00205061
0.149434	0.0020511
0.149456	0.00205713
0.149478	0.00205659
0.1495	0.00206352
0.149522	0.00206257
0.149545	0.00206827
0.149567	0.00206775
0.149589	0.0020736
0.149611	0.00207467
0.149633	0.00207798
0.149656	0.00207643
0.149678	0.00208388
0.1497	0.00208347
0.149722	0.00208741
0.149744	0.00208643
0.149767	0.0020929
0.149789	0.0020931
0.149811	0.00209667
0.149833	0.00209757
0.149856	0.00210396
0.149878	0.0021032
0.1499	0.00210638
0.149922	0.00210509
0.149944	0.00211151
0.149967	0.00211203
0.149989	0.00211386
0.150011	0.00211688
