0.100017	8.06679e-06
0.10004	8.10924e-06
0.100063	5.34922e-06
0.100086	5.2613e-06
0.100109	5.28306e-06
0.100132	5.32159e-06
0.100154	5.29889e-06
0.100177	5.29651e-06
0.1002	5.30119e-06
0.100223	5.31255e-06
0.100246	5.35194e-06
0.100269	5.32617e-06
0.100292	5.36434e-06
0.100314	5.38388e-06
0.100337	5.90231e-06
0.10036	5.40405e-06
0.100383	5.47619e-06
0.100406	5.91683e-06
0.100429	5.48915e-06
0.100451	5.48696e-06
0.100474	5.55417e-06
0.100497	5.51642e-06
0.10052	5.53208e-06
0.100543	5.4966e-06
0.100566	5.60186e-06
0.100588	5.57983e-06
0.100611	5.61015e-06
0.100634	5.63951e-06
0.100657	5.65537e-06
0.10068	5.64083e-06
0.100703	5.71721e-06
0.100725	5.70119e-06
0.100748	5.76293e-06
0.100771	5.76934e-06
0.100794	5.82049e-06
0.100817	5.80478e-06
0.10084	5.98998e-06
0.100862	5.90461e-06
0.100885	5.99013e-06
0.100908	5.90537e-06
0.100931	5.96055e-06
0.100954	5.97849e-06
0.100976	6.20286e-06
0.100999	6.05431e-06
0.101022	6.04191e-06
0.101045	6.11141e-06
0.101068	6.16104e-06
0.10109	6.12224e-06
0.101113	6.42546e-06
0.101136	6.36277e-06
0.101159	6.32461e-06
0.101182	6.55519e-06
0.101205	6.43537e-06
0.101227	6.56985e-06
0.10125	6.25754e-06
0.101273	6.95635e-06
0.101296	6.26298e-06
0.101319	6.54676e-06
0.101341	6.67495e-06
0.101364	6.56313e-06
0.101387	6.6081e-06
0.10141	6.71418e-06
0.101432	6.84948e-06
0.101455	6.80225e-06
0.101478	6.77087e-06
0.101501	6.79468e-06
0.101524	6.89762e-06
0.101546	6.97864e-06
0.101569	7.00112e-06
0.101592	6.98942e-06
0.101615	7.09684e-06
0.101638	7.053e-06
0.10166	7.20644e-06
0.101683	7.2183e-06
0.101706	7.23567e-06
0.101729	7.30296e-06
0.101751	7.28159e-06
0.101774	7.21784e-06
0.101797	7.87428e-06
0.10182	7.45376e-06
0.101843	7.51435e-06
0.101865	7.55568e-06
0.101888	7.61196e-06
0.101911	7.68675e-06
0.101934	7.69816e-06
0.101956	7.73915e-06
0.101979	7.78077e-06
0.102002	7.85099e-06
0.102025	7.90576e-06
0.102047	7.87962e-06
0.10207	8.05299e-06
0.102093	7.99971e-06
0.102116	8.12144e-06
0.102138	8.24642e-06
0.102161	8.18141e-06
0.102184	8.66626e-06
0.102207	8.33201e-06
0.102229	8.30168e-06
0.102252	8.39492e-06
0.102275	8.44187e-06
0.102298	8.49284e-06
0.102321	8.45904e-06
0.102343	8.57699e-06
0.102366	8.60117e-06
0.102389	8.65903e-06
0.102411	8.73079e-06
0.102434	8.82159e-06
0.102457	8.81756e-06
0.10248	8.90295e-06
0.102502	8.94729e-06
0.102525	8.99756e-06
0.102548	8.97775e-06
0.102571	9.09215e-06
0.102593	9.14642e-06
0.102616	9.20804e-06
0.102639	9.31736e-06
0.102662	9.28625e-06
0.102684	9.20406e-06
0.102707	9.63231e-06
0.10273	9.50376e-06
0.102753	9.43361e-06
0.102775	9.53548e-06
0.102798	9.60541e-06
0.102821	9.61669e-06
0.102844	9.69339e-06
0.102866	9.7534e-06
0.102889	1.01255e-05
0.102912	1.00265e-05
0.102934	9.97173e-06
0.102957	1.01739e-05
0.10298	1.01132e-05
0.103003	1.03112e-05
0.103025	9.81614e-06
0.103048	1.00687e-05
0.103071	1.04285e-05
0.103093	9.99294e-06
0.103116	1.03921e-05
0.103139	1.02644e-05
0.103162	1.05246e-05
0.103184	1.06391e-05
0.103207	1.05916e-05
0.10323	1.06469e-05
0.103252	1.07151e-05
0.103275	2.12076e-05
0.103298	1.08154e-05
0.103321	2.13565e-05
0.103343	1.09574e-05
0.103366	2.15185e-05
0.103389	2.1629e-05
0.103411	2.17262e-05
0.103434	2.1857e-05
0.103457	2.22015e-05
0.10348	1.12755e-05
0.103502	2.19187e-05
0.103525	1.11706e-05
0.103548	2.26658e-05
0.10357	2.23443e-05
0.103593	2.23655e-05
0.103616	2.24553e-05
0.103638	2.25864e-05
0.103661	2.2607e-05
0.103684	2.2731e-05
0.103707	2.29196e-05
0.103729	2.29802e-05
0.103752	2.3134e-05
0.103775	2.31425e-05
0.103797	2.32164e-05
0.10382	2.33448e-05
0.103843	2.35561e-05
0.103865	2.35454e-05
0.103888	2.36939e-05
0.103911	2.39604e-05
0.103933	1.2019e-05
0.103956	2.46147e-05
0.103979	2.39465e-05
0.104001	2.39537e-05
0.104024	2.40504e-05
0.104047	2.41059e-05
0.10407	2.42273e-05
0.104092	2.4274e-05
0.104115	2.43809e-05
0.104138	2.44656e-05
0.10416	2.45533e-05
0.104183	2.4558e-05
0.104206	2.47799e-05
0.104228	2.46295e-05
0.104251	2.47947e-05
0.104274	2.48661e-05
0.104296	2.48754e-05
0.104319	2.50738e-05
0.104342	2.52517e-05
0.104364	2.51816e-05
0.104387	2.52505e-05
0.10441	2.53293e-05
0.104432	2.54e-05
0.104455	2.54969e-05
0.104478	2.54107e-05
0.1045	2.55427e-05
0.104523	2.59057e-05
0.104546	2.5849e-05
0.104568	2.59539e-05
0.104591	2.59757e-05
0.104614	2.6075e-05
0.104636	2.61221e-05
0.104659	2.66218e-05
0.104682	2.6365e-05
0.104704	2.62999e-05
0.104727	2.64064e-05
0.10475	2.72886e-05
0.104772	2.6656e-05
0.104795	2.66403e-05
0.104818	2.67219e-05
0.10484	2.67527e-05
0.104863	2.67359e-05
0.104886	2.69325e-05
0.104908	2.73599e-05
0.104931	2.69282e-05
0.104954	2.7056e-05
0.104976	2.70683e-05
0.104999	2.71293e-05
0.105022	2.75301e-05
0.105044	2.71501e-05
0.105067	2.7325e-05
0.105089	2.72993e-05
0.105112	2.74269e-05
0.105135	2.74004e-05
0.105157	2.7545e-05
0.10518	2.75812e-05
0.105203	2.76429e-05
0.105225	2.77619e-05
0.105248	2.77266e-05
0.105271	2.74781e-05
0.105293	2.77164e-05
0.105316	2.81979e-05
0.105339	2.79628e-05
0.105361	2.79205e-05
0.105384	2.80643e-05
0.105407	2.80198e-05
0.105429	2.81794e-05
0.105452	2.80892e-05
0.105474	2.81952e-05
0.105497	2.82237e-05
0.10552	2.83582e-05
0.105542	2.82781e-05
0.105565	2.84014e-05
0.105588	2.83655e-05
0.10561	2.85274e-05
0.105633	2.84839e-05
0.105656	2.86481e-05
0.105678	2.85415e-05
0.105701	2.91107e-05
0.105724	2.86693e-05
0.105746	2.93787e-05
0.105769	2.86684e-05
0.105791	2.8939e-05
0.105814	2.88605e-05
0.105837	2.89109e-05
0.105859	2.88928e-05
0.105882	2.89854e-05
0.105905	2.89483e-05
0.105927	2.9134e-05
0.10595	2.90297e-05
0.105972	2.9177e-05
0.105995	2.91184e-05
0.106018	2.92155e-05
0.10604	2.92194e-05
0.106063	2.92799e-05
0.106086	2.93136e-05
0.106108	2.9399e-05
0.106131	2.93263e-05
0.106154	2.95187e-05
0.106176	2.94146e-05
0.106199	2.95358e-05
0.106221	2.95133e-05
0.106244	2.96076e-05
0.106267	2.94558e-05
0.106289	2.97746e-05
0.106312	2.96446e-05
0.106335	2.97136e-05
0.106357	2.96492e-05
0.10638	2.97933e-05
0.106402	3.10169e-05
0.106425	2.98167e-05
0.106448	3.00226e-05
0.10647	2.99434e-05
0.106493	3.06425e-05
0.106516	2.99861e-05
0.106538	3.00031e-05
0.106561	3.01981e-05
0.106583	3.00468e-05
0.106606	3.01157e-05
0.106629	3.01011e-05
0.106651	3.02857e-05
0.106674	3.04241e-05
0.106696	3.03794e-05
0.106719	3.01991e-05
0.106742	3.02572e-05
0.106764	3.02775e-05
0.106787	3.03876e-05
0.10681	3.02866e-05
0.106832	3.03709e-05
0.106855	3.03833e-05
0.106877	3.04299e-05
0.1069	3.03667e-05
0.106923	3.05043e-05
0.106945	3.04423e-05
0.106968	3.04331e-05
0.106991	3.06826e-05
0.107013	3.11147e-05
0.107036	3.01486e-05
0.107058	3.04457e-05
0.107081	3.10441e-05
0.107104	3.07859e-05
0.107126	3.07428e-05
0.107149	3.08094e-05
0.107171	3.07493e-05
0.107194	3.08213e-05
0.107217	3.07849e-05
0.107239	3.08585e-05
0.107262	3.07812e-05
0.107285	3.08934e-05
0.107307	3.08466e-05
0.10733	3.09142e-05
0.107352	3.08251e-05
0.107375	3.09234e-05
0.107398	3.09159e-05
0.10742	3.09574e-05
0.107443	3.10475e-05
0.107465	3.08746e-05
0.107488	3.1509e-05
0.107511	3.09929e-05
0.107533	3.16614e-05
0.107556	3.0514e-05
0.107579	3.22882e-05
0.107601	3.01534e-05
0.107624	3.28822e-05
0.107646	2.98474e-05
0.107669	3.34562e-05
0.107692	2.97451e-05
0.107714	3.36543e-05
0.107737	2.99557e-05
0.107759	3.3701e-05
0.107782	2.97726e-05
0.107805	3.37497e-05
0.107827	2.97625e-05
0.10785	3.38075e-05
0.107872	2.97785e-05
0.107895	3.38271e-05
0.107918	2.97683e-05
0.10794	3.38574e-05
0.107963	2.98492e-05
0.107986	3.38086e-05
0.108008	2.97585e-05
0.108031	3.38489e-05
0.108053	2.97492e-05
0.108076	3.37008e-05
0.108099	2.99592e-05
0.108121	3.35986e-05
0.108144	3.01471e-05
0.108166	3.40639e-05
0.108189	2.9605e-05
0.108212	3.42748e-05
0.108234	3.01196e-05
0.108257	3.37505e-05
0.108279	2.96069e-05
0.108302	3.39094e-05
0.108325	2.99596e-05
0.108347	3.379e-05
0.10837	2.96964e-05
0.108393	3.39133e-05
0.108415	2.9686e-05
0.108438	3.40728e-05
0.10846	2.97397e-05
0.108483	3.38835e-05
0.108506	2.96494e-05
0.108528	3.38989e-05
0.108551	2.96297e-05
0.108573	3.37996e-05
0.108596	2.96353e-05
0.108619	3.37687e-05
0.108641	2.96059e-05
0.108664	3.37437e-05
0.108687	2.95377e-05
0.108709	3.37625e-05
0.108732	2.95686e-05
0.108754	3.37175e-05
0.108777	2.96289e-05
0.1088	3.36704e-05
0.108822	2.92663e-05
0.108845	3.40473e-05
0.108867	2.95401e-05
0.10889	3.37577e-05
0.108913	2.94398e-05
0.108935	3.36458e-05
0.108958	2.94497e-05
0.10898	3.35977e-05
0.109003	2.94995e-05
0.109026	3.35755e-05
0.109048	2.94231e-05
0.109071	3.35074e-05
0.109094	2.93771e-05
0.109116	3.34679e-05
0.109139	2.93679e-05
0.109161	3.33584e-05
0.109184	2.94253e-05
0.109207	3.32583e-05
0.109229	2.94066e-05
0.109252	3.32031e-05
0.109275	2.94297e-05
0.109297	3.35369e-05
0.10932	2.92824e-05
0.109342	3.30895e-05
0.109365	2.9299e-05
0.109388	3.29834e-05
0.10941	2.92581e-05
0.109433	3.29438e-05
0.109455	2.92415e-05
0.109478	3.28395e-05
0.109501	2.93404e-05
0.109523	3.26665e-05
0.109546	2.93137e-05
0.109569	3.26239e-05
0.109591	2.92787e-05
0.109614	3.2514e-05
0.109636	2.9444e-05
0.109659	3.24336e-05
0.109682	2.92909e-05
0.109704	3.23277e-05
0.109727	2.94191e-05
0.10975	3.22663e-05
0.109772	2.937e-05
0.109795	3.21174e-05
0.109817	2.9306e-05
0.10984	3.18824e-05
0.109863	2.92431e-05
0.109885	3.21706e-05
0.109908	2.97238e-05
0.109931	3.17725e-05
0.109953	2.93788e-05
0.109976	3.16092e-05
0.109998	2.96005e-05
0.110021	3.12328e-05
0.110044	2.9397e-05
0.110066	3.13179e-05
0.110089	2.94828e-05
0.110112	3.0966e-05
0.110134	2.94606e-05
0.110157	3.09284e-05
0.11018	2.94266e-05
0.110202	3.09331e-05
0.110225	2.95123e-05
0.110247	3.05969e-05
0.11027	2.93803e-05
0.110293	3.02406e-05
0.110315	2.94899e-05
0.110338	3.00236e-05
0.110361	2.94869e-05
0.110383	2.98671e-05
0.110406	2.9503e-05
0.110428	2.97168e-05
0.110451	2.95474e-05
0.110474	2.94767e-05
0.110496	2.96146e-05
0.110519	2.93447e-05
0.110542	2.95541e-05
0.110564	2.94718e-05
0.110587	2.91166e-05
0.11061	2.9272e-05
0.110632	2.94312e-05
0.110655	2.91078e-05
0.110678	2.9272e-05
0.1107	2.90264e-05
0.110723	2.93388e-05
0.110745	2.89607e-05
0.110768	2.92627e-05
0.110791	2.88581e-05
0.110813	2.91573e-05
0.110836	2.90171e-05
0.110859	2.87824e-05
0.110881	2.88455e-05
0.110904	2.89945e-05
0.110927	2.87618e-05
0.110949	2.88408e-05
0.110972	2.842e-05
0.110995	2.88002e-05
0.111017	2.84955e-05
0.11104	2.83967e-05
0.111063	2.89979e-05
0.111085	2.83013e-05
0.111108	2.83781e-05
0.11113	2.84061e-05
0.111153	2.8322e-05
0.111176	2.83678e-05
0.111198	2.82046e-05
0.111221	2.82722e-05
0.111244	2.81139e-05
0.111266	2.81699e-05
0.111289	2.79721e-05
0.111312	2.80709e-05
0.111334	2.78688e-05
0.111357	2.79629e-05
0.11138	2.76841e-05
0.111402	2.77474e-05
0.111425	2.75553e-05
0.111448	2.76461e-05
0.11147	2.74628e-05
0.111493	2.74468e-05
0.111516	2.73869e-05
0.111538	2.74169e-05
0.111561	2.72154e-05
0.111584	2.71104e-05
0.111606	2.72943e-05
0.111629	2.72088e-05
0.111652	2.70025e-05
0.111674	2.73481e-05
0.111697	2.69698e-05
0.11172	2.69849e-05
0.111742	2.64461e-05
0.111765	2.67788e-05
0.111788	2.66126e-05
0.11181	2.65796e-05
0.111833	2.6516e-05
0.111856	2.64169e-05
0.111878	2.62736e-05
0.111901	2.63637e-05
0.111924	2.61574e-05
0.111946	2.61832e-05
0.111969	2.61113e-05
0.111992	2.60037e-05
0.112014	2.59118e-05
0.112037	2.59137e-05
0.11206	2.57472e-05
0.112082	2.57034e-05
0.112105	2.55252e-05
0.112128	2.56442e-05
0.11215	2.54215e-05
0.112173	2.54348e-05
0.112196	2.52977e-05
0.112219	2.53345e-05
0.112241	2.50662e-05
0.112264	2.51535e-05
0.112287	2.49963e-05
0.112309	2.49936e-05
0.112332	2.48708e-05
0.112355	2.49004e-05
0.112377	2.44259e-05
0.1124	2.49941e-05
0.112423	2.45181e-05
0.112445	2.45143e-05
0.112468	2.43824e-05
0.112491	2.44031e-05
0.112513	2.42162e-05
0.112536	2.42134e-05
0.112559	2.40438e-05
0.112582	2.40394e-05
0.112604	2.3856e-05
0.112627	2.38615e-05
0.11265	2.36709e-05
0.112672	2.36881e-05
0.112695	2.34966e-05
0.112718	2.34969e-05
0.11274	2.34005e-05
0.112763	2.33596e-05
0.112786	2.30815e-05
0.112809	2.31156e-05
0.112831	2.29392e-05
0.112854	2.34706e-05
0.112877	2.27941e-05
0.112899	2.27492e-05
0.112922	2.26026e-05
0.112945	2.25361e-05
0.112967	2.24442e-05
0.11299	2.23618e-05
0.113013	2.22028e-05
0.113036	2.21741e-05
0.113058	2.20437e-05
0.113081	2.20214e-05
0.113104	2.1812e-05
0.113126	2.18102e-05
0.113149	2.16437e-05
0.113172	2.15887e-05
0.113195	2.14659e-05
0.113217	2.14147e-05
0.11324	2.12393e-05
0.113263	2.12009e-05
0.113285	2.10174e-05
0.113308	2.09497e-05
0.113331	2.08648e-05
0.113354	2.10013e-05
0.113376	2.06813e-05
0.113399	2.07219e-05
0.113422	2.03975e-05
0.113445	2.06441e-05
0.113467	2.05074e-05
0.11349	1.2935e-05
0.113513	1.27487e-05
0.113535	1.99752e-05
0.113558	1.98752e-05
0.113581	1.97675e-05
0.113604	1.25439e-05
0.113626	1.24442e-05
0.113649	1.23791e-05
0.113672	1.93415e-05
0.113695	1.2166e-05
0.113717	1.21647e-05
0.11374	1.2022e-05
0.113763	1.18189e-05
0.113786	1.17093e-05
0.113808	1.18192e-05
0.113831	1.15373e-05
0.113854	1.14835e-05
0.113876	1.15634e-05
0.113899	1.13402e-05
0.113922	1.11832e-05
0.113945	1.11775e-05
0.113967	1.09698e-05
0.11399	1.09509e-05
0.114013	1.08559e-05
0.114036	1.08258e-05
0.114058	1.06647e-05
0.114081	1.06565e-05
0.114104	1.05061e-05
0.114126	1.04973e-05
0.114149	1.04449e-05
0.114172	1.01489e-05
0.114195	1.01333e-05
0.114217	1.01065e-05
0.11424	9.98738e-06
0.114263	9.946e-06
0.114286	9.80792e-06
0.114308	9.81684e-06
0.114331	9.64346e-06
0.114354	9.59131e-06
0.114376	9.47032e-06
0.114399	9.48853e-06
0.114422	9.2801e-06
0.114444	9.28104e-06
0.114467	9.15964e-06
0.11449	9.10617e-06
0.114513	9.04056e-06
0.114535	8.97182e-06
0.114558	8.85024e-06
0.114581	8.82225e-06
0.114603	8.69845e-06
0.114626	8.98092e-06
0.114649	8.63936e-06
0.114671	8.51121e-06
0.114694	8.35233e-06
0.114717	8.35284e-06
0.11474	8.25398e-06
0.114762	8.22003e-06
0.114785	8.08844e-06
0.114808	8.08787e-06
0.11483	7.9543e-06
0.114853	7.91352e-06
0.114876	7.8066e-06
0.114898	7.76619e-06
0.114921	7.69813e-06
0.114944	7.69837e-06
0.114966	7.48605e-06
0.114989	7.4871e-06
0.115012	7.38768e-06
0.115034	7.3401e-06
0.115057	7.1799e-06
0.11508	7.50324e-06
0.115102	7.19734e-06
0.115125	7.09046e-06
0.115148	7.17198e-06
0.11517	7.01966e-06
0.115193	6.92033e-06
0.115216	6.94999e-06
0.115238	6.84373e-06
0.115261	6.72378e-06
0.115284	6.82932e-06
0.115306	6.52488e-06
0.115329	6.59053e-06
0.115352	6.54667e-06
0.115374	6.50928e-06
0.115397	6.3908e-06
0.11542	6.361e-06
0.115442	6.2977e-06
0.115465	6.257e-06
0.115488	6.18245e-06
0.11551	6.15162e-06
0.115533	6.14493e-06
0.115556	6.09489e-06
0.115578	5.96363e-06
0.115601	5.92532e-06
0.115624	5.851e-06
0.115646	5.85618e-06
0.115669	5.69378e-06
0.115691	5.72768e-06
0.115714	5.67704e-06
0.115737	5.60937e-06
0.115759	5.49113e-06
0.115782	5.49515e-06
0.115805	5.45969e-06
0.115827	5.49526e-06
0.11585	5.34497e-06
0.115873	5.34893e-06
0.115895	5.25502e-06
0.115918	5.35588e-06
0.11594	5.33901e-06
0.115963	5.18094e-06
0.115986	5.19612e-06
0.116008	5.1796e-06
0.116031	5.07327e-06
0.116054	5.12755e-06
0.116076	5.04518e-06
0.116099	5.07568e-06
0.116121	5.00137e-06
0.116144	5.06561e-06
0.116167	5.06339e-06
0.116189	5.03112e-06
0.116212	4.9727e-06
0.116235	5.07523e-06
0.116257	4.99472e-06
0.11628	5.05385e-06
0.116302	5.02219e-06
0.116325	5.13154e-06
0.116348	5.0826e-06
0.11637	5.17875e-06
0.116393	5.25238e-06
0.116415	5.39861e-06
0.116438	5.35245e-06
0.116461	5.31493e-06
0.116483	5.39059e-06
0.116506	5.32298e-06
0.116528	5.44138e-06
0.116551	5.44877e-06
0.116574	5.49177e-06
0.116596	5.55694e-06
0.116619	5.70308e-06
0.116641	5.67317e-06
0.116664	5.81307e-06
0.116687	5.89325e-06
0.116709	5.92801e-06
0.116732	6.01087e-06
0.116754	6.16302e-06
0.116777	6.12119e-06
0.1168	6.47418e-06
0.116822	6.33308e-06
0.116845	6.30622e-06
0.116867	6.3652e-06
0.11689	6.6621e-06
0.116912	6.59387e-06
0.116935	6.75973e-06
0.116958	6.80692e-06
0.11698	6.81938e-06
0.117003	6.90029e-06
0.117025	7.00143e-06
0.117048	7.21034e-06
0.11707	7.14727e-06
0.117093	7.19952e-06
0.117116	7.27011e-06
0.117138	7.30071e-06
0.117161	7.48408e-06
0.117183	7.53533e-06
0.117206	7.60289e-06
0.117228	7.6552e-06
0.117251	7.71185e-06
0.117274	7.77223e-06
0.117296	7.8127e-06
0.117319	7.9225e-06
0.117341	7.94497e-06
0.117364	8.02536e-06
0.117386	8.07253e-06
0.117409	8.10924e-06
0.117432	8.17748e-06
0.117454	8.22158e-06
0.117477	8.26321e-06
0.117499	8.28478e-06
0.117522	8.38755e-06
0.117544	8.40531e-06
0.117567	8.47616e-06
0.117589	8.53056e-06
0.117612	8.55126e-06
0.117635	8.60889e-06
0.117657	8.62554e-06
0.11768	8.66858e-06
0.117702	8.78961e-06
0.117725	8.82306e-06
0.117747	8.81277e-06
0.11777	8.86443e-06
0.117792	8.93925e-06
0.117815	8.94859e-06
0.117837	9.00684e-06
0.11786	9.02308e-06
0.117883	9.05981e-06
0.117905	9.09554e-06
0.117928	9.11756e-06
0.11795	9.16416e-06
0.117973	9.19524e-06
0.117995	9.22782e-06
0.118018	9.27088e-06
0.11804	9.3084e-06
0.118063	9.35086e-06
0.118085	9.36425e-06
0.118108	9.40084e-06
0.11813	9.4533e-06
0.118153	9.49108e-06
0.118175	9.67596e-06
0.118198	9.53305e-06
0.118221	9.83195e-06
0.118243	9.57728e-06
0.118266	9.62955e-06
0.118288	9.65119e-06
0.118311	9.66542e-06
0.118333	9.69182e-06
0.118356	9.73733e-06
0.118378	9.72194e-06
0.118401	9.77026e-06
0.118423	9.76469e-06
0.118446	9.91844e-06
0.118468	9.88959e-06
0.118491	9.94996e-06
0.118513	9.92867e-06
0.118536	1.00168e-05
0.118558	9.97923e-06
0.118581	1.00285e-05
0.118603	9.99279e-06
0.118626	1.02577e-05
0.118648	1.01459e-05
0.118671	1.01656e-05
0.118693	1.0135e-05
0.118716	1.02167e-05
0.118738	1.01391e-05
0.118761	1.0245e-05
0.118783	1.0207e-05
0.118806	1.0301e-05
0.118829	1.0107e-05
0.118851	1.04053e-05
0.118874	1.02448e-05
0.118896	1.02949e-05
0.118919	1.03262e-05
0.118941	1.03697e-05
0.118964	1.03379e-05
0.118986	1.04113e-05
0.119009	1.03825e-05
0.119031	1.04266e-05
0.119054	1.04231e-05
0.119076	1.04854e-05
0.119099	1.04673e-05
0.119121	1.05353e-05
0.119144	1.05018e-05
0.119166	1.05876e-05
0.119189	1.05712e-05
0.119211	1.05776e-05
0.119234	1.06167e-05
0.119256	1.06118e-05
0.119279	1.06363e-05
0.119301	1.06766e-05
0.119324	1.06582e-05
0.119346	1.06993e-05
0.119369	1.07167e-05
0.119391	1.07198e-05
0.119414	1.07372e-05
0.119436	1.07488e-05
0.119459	1.07813e-05
0.119481	1.09959e-05
0.119504	1.07793e-05
0.119526	1.08788e-05
0.119548	1.10086e-05
0.119571	1.08891e-05
0.119593	1.08667e-05
0.119616	1.09135e-05
0.119638	1.09194e-05
0.119661	1.09456e-05
0.119683	1.09094e-05
0.119706	1.0991e-05
0.119728	1.09411e-05
0.119751	1.10245e-05
0.119773	1.09593e-05
0.119796	1.10561e-05
0.119818	1.10226e-05
0.119841	1.10362e-05
0.119863	1.10587e-05
0.119886	1.10974e-05
0.119908	1.11254e-05
0.119931	1.11894e-05
0.119953	1.11019e-05
0.119976	1.11425e-05
0.119998	1.13712e-05
0.120021	1.11667e-05
0.120043	1.13285e-05
0.120066	1.12001e-05
0.120088	1.11642e-05
0.120111	1.12363e-05
0.120133	1.13947e-05
0.120156	1.12143e-05
0.120178	1.14642e-05
0.120201	1.14787e-05
0.120223	1.15109e-05
0.120245	1.13562e-05
0.120268	1.12908e-05
0.12029	1.15274e-05
0.120313	1.15171e-05
0.120335	1.15592e-05
0.120358	1.15061e-05
0.12038	1.16154e-05
0.120403	1.13274e-05
0.120425	1.14196e-05
0.120448	1.13444e-05
0.12047	1.15051e-05
0.120493	1.16082e-05
0.120515	1.14371e-05
0.120538	1.16019e-05
0.12056	1.1808e-05
0.120583	1.1354e-05
0.120605	1.14244e-05
0.120628	1.17954e-05
0.12065	1.1514e-05
0.120673	1.16898e-05
0.120695	1.15516e-05
0.120717	1.16741e-05
0.12074	1.15928e-05
0.120762	1.1535e-05
0.120785	1.15486e-05
0.120807	1.17272e-05
0.12083	1.16516e-05
0.120852	1.17322e-05
0.120875	1.16462e-05
0.120897	1.17649e-05
0.12092	1.16622e-05
0.120942	1.18354e-05
0.120965	1.16896e-05
0.120987	1.18444e-05
0.12101	1.16976e-05
0.121032	1.16607e-05
0.121055	1.17326e-05
0.121077	1.16755e-05
0.1211	1.17581e-05
0.121122	1.16714e-05
0.121144	1.1756e-05
0.121167	1.17161e-05
0.121189	1.17614e-05
0.121212	1.17724e-05
0.121234	1.18251e-05
0.121257	1.19012e-05
0.121279	1.18496e-05
0.121302	1.1775e-05
0.121324	1.18181e-05
0.121347	1.17896e-05
0.121369	1.19186e-05
0.121392	1.18031e-05
0.121414	1.18977e-05
0.121437	1.1806e-05
0.121459	1.1946e-05
0.121482	1.18327e-05
0.121504	1.19314e-05
0.121526	1.18656e-05
0.121549	1.1954e-05
0.121571	1.19137e-05
0.121594	1.19486e-05
0.121616	1.18906e-05
0.121639	1.20261e-05
0.121661	1.19203e-05
0.121684	1.20284e-05
0.121706	1.19938e-05
0.121729	1.20028e-05
0.121751	1.19579e-05
0.121774	1.22345e-05
0.121796	1.19776e-05
0.121819	1.20806e-05
0.121841	1.20117e-05
0.121864	1.21012e-05
0.121886	1.19927e-05
0.121908	1.21832e-05
0.121931	1.20765e-05
0.121953	1.22113e-05
0.121976	1.20913e-05
0.121998	1.21731e-05
0.122021	1.2105e-05
0.122043	1.22076e-05
0.122066	1.2125e-05
0.122088	1.22559e-05
0.122111	1.21347e-05
0.122133	1.22757e-05
0.122156	1.2195e-05
0.122178	1.2267e-05
0.122201	1.21927e-05
0.122223	1.23549e-05
0.122246	1.22466e-05
0.122268	1.23425e-05
0.122291	1.22192e-05
0.122313	1.23476e-05
0.122335	1.23284e-05
0.122358	1.22845e-05
0.12238	1.22643e-05
0.122403	1.24729e-05
0.122425	1.23609e-05
0.122448	1.23946e-05
0.12247	1.23488e-05
0.122493	1.24208e-05
0.122515	1.2381e-05
0.122538	1.24773e-05
0.12256	1.24175e-05
0.122583	1.24579e-05
0.122605	1.23987e-05
0.122628	1.24917e-05
0.12265	1.25077e-05
0.122673	1.25648e-05
0.122695	1.24813e-05
0.122718	1.25811e-05
0.12274	1.25067e-05
0.122763	1.25922e-05
0.122785	1.25163e-05
0.122808	1.26564e-05
0.12283	1.2581e-05
0.122853	1.26472e-05
0.122875	1.25972e-05
0.122897	1.26765e-05
0.12292	1.26288e-05
0.122942	1.26983e-05
0.122965	1.26947e-05
0.122987	1.27654e-05
0.12301	1.26329e-05
0.123032	1.27203e-05
0.123055	1.27663e-05
0.123077	1.27721e-05
0.1231	1.2771e-05
0.123122	1.28551e-05
0.123145	1.27706e-05
0.123167	1.28382e-05
0.12319	1.27927e-05
0.123212	1.28903e-05
0.123235	1.28241e-05
0.123257	1.28928e-05
0.12328	1.28222e-05
0.123302	1.29239e-05
0.123325	1.28681e-05
0.123347	1.29773e-05
0.12337	1.29268e-05
0.123392	1.2986e-05
0.123415	1.29629e-05
0.123437	1.30118e-05
0.12346	1.29627e-05
0.123482	1.3051e-05
0.123505	1.30263e-05
0.123527	1.3037e-05
0.12355	1.3072e-05
0.123572	1.31266e-05
0.123595	1.30615e-05
0.123617	1.30991e-05
0.12364	1.31245e-05
0.123662	1.31469e-05
0.123685	1.3066e-05
0.123707	1.28195e-05
0.12373	1.3157e-05
0.123752	1.32334e-05
0.123775	1.31849e-05
0.123797	1.3235e-05
0.12382	1.31779e-05
0.123842	1.32532e-05
0.123865	1.31974e-05
0.123887	1.32921e-05
0.12391	1.33236e-05
0.123932	1.3261e-05
0.123955	1.3293e-05
0.123977	1.33505e-05
0.124	1.33136e-05
0.124022	1.33181e-05
0.124045	1.32903e-05
0.124067	1.33616e-05
0.12409	1.33095e-05
0.124112	1.33764e-05
0.124135	1.33179e-05
0.124157	1.33884e-05
0.12418	1.33876e-05
0.124202	1.34013e-05
0.124225	1.33527e-05
0.124247	1.34547e-05
0.12427	1.34068e-05
0.124292	1.34736e-05
0.124315	1.34224e-05
0.124338	1.34495e-05
0.12436	1.34705e-05
0.124383	1.35033e-05
0.124405	1.3454e-05
0.124428	1.35228e-05
0.12445	1.34799e-05
0.124473	1.35415e-05
0.124495	1.35072e-05
0.124518	1.36016e-05
0.12454	1.35625e-05
0.124563	1.35777e-05
0.124585	1.35403e-05
0.124608	1.36003e-05
0.12463	1.35695e-05
0.124653	1.36924e-05
0.124675	1.3579e-05
0.124698	1.36668e-05
0.12472	1.36001e-05
0.124743	1.35925e-05
0.124766	1.36272e-05
0.124788	1.35978e-05
0.124811	1.35541e-05
0.124833	1.36959e-05
0.124856	1.36216e-05
0.124878	1.3684e-05
0.124901	1.3632e-05
0.124923	1.36605e-05
0.124946	1.36184e-05
0.124968	1.36666e-05
0.124991	1.35977e-05
0.125013	1.36787e-05
0.125036	1.36107e-05
0.125059	1.37085e-05
0.125081	1.36415e-05
0.125104	1.37059e-05
0.125126	1.36463e-05
0.125149	1.37082e-05
0.125171	1.36668e-05
0.125194	1.37183e-05
0.125216	1.36838e-05
0.125239	1.37225e-05
0.125261	1.36779e-05
0.125284	1.37448e-05
0.125307	1.36698e-05
0.125329	1.36395e-05
0.125352	1.38089e-05
0.125374	1.37611e-05
0.125397	1.36648e-05
0.125419	1.36661e-05
0.125442	1.3777e-05
0.125464	1.3736e-05
0.125487	1.36584e-05
0.12551	1.37623e-05
0.125532	1.36497e-05
0.125555	1.36962e-05
0.125577	1.36428e-05
0.1256	1.36926e-05
0.125622	1.36586e-05
0.125645	1.37209e-05
0.125668	1.36443e-05
0.12569	1.36816e-05
0.125713	1.36584e-05
0.125735	1.36449e-05
0.125758	1.3641e-05
0.12578	1.36889e-05
0.125803	1.36175e-05
0.125826	1.37262e-05
0.125848	1.357e-05
0.125871	1.36319e-05
0.125893	1.3588e-05
0.125916	1.36272e-05
0.125938	1.35582e-05
0.125961	1.3655e-05
0.125984	1.35552e-05
0.126006	1.35959e-05
0.126029	1.34687e-05
0.126051	1.35438e-05
0.126074	1.35289e-05
0.126097	1.35891e-05
0.126119	1.34178e-05
0.126142	1.35609e-05
0.126164	1.33236e-05
0.126187	1.35464e-05
0.126209	1.34109e-05
0.126232	1.35247e-05
0.126255	1.3361e-05
0.126277	1.34644e-05
0.1263	1.33481e-05
0.126322	1.34265e-05
0.126345	1.32931e-05
0.126368	1.34524e-05
0.12639	1.33061e-05
0.126413	1.34002e-05
0.126435	1.32626e-05
0.126458	1.3288e-05
0.126481	1.32441e-05
0.126503	1.33395e-05
0.126526	1.31852e-05
0.126548	1.32414e-05
0.126571	1.31613e-05
0.126594	1.32703e-05
0.126616	1.30939e-05
0.126639	1.33182e-05
0.126662	1.30964e-05
0.126684	1.31306e-05
0.126707	1.30906e-05
0.126729	1.31377e-05
0.126752	1.30354e-05
0.126775	1.30546e-05
0.126797	1.29952e-05
0.12682	1.30504e-05
0.126842	1.29426e-05
0.126865	1.29824e-05
0.126888	1.2915e-05
0.12691	1.29573e-05
0.126933	1.2873e-05
0.126956	1.28794e-05
0.126978	1.2798e-05
0.127001	1.28801e-05
0.127023	1.2824e-05
0.127046	1.28874e-05
0.127069	1.2828e-05
0.127091	1.27697e-05
0.127114	1.27001e-05
0.127137	1.28125e-05
0.127159	1.26263e-05
0.127182	1.26608e-05
0.127205	1.25645e-05
0.127227	1.26118e-05
0.12725	1.25202e-05
0.127272	1.25431e-05
0.127295	1.24505e-05
0.127318	1.24775e-05
0.12734	1.24267e-05
0.127363	1.24508e-05
0.127386	1.23577e-05
0.127408	1.23666e-05
0.127431	1.22746e-05
0.127453	1.23459e-05
0.127476	1.22616e-05
0.127499	1.22149e-05
0.127521	1.21437e-05
0.127544	1.21562e-05
0.127567	1.20415e-05
0.127589	1.21065e-05
0.127612	1.20018e-05
0.127634	1.20604e-05
0.127657	1.18902e-05
0.12768	1.19836e-05
0.127702	1.18523e-05
0.127725	1.19684e-05
0.127748	1.17743e-05
0.12777	1.17664e-05
0.127793	1.17341e-05
0.127815	1.17944e-05
0.127838	1.16052e-05
0.127861	1.16859e-05
0.127883	1.15247e-05
0.127906	1.15899e-05
0.127928	1.14378e-05
0.127951	1.15514e-05
0.127974	1.13506e-05
0.127996	1.1425e-05
0.128019	1.1302e-05
0.128041	1.13388e-05
0.128064	1.12519e-05
0.128087	1.12441e-05
0.128109	1.116e-05
0.128132	1.11832e-05
0.128154	1.1091e-05
0.128177	1.10713e-05
0.128199	1.0996e-05
0.128222	1.09783e-05
0.128245	1.0917e-05
0.128267	1.09003e-05
0.12829	1.07837e-05
0.128312	1.07882e-05
0.128335	1.06904e-05
0.128358	1.06999e-05
0.12838	1.06256e-05
0.128403	1.05697e-05
0.128425	1.05328e-05
0.128448	1.0513e-05
0.12847	1.04082e-05
0.128493	1.03659e-05
0.128516	1.03111e-05
0.128538	1.02973e-05
0.128561	1.01988e-05
0.128583	1.01794e-05
0.128606	1.00931e-05
0.128628	1.00797e-05
0.128651	9.97267e-06
0.128673	9.95521e-06
0.128696	9.86949e-06
0.128719	9.89328e-06
0.128741	9.7694e-06
0.128764	9.79304e-06
0.128786	9.69127e-06
0.128809	9.66382e-06
0.128831	9.5527e-06
0.128854	9.55422e-06
0.128876	9.42159e-06
0.128899	9.44332e-06
0.128921	9.38455e-06
0.128944	9.32801e-06
0.128967	9.24703e-06
0.128989	9.18863e-06
0.129012	9.12112e-06
0.129034	9.07592e-06
0.129057	8.98575e-06
0.129079	8.98131e-06
0.129102	8.88099e-06
0.129124	8.85149e-06
0.129147	8.75537e-06
0.129169	8.73174e-06
0.129192	8.66759e-06
0.129214	8.68347e-06
0.129237	8.56511e-06
0.129259	8.50206e-06
0.129282	8.38354e-06
0.129305	8.36727e-06
0.129327	8.29278e-06
0.12935	8.25923e-06
0.129372	8.15264e-06
0.129395	8.13852e-06
0.129417	8.05682e-06
0.12944	7.99542e-06
0.129462	7.90951e-06
0.129485	7.89153e-06
0.129507	7.83472e-06
0.12953	7.77948e-06
0.129552	7.65269e-06
0.129575	7.68571e-06
0.129597	7.55071e-06
0.12962	7.53499e-06
0.129642	7.41777e-06
0.129665	7.396e-06
0.129687	7.33325e-06
0.12971	7.30178e-06
0.129732	7.2172e-06
0.129755	7.18934e-06
0.129777	7.06626e-06
0.1298	7.05086e-06
0.129822	6.93818e-06
0.129845	6.92381e-06
0.129867	6.81674e-06
0.12989	6.80378e-06
0.129912	6.69504e-06
0.129935	6.67185e-06
0.129957	6.62267e-06
0.12998	6.6071e-06
0.130002	6.51052e-06
0.130025	6.50995e-06
0.130047	6.38429e-06
0.13007	6.35589e-06
0.130092	6.25989e-06
0.130114	6.26133e-06
0.130137	6.13164e-06
0.130159	6.14981e-06
0.130182	6.05502e-06
0.130204	6.02572e-06
0.130227	5.96056e-06
0.130249	5.90452e-06
0.130272	5.83158e-06
0.130294	5.79073e-06
0.130317	5.73514e-06
0.130339	5.68053e-06
0.130362	5.60978e-06
0.130384	5.59559e-06
0.130407	5.53045e-06
0.130429	5.49853e-06
0.130452	5.42313e-06
0.130474	5.38088e-06
0.130496	5.34752e-06
0.130519	5.2952e-06
0.130541	5.26017e-06
0.130564	5.23856e-06
0.130586	5.23296e-06
0.130609	5.1316e-06
0.130631	5.13396e-06
0.130654	5.03236e-06
0.130676	5.01754e-06
0.130699	4.97706e-06
0.130721	5.01726e-06
0.130743	4.88508e-06
0.130766	4.87357e-06
0.130788	4.8152e-06
0.130811	4.79649e-06
0.130833	4.75494e-06
0.130856	4.74649e-06
0.130878	4.71854e-06
0.130901	4.69799e-06
0.130923	4.70762e-06
0.130945	4.64579e-06
0.130968	4.66558e-06
0.13099	4.63907e-06
0.131013	4.62693e-06
0.131035	4.57222e-06
0.131058	4.59342e-06
0.13108	4.58046e-06
0.131103	4.59927e-06
0.131125	4.54479e-06
0.131147	4.56536e-06
0.13117	4.53737e-06
0.131192	4.5673e-06
0.131215	4.53023e-06
0.131237	4.54016e-06
0.13126	4.53712e-06
0.131282	4.54499e-06
0.131304	4.55118e-06
0.131327	4.57334e-06
0.131349	4.54087e-06
0.131372	4.61531e-06
0.131394	4.5747e-06
0.131417	4.60716e-06
0.131439	4.6118e-06
0.131461	4.64097e-06
0.131484	4.60758e-06
0.131506	4.68955e-06
0.131529	4.67773e-06
0.131551	4.64535e-06
0.131573	4.75988e-06
0.131596	4.71317e-06
0.131618	4.74942e-06
0.131641	4.76619e-06
0.131663	4.74139e-06
0.131686	4.81772e-06
0.131708	4.86045e-06
0.13173	4.87023e-06
0.131753	4.85154e-06
0.131775	4.88737e-06
0.131798	4.97014e-06
0.13182	4.95432e-06
0.131842	4.94113e-06
0.131865	5.06421e-06
0.131887	5.06214e-06
0.13191	5.08793e-06
0.131932	5.06481e-06
0.131954	5.12679e-06
0.131977	5.18422e-06
0.131999	5.19604e-06
0.132022	5.23588e-06
0.132044	5.29351e-06
0.132067	5.29817e-06
0.132089	5.31883e-06
0.132111	5.3874e-06
0.132134	5.35734e-06
0.132156	5.42891e-06
0.132179	5.48805e-06
0.132201	5.49064e-06
0.132223	5.53766e-06
0.132246	5.62499e-06
0.132268	5.59774e-06
0.132291	5.63266e-06
0.132313	5.68518e-06
0.132335	5.71581e-06
0.132358	5.75434e-06
0.13238	5.82394e-06
0.132402	5.77877e-06
0.132425	5.85566e-06
0.132447	5.937e-06
0.13247	6.00567e-06
0.132492	5.95463e-06
0.132514	6.0853e-06
0.132537	6.03179e-06
0.132559	6.16666e-06
0.132582	6.11882e-06
0.132604	6.25479e-06
0.132626	6.17128e-06
0.132649	6.29543e-06
0.132671	6.293e-06
0.132694	6.41797e-06
0.132716	6.36556e-06
0.132738	6.52745e-06
0.132761	6.42003e-06
0.132783	6.54702e-06
0.132805	6.51633e-06
0.132828	6.60334e-06
0.13285	6.5718e-06
0.132873	6.70486e-06
0.132895	6.60887e-06
0.132917	6.75545e-06
0.13294	6.75574e-06
0.132962	6.83371e-06
0.132985	6.79334e-06
0.133007	6.91011e-06
0.133029	6.89498e-06
0.133052	6.95234e-06
0.133074	6.93234e-06
0.133096	7.07267e-06
0.133119	6.98519e-06
0.133141	7.1172e-06
0.133164	7.05048e-06
0.133186	7.20904e-06
0.133208	7.09822e-06
0.133231	7.21003e-06
0.133253	7.19263e-06
0.133275	7.27432e-06
0.133298	7.26027e-06
0.13332	7.3553e-06
0.133343	7.27162e-06
0.133365	7.38638e-06
0.133387	7.38444e-06
0.13341	7.51308e-06
0.133432	7.4372e-06
0.133454	7.50995e-06
0.133477	7.52974e-06
0.133499	7.60096e-06
0.133521	7.56874e-06
0.133544	7.6687e-06
0.133566	7.59408e-06
0.133589	7.68841e-06
0.133611	7.67539e-06
0.133633	7.74254e-06
0.133656	7.71011e-06
0.133678	7.79879e-06
0.1337	7.7764e-06
0.133723	7.87436e-06
0.133745	7.82626e-06
0.133767	7.88157e-06
0.13379	7.90202e-06
0.133812	7.93211e-06
0.133835	7.92922e-06
0.133857	7.98901e-06
0.133879	8.02655e-06
0.133902	8.04e-06
0.133924	8.02418e-06
0.133946	8.10965e-06
0.133969	8.049e-06
0.133991	8.13898e-06
0.134013	8.11619e-06
0.134036	8.15474e-06
0.134058	8.10353e-06
0.134081	8.22338e-06
0.134103	8.15016e-06
0.134125	8.3057e-06
0.134148	8.2037e-06
0.13417	8.29708e-06
0.134192	8.27737e-06
0.134215	8.34597e-06
0.134237	8.35368e-06
0.134259	8.288e-06
0.134282	8.38111e-06
0.134304	8.44168e-06
0.134326	8.43631e-06
0.134349	8.4495e-06
0.134371	8.44911e-06
0.134393	8.46524e-06
0.134416	8.45933e-06
0.134438	8.50241e-06
0.134461	8.52798e-06
0.134483	8.48776e-06
0.134505	8.55242e-06
0.134528	8.6117e-06
0.13455	8.65381e-06
0.134572	8.59241e-06
0.134595	8.64491e-06
0.134617	8.62939e-06
0.134639	8.63149e-06
0.134662	8.68322e-06
0.134684	8.73167e-06
0.134706	8.67988e-06
0.134729	8.71466e-06
0.134751	8.7111e-06
0.134773	8.79494e-06
0.134796	8.74896e-06
0.134818	8.78861e-06
0.134841	8.78654e-06
0.134863	8.84187e-06
0.134885	8.83436e-06
0.134908	8.83657e-06
0.13493	8.83954e-06
0.134952	8.88885e-06
0.134975	8.91197e-06
0.134997	8.81215e-06
0.135019	8.90998e-06
0.135042	8.80097e-06
0.135064	8.94563e-06
0.135086	8.7529e-06
0.135109	8.91007e-06
0.135131	8.89008e-06
0.135153	9.11465e-06
0.135176	8.77423e-06
0.135198	9.00495e-06
0.13522	8.78698e-06
0.135243	9.10581e-06
0.135265	8.76584e-06
0.135288	9.12724e-06
0.13531	8.79103e-06
0.135332	9.13188e-06
0.135355	8.74916e-06
0.135377	9.27776e-06
0.135399	8.82695e-06
0.135422	9.22646e-06
0.135444	8.85683e-06
0.135466	9.24337e-06
0.135489	8.88572e-06
0.135511	9.32136e-06
0.135533	8.89807e-06
0.135556	9.3472e-06
0.135578	8.89523e-06
0.1356	9.37585e-06
0.135623	8.95183e-06
0.135645	9.38918e-06
0.135667	9.045e-06
0.13569	9.42021e-06
0.135712	9.04413e-06
0.135735	9.4513e-06
0.135757	9.0574e-06
0.135779	9.44947e-06
0.135802	9.10678e-06
0.135824	9.51593e-06
0.135846	9.16926e-06
0.135869	9.53393e-06
0.135891	9.19694e-06
0.135913	9.49923e-06
0.135936	9.1723e-06
0.135958	9.55294e-06
0.13598	9.36467e-06
0.136003	9.59988e-06
0.136025	9.32878e-06
0.136048	9.58185e-06
0.13607	9.36199e-06
0.136092	9.56887e-06
0.136115	9.39631e-06
0.136137	9.60786e-06
0.136159	9.41862e-06
0.136182	9.57835e-06
0.136204	9.42319e-06
0.136226	9.67254e-06
0.136249	9.48622e-06
0.136271	9.6695e-06
0.136293	9.44386e-06
0.136316	9.71314e-06
0.136338	9.496e-06
0.136361	9.68013e-06
0.136383	9.58356e-06
0.136405	9.73133e-06
0.136428	9.55862e-06
0.13645	9.73013e-06
0.136472	9.54733e-06
0.136495	9.70353e-06
0.136517	9.60617e-06
0.136539	9.75477e-06
0.136562	9.64367e-06
0.136584	9.74065e-06
0.136607	9.63445e-06
0.136629	9.74369e-06
0.136651	9.73182e-06
0.136674	9.75312e-06
0.136696	9.77236e-06
0.136718	9.70113e-06
0.136741	9.88125e-06
0.136763	9.64961e-06
0.136785	9.92147e-06
0.136808	9.53535e-06
0.13683	1.01706e-05
0.136853	9.51633e-06
0.136875	1.04489e-05
0.136897	9.38297e-06
0.13692	1.06426e-05
0.136942	9.3407e-06
0.136964	1.07183e-05
0.136987	9.38647e-06
0.137009	1.06909e-05
0.137032	9.35991e-06
0.137054	1.0659e-05
0.137076	9.42253e-06
0.137099	1.06674e-05
0.137121	9.41477e-06
0.137143	1.06089e-05
0.137166	9.49842e-06
0.137188	1.05701e-05
0.137211	9.52325e-06
0.137233	1.05187e-05
0.137255	9.58734e-06
0.137278	1.04725e-05
0.1373	9.58285e-06
0.137322	1.04652e-05
0.137345	9.63193e-06
0.137367	1.04194e-05
0.13739	9.61452e-06
0.137412	1.03525e-05
0.137434	9.68871e-06
0.137457	1.03076e-05
0.137479	9.70936e-06
0.137502	1.02741e-05
0.137524	9.74906e-06
0.137546	1.02409e-05
0.137569	9.77459e-06
0.137591	1.02228e-05
0.137613	9.79699e-06
0.137636	1.01943e-05
0.137658	9.83863e-06
0.137681	1.01525e-05
0.137703	9.87869e-06
0.137725	1.00952e-05
0.137748	9.90374e-06
0.13777	1.00479e-05
0.137793	1.0001e-05
0.137815	9.98301e-06
0.137837	1.00243e-05
0.13786	9.94575e-06
0.137882	1.00722e-05
0.137905	9.93517e-06
0.137927	1.00609e-05
0.137949	9.94948e-06
0.137972	1.00045e-05
0.137994	9.95727e-06
0.138017	1.00228e-05
0.138039	9.96856e-06
0.138061	1.00036e-05
0.138084	9.99178e-06
0.138106	9.98176e-06
0.138129	9.98584e-06
0.138151	9.94379e-06
0.138173	9.99991e-06
0.138196	9.96675e-06
0.138218	9.99805e-06
0.138241	9.93346e-06
0.138263	9.99016e-06
0.138286	9.94667e-06
0.138308	9.94922e-06
0.13833	9.95044e-06
0.138353	1.00215e-05
0.138375	9.87242e-06
0.138398	9.98118e-06
0.13842	9.90215e-06
0.138442	9.96337e-06
0.138465	9.88663e-06
0.138487	9.94547e-06
0.13851	9.95362e-06
0.138532	9.92423e-06
0.138555	9.907e-06
0.138577	9.90204e-06
0.138599	9.91138e-06
0.138622	9.90555e-06
0.138644	9.90651e-06
0.138667	9.88992e-06
0.138689	9.91399e-06
0.138712	9.82383e-06
0.138734	9.95333e-06
0.138756	9.83466e-06
0.138779	9.94809e-06
0.138801	9.79905e-06
0.138824	9.9133e-06
0.138846	9.77617e-06
0.138869	9.92503e-06
0.138891	9.78812e-06
0.138913	9.89e-06
0.138936	9.74981e-06
0.138958	9.8937e-06
0.138981	9.73231e-06
0.139003	9.87423e-06
0.139026	9.72804e-06
0.139048	9.87929e-06
0.139071	9.70995e-06
0.139093	9.82721e-06
0.139115	9.69101e-06
0.139138	9.86591e-06
0.13916	9.66212e-06
0.139183	9.85641e-06
0.139205	9.6939e-06
0.139228	9.79019e-06
0.13925	9.6269e-06
0.139273	9.74728e-06
0.139295	9.62394e-06
0.139318	9.75946e-06
0.13934	9.64563e-06
0.139362	9.72971e-06
0.139385	9.59713e-06
0.139407	9.70619e-06
0.13943	9.61457e-06
0.139452	9.67707e-06
0.139475	9.62277e-06
0.139497	9.66249e-06
0.13952	9.58334e-06
0.139542	9.67623e-06
0.139565	9.57089e-06
0.139587	9.6793e-06
0.13961	9.51785e-06
0.139632	9.63419e-06
0.139655	9.51939e-06
0.139677	9.62823e-06
0.139699	9.51089e-06
0.139722	9.59804e-06
0.139744	9.52742e-06
0.139767	9.57682e-06
0.139789	9.5182e-06
0.139812	9.57434e-06
0.139834	9.48203e-06
0.139857	9.53785e-06
0.139879	9.48363e-06
0.139902	9.51885e-06
0.139924	9.49534e-06
0.139947	9.4907e-06
0.139969	9.4681e-06
0.139992	9.44784e-06
0.140014	9.44904e-06
0.140037	9.46541e-06
0.140059	9.3966e-06
0.140082	9.49251e-06
0.140104	9.4174e-06
0.140127	9.42956e-06
0.140149	9.38966e-06
0.140172	9.40547e-06
0.140194	9.34918e-06
0.140217	9.39823e-06
0.140239	9.31905e-06
0.140262	9.42717e-06
0.140284	9.31429e-06
0.140307	9.35795e-06
0.140329	9.3232e-06
0.140352	9.31661e-06
0.140374	9.27094e-06
0.140397	9.30703e-06
0.140419	9.26011e-06
0.140442	9.31155e-06
0.140464	9.24883e-06
0.140487	9.25323e-06
0.140509	9.21777e-06
0.140532	9.24635e-06
0.140554	9.21402e-06
0.140577	9.20624e-06
0.140599	9.15893e-06
0.140621	9.20457e-06
0.140644	9.14824e-06
0.140666	9.16604e-06
0.140689	9.13948e-06
0.140711	9.13976e-06
0.140734	9.0988e-06
0.140756	9.09088e-06
0.140779	9.06659e-06
0.140801	9.07462e-06
0.140824	9.05598e-06
0.140846	9.05848e-06
0.140869	9.05854e-06
0.140891	9.04794e-06
0.140914	8.97361e-06
0.140936	9.01534e-06
0.140958	8.97619e-06
0.140981	8.98398e-06
0.141003	8.94786e-06
0.141026	8.94551e-06
0.141048	8.89804e-06
0.141071	9.00626e-06
0.141093	8.87809e-06
0.141116	8.93447e-06
0.141138	8.86243e-06
0.14116	8.91082e-06
0.141183	8.81872e-06
0.141205	8.8651e-06
0.141228	8.7918e-06
0.14125	8.83293e-06
0.141273	8.75947e-06
0.141295	8.8092e-06
0.141317	8.71151e-06
0.14134	8.82503e-06
0.141362	8.68356e-06
0.141385	8.80855e-06
0.141407	8.67652e-06
0.14143	8.75481e-06
0.141452	8.62749e-06
0.141474	8.73589e-06
0.141497	8.57756e-06
0.141519	8.68954e-06
0.141542	8.54406e-06
0.141564	8.6102e-06
0.141586	8.54327e-06
0.141609	8.60474e-06
0.141631	8.50139e-06
0.141654	8.54348e-06
0.141676	8.45705e-06
0.141698	8.51705e-06
0.141721	8.44273e-06
0.141743	8.45201e-06
0.141766	8.39813e-06
0.141788	8.41102e-06
0.14181	8.39919e-06
0.141833	8.36503e-06
0.141855	8.32041e-06
0.141878	8.36821e-06
0.1419	8.26621e-06
0.141922	8.2977e-06
0.141945	8.24525e-06
0.141967	8.30676e-06
0.141989	8.18219e-06
0.142012	8.24774e-06
0.142034	8.13521e-06
0.142057	8.18061e-06
0.142079	8.07421e-06
0.142101	8.11507e-06
0.142124	8.00293e-06
0.142146	8.08942e-06
0.142168	7.94647e-06
0.142191	8.04365e-06
0.142213	7.90302e-06
0.142236	8.00799e-06
0.142258	7.86761e-06
0.14228	7.95389e-06
0.142303	7.76871e-06
0.142325	7.90964e-06
0.142347	7.71968e-06
0.14237	7.8488e-06
0.142392	7.67025e-06
0.142414	7.81116e-06
0.142437	7.61771e-06
0.142459	7.72216e-06
0.142481	9.10602e-06
0.142504	9.18339e-06
0.142526	9.02357e-06
0.142548	9.12055e-06
0.142571	8.98039e-06
0.142593	9.08369e-06
0.142615	8.90359e-06
0.142638	8.99939e-06
0.14266	8.84743e-06
0.142682	8.93655e-06
0.142705	8.75179e-06
0.142727	8.81865e-06
0.142749	8.69036e-06
0.142772	8.77822e-06
0.142794	8.62606e-06
0.142816	8.68633e-06
0.142839	8.58068e-06
0.142861	8.593e-06
0.142883	8.4804e-06
0.142906	8.51003e-06
0.142928	8.44666e-06
0.14295	8.52439e-06
0.142973	8.33913e-06
0.142995	8.35753e-06
0.143017	8.26998e-06
0.14304	8.27377e-06
0.143062	8.19053e-06
0.143084	8.17686e-06
0.143106	8.12909e-06
0.143129	8.11287e-06
0.143151	8.04424e-06
0.143173	8.01489e-06
0.143196	7.97634e-06
0.143218	7.92205e-06
0.14324	7.90591e-06
0.143263	7.83043e-06
0.143285	7.82694e-06
0.143307	7.75699e-06
0.143329	7.75789e-06
0.143352	7.67819e-06
0.143374	7.72273e-06
0.143396	7.60959e-06
0.143419	7.64698e-06
0.143441	7.52771e-06
0.143463	7.54522e-06
0.143485	7.4484e-06
0.143508	7.48593e-06
0.14353	7.37312e-06
0.143552	7.43884e-06
0.143575	7.28718e-06
0.143597	7.34183e-06
0.143619	7.22551e-06
0.143641	7.28325e-06
0.143664	7.1583e-06
0.143686	7.18625e-06
0.143708	7.11312e-06
0.14373	7.1222e-06
0.143753	7.01452e-06
0.143775	7.07035e-06
0.143797	6.92697e-06
0.14382	7.02759e-06
0.143842	6.89402e-06
0.143864	6.95133e-06
0.143886	6.84328e-06
0.143909	6.88426e-06
0.143931	6.75005e-06
0.143953	6.8061e-06
0.143975	6.69994e-06
0.143998	6.73576e-06
0.14402	6.65919e-06
0.144042	6.68264e-06
0.144064	6.61829e-06
0.144087	6.62118e-06
0.144109	6.66869e-06
0.144131	6.54587e-06
0.144153	6.51283e-06
0.144176	6.49724e-06
0.144198	6.74743e-06
0.14422	6.53585e-06
0.144242	6.5378e-06
0.144265	6.50815e-06
0.144287	6.50745e-06
0.144309	6.44831e-06
0.144331	6.45859e-06
0.144354	6.39375e-06
0.144376	6.40877e-06
0.144398	6.3481e-06
0.14442	6.37098e-06
0.144443	6.30348e-06
0.144465	6.31663e-06
0.144487	6.26822e-06
0.144509	6.29022e-06
0.144531	6.19675e-06
0.144554	6.24338e-06
0.144576	6.1703e-06
0.144598	6.21353e-06
0.14462	6.11671e-06
0.144643	6.2033e-06
0.144665	6.04061e-06
0.144687	6.22919e-06
0.144709	6.01522e-06
0.144731	6.24451e-06
0.144754	5.95888e-06
0.144776	6.20913e-06
0.144798	5.91362e-06
0.14482	6.21461e-06
0.144843	5.8902e-06
0.144865	6.18813e-06
0.144887	5.82764e-06
0.144909	6.19514e-06
0.144931	5.82736e-06
0.144954	6.20729e-06
0.144976	5.81027e-06
0.144998	6.23019e-06
0.14502	5.78532e-06
0.145042	6.21232e-06
0.145065	5.75096e-06
0.145087	6.24499e-06
0.145109	5.85048e-06
0.145131	6.24495e-06
0.145154	5.81201e-06
0.145176	6.28429e-06
0.145198	5.74439e-06
0.14522	6.25521e-06
0.145242	5.85838e-06
0.145265	6.32556e-06
0.145287	5.7504e-06
0.145309	6.36046e-06
0.145331	5.84206e-06
0.145353	6.35909e-06
0.145376	5.86311e-06
0.145398	6.40503e-06
0.14542	5.81853e-06
0.145442	6.43179e-06
0.145464	5.89172e-06
0.145487	6.47116e-06
0.145509	5.95808e-06
0.145531	6.46157e-06
0.145553	6.22594e-06
0.145575	6.54953e-06
0.145597	6.11082e-06
0.14562	6.58567e-06
0.145642	6.07974e-06
0.145664	6.6369e-06
0.145686	6.14593e-06
0.145708	6.60776e-06
0.145731	6.25762e-06
0.145753	6.71966e-06
0.145775	6.26421e-06
0.145797	6.7685e-06
0.145819	6.30687e-06
0.145842	6.77647e-06
0.145864	6.38322e-06
0.145886	6.8535e-06
0.145908	6.49903e-06
0.14593	6.92144e-06
0.145952	6.55491e-06
0.145975	7.01524e-06
0.145997	6.6233e-06
0.146019	7.07022e-06
0.146041	6.66334e-06
0.146063	7.10872e-06
0.146086	6.795e-06
0.146108	7.20761e-06
0.14613	6.87938e-06
0.146152	7.24842e-06
0.146174	6.97079e-06
0.146196	7.36656e-06
0.146219	7.09704e-06
0.146241	7.42406e-06
0.146263	7.22618e-06
0.146285	7.48313e-06
0.146307	7.26709e-06
0.146329	7.56137e-06
0.146352	7.41952e-06
0.146374	7.68543e-06
0.146396	7.52544e-06
0.146418	7.73052e-06
0.14644	7.60119e-06
0.146462	7.8291e-06
0.146485	7.73862e-06
0.146507	7.93766e-06
0.146529	7.83346e-06
0.146551	8.0244e-06
0.146573	7.9263e-06
0.146596	8.10579e-06
0.146618	7.97066e-06
0.14664	8.20042e-06
0.146662	8.10809e-06
0.146684	8.3122e-06
0.146706	8.14534e-06
0.146729	8.38494e-06
0.146751	8.2525e-06
0.146773	8.46693e-06
0.146795	8.43511e-06
0.146817	8.68516e-06
0.146839	8.47844e-06
0.146862	8.64475e-06
0.146884	8.51744e-06
0.146906	8.72913e-06
0.146928	8.61324e-06
0.14695	9.02876e-06
0.146972	8.66421e-06
0.146995	9.11586e-06
0.147017	8.78466e-06
0.147039	8.91946e-06
0.147061	9.1312e-06
0.147083	9.24675e-06
0.147105	9.17359e-06
0.147128	9.36869e-06
0.14715	9.31016e-06
0.147172	9.43976e-06
0.147194	9.34361e-06
0.147216	9.52936e-06
0.147238	9.43436e-06
0.147261	9.56995e-06
0.147283	9.59116e-06
0.147305	9.6308e-06
0.147327	9.66559e-06
0.147349	9.74369e-06
0.147371	9.50749e-06
0.147393	1.00247e-05
0.147416	9.83823e-06
0.147438	9.94808e-06
0.14746	9.91554e-06
0.147482	1.00116e-05
0.147504	9.99656e-06
0.147526	1.01217e-05
0.147549	1.01142e-05
0.147571	1.01996e-05
0.147593	1.0234e-05
0.147615	1.02389e-05
0.147637	1.02191e-05
0.147659	1.03212e-05
0.147682	1.02931e-05
0.147704	1.0468e-05
0.147726	1.03965e-05
0.147748	1.04971e-05
0.14777	1.04893e-05
0.147792	1.06136e-05
0.147815	1.06011e-05
0.147837	1.0662e-05
0.147859	1.05964e-05
0.147881	1.06971e-05
0.147903	1.07196e-05
0.147925	1.07224e-05
0.147948	1.07414e-05
0.14797	1.09065e-05
0.147992	1.08423e-05
0.148014	1.09275e-05
0.148036	1.09683e-05
0.148058	9.22731e-06
0.148081	9.29675e-06
0.148103	9.28562e-06
0.148125	9.32804e-06
0.148147	9.34804e-06
0.148169	9.45134e-06
0.148191	9.39635e-06
0.148214	9.60959e-06
0.148236	9.55181e-06
0.148258	9.59118e-06
0.14828	9.58837e-06
0.148302	9.68246e-06
0.148324	9.70436e-06
0.148347	9.72205e-06
0.148369	9.7747e-06
0.148391	9.79978e-06
0.148413	9.8145e-06
0.148435	9.86645e-06
0.148458	9.93825e-06
0.14848	9.89642e-06
0.148502	9.99824e-06
0.148524	9.98646e-06
0.148546	9.99286e-06
0.148568	1.00767e-05
0.148591	1.01198e-05
0.148613	1.01596e-05
0.148635	1.01977e-05
0.148657	1.0231e-05
0.148679	1.02545e-05
0.148701	1.02818e-05
0.148724	1.03973e-05
0.148746	1.0326e-05
0.148768	1.03165e-05
0.14879	1.04536e-05
0.148812	1.04604e-05
0.148835	1.05306e-05
0.148857	1.05043e-05
0.148879	1.05794e-05
0.148901	1.05778e-05
0.148923	1.06256e-05
0.148945	1.06307e-05
0.148968	1.07279e-05
0.14899	1.07045e-05
0.149012	1.07823e-05
0.149034	1.07712e-05
0.149056	1.08569e-05
0.149079	1.08152e-05
0.149101	1.08936e-05
0.149123	1.09426e-05
0.149145	1.09504e-05
0.149167	1.10174e-05
0.149189	1.10354e-05
0.149212	1.1192e-05
0.149234	1.09246e-05
0.149256	1.1056e-05
0.149278	1.11061e-05
0.1493	1.11272e-05
0.149323	1.12685e-05
0.149345	1.12855e-05
0.149367	1.12814e-05
0.149389	1.12188e-05
0.149411	1.13578e-05
0.149434	1.13618e-05
0.149456	1.13574e-05
0.149478	1.14196e-05
0.1495	1.14081e-05
0.149522	1.1464e-05
0.149545	1.15187e-05
0.149567	1.1505e-05
0.149589	1.15065e-05
0.149611	1.15525e-05
0.149633	1.16177e-05
0.149656	1.16647e-05
0.149678	1.16283e-05
0.1497	1.16598e-05
0.149722	1.17273e-05
0.149744	1.17353e-05
0.149767	1.17369e-05
0.149789	1.17651e-05
0.149811	1.17845e-05
0.149833	1.18201e-05
0.149856	1.17907e-05
0.149878	1.18655e-05
0.1499	1.18366e-05
0.149922	1.19688e-05
0.149944	1.19118e-05
0.149967	1.19596e-05
0.149989	1.20103e-05
0.150011	1.19957e-05
