0.100017	5.02705e-07
0.10004	4.99179e-07
0.100063	5.21164e-07
0.100086	5.17092e-07
0.100109	5.17899e-07
0.100132	5.11805e-07
0.100154	5.12795e-07
0.100177	5.08464e-07
0.1002	5.09099e-07
0.100223	5.0488e-07
0.100246	5.04508e-07
0.100269	4.98337e-07
0.100292	4.99635e-07
0.100314	4.93882e-07
0.100337	4.90047e-07
0.10036	4.90911e-07
0.100383	4.90042e-07
0.100406	4.82997e-07
0.100429	4.90827e-07
0.100451	4.87978e-07
0.100474	4.82294e-07
0.100497	4.84218e-07
0.10052	4.86975e-07
0.100543	4.83022e-07
0.100566	4.85994e-07
0.100588	4.81522e-07
0.100611	4.84246e-07
0.100634	4.8218e-07
0.100657	4.84076e-07
0.10068	4.82324e-07
0.100703	4.85169e-07
0.100725	4.82699e-07
0.100748	4.85212e-07
0.100771	4.84286e-07
0.100794	4.86814e-07
0.100817	4.85456e-07
0.10084	4.86988e-07
0.100862	4.86336e-07
0.100885	4.91715e-07
0.100908	4.91621e-07
0.100931	4.95448e-07
0.100954	4.95038e-07
0.100976	4.93068e-07
0.100999	5.00597e-07
0.101022	5.026e-07
0.101045	5.0296e-07
0.101068	5.07305e-07
0.10109	5.07799e-07
0.101113	5.08004e-07
0.101136	5.07656e-07
0.101159	5.13657e-07
0.101182	5.10602e-07
0.101205	5.235e-07
0.101227	5.1825e-07
0.10125	5.28216e-07
0.101273	5.25452e-07
0.101296	5.29785e-07
0.101319	5.31453e-07
0.101341	5.34519e-07
0.101364	5.36344e-07
0.101387	5.3987e-07
0.10141	5.41214e-07
0.101432	5.42983e-07
0.101455	5.45797e-07
0.101478	5.48862e-07
0.101501	5.49665e-07
0.101524	5.53524e-07
0.101546	5.54244e-07
0.101569	5.5876e-07
0.101592	5.59814e-07
0.101615	5.62514e-07
0.101638	5.63833e-07
0.10166	5.67132e-07
0.101683	5.68217e-07
0.101706	5.70714e-07
0.101729	5.70228e-07
0.101751	5.7456e-07
0.101774	5.75631e-07
0.101797	5.79469e-07
0.10182	5.7962e-07
0.101843	5.82188e-07
0.101865	5.83819e-07
0.101888	5.8554e-07
0.101911	5.86461e-07
0.101934	5.88337e-07
0.101956	5.89979e-07
0.101979	5.91709e-07
0.102002	5.93215e-07
0.102025	5.94942e-07
0.102047	5.95883e-07
0.10207	5.97858e-07
0.102093	5.99073e-07
0.102116	6.00505e-07
0.102138	6.00357e-07
0.102161	6.02689e-07
0.102184	6.03802e-07
0.102207	6.05571e-07
0.102229	6.06905e-07
0.102252	6.07635e-07
0.102275	6.08991e-07
0.102298	6.1038e-07
0.102321	6.11422e-07
0.102343	6.12534e-07
0.102366	6.13791e-07
0.102389	6.15253e-07
0.102411	6.16188e-07
0.102434	6.17698e-07
0.102457	6.18608e-07
0.10248	6.20306e-07
0.102502	6.21272e-07
0.102525	6.22432e-07
0.102548	6.24005e-07
0.102571	6.25579e-07
0.102593	6.26154e-07
0.102616	6.28616e-07
0.102639	6.30066e-07
0.102662	6.31974e-07
0.102684	6.32928e-07
0.102707	6.36132e-07
0.10273	6.37452e-07
0.102753	6.39108e-07
0.102775	6.41148e-07
0.102798	6.43977e-07
0.102821	6.46122e-07
0.102844	6.48829e-07
0.102866	6.51762e-07
0.102889	6.57673e-07
0.102912	6.59871e-07
0.102934	6.60406e-07
0.102957	6.6472e-07
0.10298	6.64565e-07
0.103003	6.67907e-07
0.103025	6.68095e-07
0.103048	6.73242e-07
0.103071	6.79108e-07
0.103093	6.7703e-07
0.103116	6.83786e-07
0.103139	6.84566e-07
0.103162	6.90528e-07
0.103184	6.95317e-07
0.103207	6.97152e-07
0.10323	7.00659e-07
0.103252	7.044e-07
0.103275	8.29767e-07
0.103298	7.11259e-07
0.103321	8.3313e-07
0.103343	7.19812e-07
0.103366	8.3621e-07
0.103389	8.3694e-07
0.103411	8.40829e-07
0.103434	8.4167e-07
0.103457	8.44356e-07
0.10348	7.47292e-07
0.103502	8.47553e-07
0.103525	7.50897e-07
0.103548	8.50432e-07
0.10357	8.5107e-07
0.103593	8.5395e-07
0.103616	8.55069e-07
0.103638	8.5831e-07
0.103661	8.58424e-07
0.103684	8.61954e-07
0.103707	8.62369e-07
0.103729	8.65687e-07
0.103752	8.67626e-07
0.103775	8.70878e-07
0.103797	8.72395e-07
0.10382	8.774e-07
0.103843	8.79877e-07
0.103865	8.83697e-07
0.103888	8.87378e-07
0.103911	8.90666e-07
0.103933	8.5076e-07
0.103956	9.0527e-07
0.103979	9.04707e-07
0.104001	9.11074e-07
0.104024	9.15671e-07
0.104047	9.22248e-07
0.10407	9.28985e-07
0.104092	9.35312e-07
0.104115	9.40708e-07
0.104138	9.49105e-07
0.10416	9.54572e-07
0.104183	9.60734e-07
0.104206	9.68847e-07
0.104228	9.71836e-07
0.104251	9.77189e-07
0.104274	9.84079e-07
0.104296	9.85325e-07
0.104319	9.92354e-07
0.104342	9.95373e-07
0.104364	9.98112e-07
0.104387	9.99826e-07
0.10441	5.15254e-07
0.104432	5.09894e-07
0.104455	5.02931e-07
0.104478	4.99942e-07
0.1045	4.95418e-07
0.104523	4.88251e-07
0.104546	4.86648e-07
0.104568	4.84284e-07
0.104591	4.81916e-07
0.104614	4.79173e-07
0.104636	4.78426e-07
0.104659	4.77586e-07
0.104682	4.81807e-07
0.104704	4.88986e-07
0.104727	4.97964e-07
0.10475	5.13526e-07
0.104772	4.90576e-07
0.104795	5.18519e-07
0.104818	5.25545e-07
0.10484	5.27631e-07
0.104863	5.37054e-07
0.104886	5.43759e-07
0.104908	5.48201e-07
0.104931	5.47113e-07
0.104954	5.5944e-07
0.104976	5.63334e-07
0.104999	5.66248e-07
0.105022	5.74067e-07
0.105044	5.77408e-07
0.105067	5.82011e-07
0.105089	5.85907e-07
0.105112	5.89693e-07
0.105135	5.93499e-07
0.105157	5.96758e-07
0.10518	6.00758e-07
0.105203	6.0279e-07
0.105225	6.06703e-07
0.105248	6.08938e-07
0.105271	6.0975e-07
0.105293	6.12988e-07
0.105316	6.15851e-07
0.105339	6.1795e-07
0.105361	6.20109e-07
0.105384	6.21783e-07
0.105407	6.23304e-07
0.105429	6.25076e-07
0.105452	6.26333e-07
0.105474	6.27921e-07
0.105497	6.29119e-07
0.10552	6.30226e-07
0.105542	6.31227e-07
0.105565	6.59689e-07
0.105588	6.61995e-07
0.10561	6.63942e-07
0.105633	6.66139e-07
0.105656	6.67556e-07
0.105678	6.69366e-07
0.105701	6.7181e-07
0.105724	6.68489e-07
0.105746	6.7226e-07
0.105769	6.73967e-07
0.105791	6.7538e-07
0.105814	6.76313e-07
0.105837	6.76869e-07
0.105859	6.7764e-07
0.105882	6.78161e-07
0.105905	6.78763e-07
0.105927	6.78961e-07
0.10595	6.79668e-07
0.105972	7.01494e-07
0.105995	7.04094e-07
0.106018	7.03894e-07
0.10604	7.02823e-07
0.106063	7.05141e-07
0.106086	7.03371e-07
0.106108	7.02723e-07
0.106131	7.01832e-07
0.106154	6.99705e-07
0.106176	7.02995e-07
0.106199	7.01938e-07
0.106221	7.00749e-07
0.106244	6.98983e-07
0.106267	6.98658e-07
0.106289	6.97044e-07
0.106312	6.94907e-07
0.106335	6.94552e-07
0.106357	6.94098e-07
0.10638	6.91598e-07
0.106402	7.4087e-07
0.106425	6.92327e-07
0.106448	7.40312e-07
0.10647	7.39597e-07
0.106493	7.33371e-07
0.106516	7.37806e-07
0.106538	7.32958e-07
0.106561	7.30328e-07
0.106583	7.26369e-07
0.106606	7.24802e-07
0.106629	7.23205e-07
0.106651	7.21793e-07
0.106674	7.21895e-07
0.106696	7.17843e-07
0.106719	7.20241e-07
0.106742	7.19812e-07
0.106764	7.20967e-07
0.106787	7.21739e-07
0.10681	7.23887e-07
0.106832	7.25496e-07
0.106855	7.29353e-07
0.106877	7.3177e-07
0.1069	7.35743e-07
0.106923	7.39407e-07
0.106945	7.43368e-07
0.106968	7.43845e-07
0.106991	7.53711e-07
0.107013	7.507e-07
0.107036	7.46628e-07
0.107058	7.50286e-07
0.107081	7.47108e-07
0.107104	7.46886e-07
0.107126	7.49042e-07
0.107149	7.49818e-07
0.107171	7.54012e-07
0.107194	7.56116e-07
0.107217	7.60222e-07
0.107239	7.62553e-07
0.107262	7.65828e-07
0.107285	7.67492e-07
0.107307	7.68451e-07
0.10733	7.66606e-07
0.107352	7.64673e-07
0.107375	7.61079e-07
0.107398	7.58772e-07
0.10742	7.64006e-07
0.107443	7.89258e-07
0.107465	7.91881e-07
0.107488	8.31775e-07
0.107511	8.15728e-07
0.107533	8.60589e-07
0.107556	8.32617e-07
0.107579	8.96196e-07
0.107601	8.50446e-07
0.107624	9.0792e-07
0.107646	8.72366e-07
0.107669	9.11636e-07
0.107692	8.88676e-07
0.107714	9.24557e-07
0.107737	9.06383e-07
0.107759	9.37362e-07
0.107782	9.21024e-07
0.107805	9.32666e-07
0.107827	9.32382e-07
0.10785	9.44479e-07
0.107872	9.43023e-07
0.107895	9.5431e-07
0.107918	9.52056e-07
0.10794	9.64e-07
0.107963	9.52245e-07
0.107986	9.73911e-07
0.108008	9.60708e-07
0.108031	9.81736e-07
0.108053	9.68309e-07
0.108076	9.88701e-07
0.108099	9.76015e-07
0.108121	9.89447e-07
0.108144	9.8501e-07
0.108166	4.57019e-07
0.108189	9.82209e-07
0.108212	4.60591e-07
0.108234	9.90284e-07
0.108257	4.56295e-07
0.108279	9.9014e-07
0.108302	4.50844e-07
0.108325	9.94014e-07
0.108347	4.49131e-07
0.10837	9.96911e-07
0.108393	4.44237e-07
0.108415	9.99327e-07
0.108438	4.43735e-07
0.10846	9.99054e-07
0.108483	4.44838e-07
0.108506	4.30235e-07
0.108528	4.48667e-07
0.108551	4.32753e-07
0.108573	4.50698e-07
0.108596	4.37109e-07
0.108619	4.52032e-07
0.108641	4.38202e-07
0.108664	4.49047e-07
0.108687	4.36133e-07
0.108709	4.54069e-07
0.108732	4.35241e-07
0.108754	4.75437e-07
0.108777	4.55745e-07
0.1088	4.92804e-07
0.108822	5.17895e-07
0.108845	5.10147e-07
0.108867	5.24597e-07
0.10889	5.19945e-07
0.108913	5.28382e-07
0.108935	5.27096e-07
0.108958	5.36023e-07
0.10898	5.33833e-07
0.109003	5.47546e-07
0.109026	5.39135e-07
0.109048	5.60721e-07
0.109071	5.42679e-07
0.109094	5.77289e-07
0.109116	5.44707e-07
0.109139	5.97406e-07
0.109161	5.48111e-07
0.109184	6.238e-07
0.109207	5.54396e-07
0.109229	6.42727e-07
0.109252	5.67913e-07
0.109275	6.66271e-07
0.109297	5.92059e-07
0.10932	6.88393e-07
0.109342	6.10638e-07
0.109365	7.11202e-07
0.109388	6.30771e-07
0.10941	7.33476e-07
0.109433	6.52235e-07
0.109455	7.5573e-07
0.109478	8.04536e-07
0.109501	7.81001e-07
0.109523	8.20404e-07
0.109546	8.009e-07
0.109569	8.34028e-07
0.109591	8.15581e-07
0.109614	8.41599e-07
0.109636	8.29142e-07
0.109659	8.44382e-07
0.109682	8.33534e-07
0.109704	8.42487e-07
0.109727	8.36556e-07
0.10975	8.37269e-07
0.109772	8.33176e-07
0.109795	8.28727e-07
0.109817	8.26724e-07
0.10984	8.18974e-07
0.109863	8.18683e-07
0.109885	8.09061e-07
0.109908	8.02664e-07
0.109931	8.00363e-07
0.109953	7.91784e-07
0.109976	7.77226e-07
0.109998	7.87995e-07
0.110021	7.76091e-07
0.110044	7.73254e-07
0.110066	7.63174e-07
0.110089	7.61085e-07
0.110112	7.56278e-07
0.110134	7.52699e-07
0.110157	7.4195e-07
0.11018	7.40091e-07
0.110202	7.32057e-07
0.110225	7.23223e-07
0.110247	7.17424e-07
0.11027	7.14334e-07
0.110293	6.98978e-07
0.110315	6.9994e-07
0.110338	6.84337e-07
0.110361	6.8282e-07
0.110383	6.68093e-07
0.110406	6.57908e-07
0.110428	6.45161e-07
0.110451	6.37704e-07
0.110474	6.25136e-07
0.110496	6.15611e-07
0.110519	6.05276e-07
0.110542	5.9505e-07
0.110564	5.88078e-07
0.110587	5.6497e-07
0.11061	5.56826e-07
0.110632	5.45105e-07
0.110655	5.35854e-07
0.110678	5.23486e-07
0.1107	5.12303e-07
0.110723	5.02604e-07
0.110745	4.88409e-07
0.110768	4.80595e-07
0.110791	4.65406e-07
0.110813	4.576e-07
0.110836	4.46796e-07
0.110859	8.8436e-07
0.110881	4.24745e-07
0.110904	4.1723e-07
0.110927	4.05895e-07
0.110949	9.93517e-07
0.110972	8.04019e-07
0.110995	9.58446e-07
0.111017	9.38704e-07
0.11104	7.69856e-07
0.111063	9.03305e-07
0.111085	7.4091e-07
0.111108	8.68031e-07
0.11113	7.13756e-07
0.111153	6.99562e-07
0.111176	6.91738e-07
0.111198	6.80932e-07
0.111221	6.72562e-07
0.111244	6.63188e-07
0.111266	6.55917e-07
0.111289	6.46419e-07
0.111312	6.41141e-07
0.111334	6.32132e-07
0.111357	7.38993e-07
0.11138	7.25121e-07
0.111402	7.14508e-07
0.111425	7.00664e-07
0.111448	6.93043e-07
0.11147	6.8183e-07
0.111493	6.73235e-07
0.111516	6.59898e-07
0.111538	6.52121e-07
0.111561	6.43371e-07
0.111584	6.36214e-07
0.111606	6.22871e-07
0.111629	6.18853e-07
0.111652	6.12176e-07
0.111674	5.99461e-07
0.111697	5.95781e-07
0.11172	5.86616e-07
0.111742	5.85887e-07
0.111765	5.81372e-07
0.111788	5.72133e-07
0.11181	5.65907e-07
0.111833	5.59207e-07
0.111856	5.55052e-07
0.111878	5.47679e-07
0.111901	5.42222e-07
0.111924	5.34454e-07
0.111946	5.29398e-07
0.111969	5.24063e-07
0.111992	5.12734e-07
0.112014	5.10068e-07
0.112037	5.03507e-07
0.11206	4.96698e-07
0.112082	4.90485e-07
0.112105	4.85098e-07
0.112128	4.82572e-07
0.11215	4.80282e-07
0.112173	4.79357e-07
0.112196	4.79308e-07
0.112219	4.79999e-07
0.112241	4.7954e-07
0.112264	4.80196e-07
0.112287	4.80136e-07
0.112309	4.79988e-07
0.112332	4.78939e-07
0.112355	4.78934e-07
0.112377	4.71805e-07
0.1124	4.73065e-07
0.112423	4.7265e-07
0.112445	4.77344e-07
0.112468	4.7977e-07
0.112491	4.81073e-07
0.112513	4.8248e-07
0.112536	4.84221e-07
0.112559	4.85856e-07
0.112582	9.96721e-07
0.112604	9.90537e-07
0.112627	9.84286e-07
0.11265	9.79012e-07
0.112672	9.7134e-07
0.112695	9.64822e-07
0.112718	9.59678e-07
0.11274	9.53638e-07
0.112763	9.47423e-07
0.112786	9.41109e-07
0.112809	9.37791e-07
0.112831	9.29956e-07
0.112854	9.23789e-07
0.112877	9.18204e-07
0.112899	9.13626e-07
0.112922	9.05713e-07
0.112945	9.00219e-07
0.112967	8.93546e-07
0.11299	8.87221e-07
0.113013	8.79439e-07
0.113036	8.73367e-07
0.113058	8.6716e-07
0.113081	8.59626e-07
0.113104	8.51821e-07
0.113126	8.4664e-07
0.113149	8.36111e-07
0.113172	8.31481e-07
0.113195	8.21961e-07
0.113217	8.15295e-07
0.11324	8.05483e-07
0.113263	8.00379e-07
0.113285	7.89426e-07
0.113308	7.84101e-07
0.113331	7.73862e-07
0.113354	7.65643e-07
0.113376	7.54778e-07
0.113399	7.48139e-07
0.113422	7.39554e-07
0.113445	7.2811e-07
0.113467	7.18001e-07
0.11349	7.96061e-07
0.113513	7.86252e-07
0.113535	6.94151e-07
0.113558	6.85192e-07
0.113581	6.78971e-07
0.113604	7.52038e-07
0.113626	6.7541e-07
0.113649	7.34177e-07
0.113672	6.66315e-07
0.113695	6.60081e-07
0.113717	6.56992e-07
0.11374	6.54873e-07
0.113763	6.87029e-07
0.113786	6.50982e-07
0.113808	6.47344e-07
0.113831	6.4641e-07
0.113854	6.42697e-07
0.113876	6.40244e-07
0.113899	6.37779e-07
0.113922	6.36102e-07
0.113945	6.33439e-07
0.113967	6.32417e-07
0.11399	6.31268e-07
0.114013	6.2989e-07
0.114036	6.2637e-07
0.114058	6.24698e-07
0.114081	6.21223e-07
0.114104	6.1931e-07
0.114126	6.15541e-07
0.114149	6.11756e-07
0.114172	6.12694e-07
0.114195	6.07277e-07
0.114217	6.03041e-07
0.11424	5.99828e-07
0.114263	5.96375e-07
0.114286	5.92012e-07
0.114308	5.87131e-07
0.114331	5.84476e-07
0.114354	5.80064e-07
0.114376	5.749e-07
0.114399	5.70307e-07
0.114422	5.66404e-07
0.114444	5.60084e-07
0.114467	5.57101e-07
0.11449	5.49899e-07
0.114513	5.45299e-07
0.114535	5.39488e-07
0.114558	5.34191e-07
0.114581	5.26662e-07
0.114603	5.21382e-07
0.114626	5.14068e-07
0.114649	5.06342e-07
0.114671	5.03628e-07
0.114694	4.95042e-07
0.114717	4.85842e-07
0.11474	4.79163e-07
0.114762	4.70625e-07
0.114785	4.63088e-07
0.114808	4.54893e-07
0.11483	9.87951e-07
0.114853	9.73781e-07
0.114876	9.60526e-07
0.114898	9.45391e-07
0.114921	9.32309e-07
0.114944	9.19073e-07
0.114966	9.0179e-07
0.114989	8.89678e-07
0.115012	8.77249e-07
0.115034	8.62702e-07
0.115057	8.42736e-07
0.11508	8.524e-07
0.115102	8.31478e-07
0.115125	8.16853e-07
0.115148	8.18583e-07
0.11517	8.05269e-07
0.115193	7.97904e-07
0.115216	7.96384e-07
0.115238	7.95125e-07
0.115261	7.91454e-07
0.115284	8.11589e-07
0.115306	7.89844e-07
0.115329	8.03718e-07
0.115352	8.11175e-07
0.115374	8.08817e-07
0.115397	8.21035e-07
0.11542	8.19151e-07
0.115442	7.60394e-07
0.115465	7.63202e-07
0.115488	7.71799e-07
0.11551	7.75643e-07
0.115533	7.88998e-07
0.115556	7.86901e-07
0.115578	7.97951e-07
0.115601	8.10715e-07
0.115624	8.16578e-07
0.115646	8.26837e-07
0.115669	8.39515e-07
0.115691	8.47105e-07
0.115714	8.61986e-07
0.115737	8.77149e-07
0.115759	8.89429e-07
0.115782	9.00984e-07
0.115805	9.12939e-07
0.115827	9.30451e-07
0.11585	9.36713e-07
0.115873	9.44472e-07
0.115895	9.53083e-07
0.115918	9.71434e-07
0.11594	9.65698e-07
0.115963	9.91103e-07
0.115986	9.78257e-07
0.116008	9.89536e-07
0.116031	9.90378e-07
0.116054	9.98744e-07
0.116076	9.97432e-07
0.116099	9.98167e-07
0.116121	5.10302e-07
0.116144	5.16905e-07
0.116167	5.31687e-07
0.116189	5.37352e-07
0.116212	5.44172e-07
0.116235	5.55529e-07
0.116257	5.64184e-07
0.11628	5.7505e-07
0.116302	5.90772e-07
0.116325	6.03488e-07
0.116348	6.18144e-07
0.11637	6.33618e-07
0.116393	6.43411e-07
0.116415	6.527e-07
0.116438	6.65554e-07
0.116461	6.63802e-07
0.116483	6.70417e-07
0.116506	6.65821e-07
0.116528	6.70677e-07
0.116551	6.68675e-07
0.116574	6.63773e-07
0.116596	6.58478e-07
0.116619	6.78838e-07
0.116641	6.743e-07
0.116664	6.61753e-07
0.116687	6.56973e-07
0.116709	6.47542e-07
0.116732	6.39893e-07
0.116754	6.3003e-07
0.116777	6.23537e-07
0.1168	6.09501e-07
0.116822	6.05698e-07
0.116845	5.98775e-07
0.116867	5.9378e-07
0.11689	5.749e-07
0.116912	5.78935e-07
0.116935	5.62897e-07
0.116958	5.61929e-07
0.11698	5.58973e-07
0.117003	5.61515e-07
0.117025	5.60225e-07
0.117048	5.58812e-07
0.11707	5.67221e-07
0.117093	5.71554e-07
0.117116	5.7586e-07
0.117138	5.82741e-07
0.117161	5.93861e-07
0.117183	6.00455e-07
0.117206	6.14208e-07
0.117228	6.22174e-07
0.117251	6.35925e-07
0.117274	6.45978e-07
0.117296	6.59617e-07
0.117319	6.67474e-07
0.117341	6.83099e-07
0.117364	6.93622e-07
0.117386	7.05965e-07
0.117409	7.16137e-07
0.117432	7.27936e-07
0.117454	7.36435e-07
0.117477	7.49625e-07
0.117499	7.55761e-07
0.117522	7.67562e-07
0.117544	7.61531e-07
0.117567	7.71365e-07
0.117589	7.78242e-07
0.117612	7.86984e-07
0.117635	7.93478e-07
0.117657	8.02174e-07
0.11768	8.08241e-07
0.117702	8.13927e-07
0.117725	8.21664e-07
0.117747	8.27275e-07
0.11777	8.332e-07
0.117792	8.40797e-07
0.117815	8.45149e-07
0.117837	8.52902e-07
0.11786	8.56782e-07
0.117883	8.62973e-07
0.117905	8.67886e-07
0.117928	8.73663e-07
0.11795	8.77695e-07
0.117973	8.84223e-07
0.117995	8.88012e-07
0.118018	8.93268e-07
0.11804	8.98171e-07
0.118063	9.02444e-07
0.118085	9.06824e-07
0.118108	9.11495e-07
0.11813	9.15307e-07
0.118153	9.19697e-07
0.118175	9.25853e-07
0.118198	9.26883e-07
0.118221	9.34652e-07
0.118243	9.36837e-07
0.118266	9.40038e-07
0.118288	9.45049e-07
0.118311	9.47504e-07
0.118333	9.51368e-07
0.118356	9.55837e-07
0.118378	9.56645e-07
0.118401	9.62521e-07
0.118423	9.64257e-07
0.118446	9.68451e-07
0.118468	9.71984e-07
0.118491	9.75677e-07
0.118513	9.78409e-07
0.118536	9.82157e-07
0.118558	9.86268e-07
0.118581	9.88718e-07
0.118603	9.92323e-07
0.118626	9.9671e-07
0.118648	9.98578e-07
0.118671	5.94978e-07
0.118693	5.95629e-07
0.118716	5.98426e-07
0.118738	6.00235e-07
0.118761	6.01826e-07
0.118783	6.03426e-07
0.118806	6.05499e-07
0.118829	6.06316e-07
0.118851	6.09397e-07
0.118874	6.10777e-07
0.118896	6.11644e-07
0.118919	6.14388e-07
0.118941	6.15512e-07
0.118964	6.16946e-07
0.118986	6.19739e-07
0.119009	6.20588e-07
0.119031	6.22065e-07
0.119054	6.24474e-07
0.119076	6.25128e-07
0.119099	6.27705e-07
0.119121	6.28999e-07
0.119144	6.30815e-07
0.119166	6.32644e-07
0.119189	6.34697e-07
0.119211	6.34922e-07
0.119234	6.37938e-07
0.119256	6.38853e-07
0.119279	6.40467e-07
0.119301	6.41954e-07
0.119324	6.44112e-07
0.119346	6.44761e-07
0.119369	6.47431e-07
0.119391	6.48346e-07
0.119414	6.49962e-07
0.119436	6.51568e-07
0.119459	6.53309e-07
0.119481	6.5441e-07
0.119504	6.56422e-07
0.119526	6.57662e-07
0.119548	6.59505e-07
0.119571	6.60413e-07
0.119593	6.6247e-07
0.119616	6.63288e-07
0.119638	6.65391e-07
0.119661	6.66159e-07
0.119683	6.67996e-07
0.119706	6.68977e-07
0.119728	6.70742e-07
0.119751	6.7172e-07
0.119773	6.73278e-07
0.119796	6.74553e-07
0.119818	6.7613e-07
0.119841	6.76643e-07
0.119863	6.78732e-07
0.119886	6.79648e-07
0.119908	6.81116e-07
0.119931	6.82751e-07
0.119953	6.83969e-07
0.119976	6.84437e-07
0.119998	6.86962e-07
0.120021	6.87181e-07
0.120043	6.88527e-07
0.120066	6.90296e-07
0.120088	6.90735e-07
0.120111	6.91532e-07
0.120133	6.94043e-07
0.120156	6.93238e-07
0.120178	6.95558e-07
0.120201	6.96743e-07
0.120223	6.97111e-07
0.120245	6.98345e-07
0.120268	6.99491e-07
0.12029	7.00196e-07
0.120313	7.01299e-07
0.120335	7.02662e-07
0.120358	7.03357e-07
0.12038	7.04078e-07
0.120403	7.05118e-07
0.120425	7.0608e-07
0.120448	7.06505e-07
0.12047	7.09134e-07
0.120493	7.10086e-07
0.120515	7.10095e-07
0.120538	7.11856e-07
0.12056	7.12522e-07
0.120583	7.12511e-07
0.120605	7.13142e-07
0.120628	7.15246e-07
0.12065	7.14701e-07
0.120673	7.16169e-07
0.120695	7.1629e-07
0.120717	7.17256e-07
0.12074	7.17473e-07
0.120762	7.18609e-07
0.120785	7.1847e-07
0.120807	7.19799e-07
0.12083	7.20092e-07
0.120852	7.20639e-07
0.120875	7.20825e-07
0.120897	7.22172e-07
0.12092	7.21266e-07
0.120942	7.23124e-07
0.120965	7.22983e-07
0.120987	7.2333e-07
0.12101	7.23808e-07
0.121032	7.24182e-07
0.121055	7.23954e-07
0.121077	7.24918e-07
0.1211	7.24715e-07
0.121122	7.2497e-07
0.121144	7.25557e-07
0.121167	7.25517e-07
0.121189	7.2546e-07
0.121212	7.26062e-07
0.121234	7.25736e-07
0.121257	7.26206e-07
0.121279	7.26292e-07
0.121302	7.26408e-07
0.121324	7.26015e-07
0.121347	7.26382e-07
0.121369	7.26498e-07
0.121392	7.26069e-07
0.121414	7.2611e-07
0.121437	7.25892e-07
0.121459	7.25807e-07
0.121482	7.25373e-07
0.121504	7.25836e-07
0.121526	7.24757e-07
0.121549	7.25024e-07
0.121571	7.24394e-07
0.121594	7.24006e-07
0.121616	7.2365e-07
0.121639	7.23347e-07
0.121661	7.22221e-07
0.121684	7.22094e-07
0.121706	7.2151e-07
0.121729	7.20649e-07
0.121751	7.1975e-07
0.121774	7.19719e-07
0.121796	7.18292e-07
0.121819	7.17728e-07
0.121841	7.16694e-07
0.121864	7.16562e-07
0.121886	7.14583e-07
0.121908	7.14869e-07
0.121931	7.13219e-07
0.121953	7.12096e-07
0.121976	7.11126e-07
0.121998	7.09563e-07
0.122021	7.08377e-07
0.122043	7.07956e-07
0.122066	7.05555e-07
0.122088	7.04827e-07
0.122111	7.02941e-07
0.122133	7.00914e-07
0.122156	6.99598e-07
0.122178	6.97437e-07
0.122201	6.95841e-07
0.122223	6.94675e-07
0.122246	6.91895e-07
0.122268	6.90755e-07
0.122291	6.88904e-07
0.122313	6.86133e-07
0.122335	6.84352e-07
0.122358	6.81858e-07
0.12238	6.79062e-07
0.122403	6.77757e-07
0.122425	6.75469e-07
0.122448	6.71813e-07
0.12247	6.69776e-07
0.122493	6.66661e-07
0.122515	6.64556e-07
0.122538	6.62295e-07
0.12256	6.57959e-07
0.122583	6.56219e-07
0.122605	6.52717e-07
0.122628	6.4974e-07
0.12265	6.46709e-07
0.122673	6.4439e-07
0.122695	6.40456e-07
0.122718	6.38308e-07
0.12274	6.33177e-07
0.122763	6.30191e-07
0.122785	6.27035e-07
0.122808	9.9822e-07
0.12283	9.9735e-07
0.122853	9.93636e-07
0.122875	9.91914e-07
0.122897	9.8816e-07
0.12292	9.87684e-07
0.122942	9.82756e-07
0.122965	9.82544e-07
0.122987	9.78953e-07
0.12301	9.77546e-07
0.123032	9.744e-07
0.123055	9.73919e-07
0.123077	9.69648e-07
0.1231	9.69927e-07
0.123122	9.65676e-07
0.123145	9.65963e-07
0.123167	9.62478e-07
0.12319	9.62085e-07
0.123212	9.58948e-07
0.123235	9.58909e-07
0.123257	9.55086e-07
0.12328	9.55713e-07
0.123302	9.51769e-07
0.123325	9.52376e-07
0.123347	9.48986e-07
0.12337	9.4905e-07
0.123392	9.45633e-07
0.123415	9.46095e-07
0.123437	9.42558e-07
0.12346	9.42545e-07
0.123482	9.388e-07
0.123505	9.38785e-07
0.123527	9.35204e-07
0.12355	9.35759e-07
0.123572	9.3203e-07
0.123595	9.31269e-07
0.123617	9.27764e-07
0.12364	9.27349e-07
0.123662	9.23697e-07
0.123685	9.22594e-07
0.123707	9.16533e-07
0.12373	9.18987e-07
0.123752	9.15746e-07
0.123775	9.15513e-07
0.123797	9.12851e-07
0.12382	9.13977e-07
0.123842	9.13947e-07
0.123865	9.18163e-07
0.123887	9.19465e-07
0.12391	9.26757e-07
0.123932	9.29905e-07
0.123955	9.37465e-07
0.123977	9.41101e-07
0.124	9.48436e-07
0.124022	9.51926e-07
0.124045	9.58796e-07
0.124067	9.62106e-07
0.12409	9.6905e-07
0.124112	9.33469e-07
0.124135	9.79512e-07
0.124157	9.44756e-07
0.12418	9.51607e-07
0.124202	9.5618e-07
0.124225	9.61519e-07
0.124247	9.66221e-07
0.12427	9.7244e-07
0.124292	9.76238e-07
0.124315	9.8174e-07
0.124338	9.84301e-07
0.12436	9.90344e-07
0.124383	9.93695e-07
0.124405	9.97946e-07
0.124428	5.18508e-07
0.12445	5.18507e-07
0.124473	5.17448e-07
0.124495	5.17346e-07
0.124518	5.16104e-07
0.12454	5.15164e-07
0.124563	5.14139e-07
0.124585	5.13094e-07
0.124608	5.11566e-07
0.12463	5.10913e-07
0.124653	5.09107e-07
0.124675	5.07961e-07
0.124698	5.06414e-07
0.12472	5.05195e-07
0.124743	5.03567e-07
0.124766	5.02184e-07
0.124788	5.00766e-07
0.124811	4.99447e-07
0.124833	4.98127e-07
0.124856	4.9678e-07
0.124878	4.95569e-07
0.124901	4.94515e-07
0.124923	4.93496e-07
0.124946	4.92585e-07
0.124968	4.91684e-07
0.124991	4.9104e-07
0.125013	4.90861e-07
0.125036	4.89947e-07
0.125059	4.90315e-07
0.125081	4.90101e-07
0.125104	4.90588e-07
0.125126	4.90096e-07
0.125149	4.91399e-07
0.125171	4.9037e-07
0.125194	4.91431e-07
0.125216	4.90966e-07
0.125239	4.92756e-07
0.125261	4.92166e-07
0.125284	4.93423e-07
0.125307	4.92882e-07
0.125329	4.9294e-07
0.125352	4.92812e-07
0.125374	4.93902e-07
0.125397	4.92497e-07
0.125419	4.92694e-07
0.125442	4.93163e-07
0.125464	4.93632e-07
0.125487	4.92858e-07
0.12551	4.93629e-07
0.125532	4.92744e-07
0.125555	4.93465e-07
0.125577	4.93161e-07
0.1256	4.94067e-07
0.125622	4.94098e-07
0.125645	4.95406e-07
0.125668	4.95208e-07
0.12569	4.96781e-07
0.125713	4.98104e-07
0.125735	4.99818e-07
0.125758	5.01348e-07
0.12578	5.0458e-07
0.125803	5.05894e-07
0.125826	5.10049e-07
0.125848	5.12792e-07
0.125871	5.16908e-07
0.125893	5.02307e-07
0.125916	5.05552e-07
0.125938	5.07532e-07
0.125961	5.12664e-07
0.125984	5.14426e-07
0.126006	5.19272e-07
0.126029	5.1671e-07
0.126051	5.2657e-07
0.126074	5.28616e-07
0.126097	5.33513e-07
0.126119	5.31326e-07
0.126142	5.4137e-07
0.126164	5.38394e-07
0.126187	5.48146e-07
0.126209	5.46539e-07
0.126232	5.56484e-07
0.126255	5.53308e-07
0.126277	5.63945e-07
0.1263	5.62208e-07
0.126322	5.70984e-07
0.126345	5.69111e-07
0.126368	5.7873e-07
0.12639	5.77053e-07
0.126413	5.86289e-07
0.126435	5.83953e-07
0.126458	5.90738e-07
0.126481	5.92398e-07
0.126503	6.01755e-07
0.126526	5.99887e-07
0.126548	6.06704e-07
0.126571	6.07209e-07
0.126594	6.13692e-07
0.126616	6.12458e-07
0.126639	6.24003e-07
0.126662	6.24171e-07
0.126684	6.30265e-07
0.126707	6.30136e-07
0.126729	6.38057e-07
0.126752	6.38646e-07
0.126775	6.44886e-07
0.126797	7.26102e-07
0.12682	7.3294e-07
0.126842	7.33877e-07
0.126865	7.40339e-07
0.126888	7.4131e-07
0.12691	7.47037e-07
0.126933	7.47361e-07
0.126956	7.53461e-07
0.126978	7.53812e-07
0.127001	7.59501e-07
0.127023	7.60389e-07
0.127046	7.66327e-07
0.127069	7.62596e-07
0.127091	7.69583e-07
0.127114	7.6776e-07
0.127137	7.74495e-07
0.127159	7.73687e-07
0.127182	7.87673e-07
0.127205	7.86735e-07
0.127227	7.91089e-07
0.12725	7.88739e-07
0.127272	7.92845e-07
0.127295	7.91998e-07
0.127318	7.95903e-07
0.12734	7.93461e-07
0.127363	7.96177e-07
0.127386	7.95508e-07
0.127408	7.98891e-07
0.127431	7.96442e-07
0.127453	7.99386e-07
0.127476	7.96839e-07
0.127499	7.99096e-07
0.127521	7.96625e-07
0.127544	8.14114e-07
0.127567	8.11264e-07
0.127589	8.11541e-07
0.127612	8.09366e-07
0.127634	8.25151e-07
0.127657	8.08012e-07
0.12768	8.20744e-07
0.127702	8.17641e-07
0.127725	8.19324e-07
0.127748	8.12914e-07
0.12777	8.12825e-07
0.127793	8.08515e-07
0.127815	8.08957e-07
0.127838	8.02314e-07
0.127861	8.026e-07
0.127883	7.9621e-07
0.127906	7.9632e-07
0.127928	7.90072e-07
0.127951	7.90238e-07
0.127974	7.8313e-07
0.127996	7.8318e-07
0.128019	7.76382e-07
0.128041	7.75834e-07
0.128064	7.7111e-07
0.128087	7.68029e-07
0.128109	7.62844e-07
0.128132	7.60646e-07
0.128154	7.55116e-07
0.128177	7.54627e-07
0.128199	7.49462e-07
0.128222	7.4632e-07
0.128245	7.41002e-07
0.128267	7.37921e-07
0.12829	7.32661e-07
0.128312	7.29492e-07
0.128335	7.24222e-07
0.128358	7.20816e-07
0.12838	7.15002e-07
0.128403	7.11353e-07
0.128425	7.05896e-07
0.128448	7.01906e-07
0.12847	6.96324e-07
0.128493	6.92351e-07
0.128516	6.85817e-07
0.128538	6.82047e-07
0.128561	6.76069e-07
0.128583	6.72591e-07
0.128606	6.66088e-07
0.128628	6.61196e-07
0.128651	6.55196e-07
0.128673	6.51359e-07
0.128696	6.45131e-07
0.128719	6.40705e-07
0.128741	6.33642e-07
0.128764	6.29286e-07
0.128786	6.22577e-07
0.128809	6.18396e-07
0.128831	6.1152e-07
0.128854	6.06266e-07
0.128876	5.9987e-07
0.128899	5.94455e-07
0.128921	5.88711e-07
0.128944	5.8288e-07
0.128967	5.76279e-07
0.128989	5.70504e-07
0.129012	5.63509e-07
0.129034	5.58709e-07
0.129057	5.51018e-07
0.129079	5.46151e-07
0.129102	5.38976e-07
0.129124	5.33692e-07
0.129147	5.26379e-07
0.129169	5.21117e-07
0.129192	5.14197e-07
0.129214	5.0858e-07
0.129237	5.49159e-07
0.129259	5.44053e-07
0.129282	5.38037e-07
0.129305	5.32087e-07
0.129327	5.2516e-07
0.12935	5.1985e-07
0.129372	5.1252e-07
0.129395	5.07534e-07
0.129417	9.99851e-07
0.12944	9.89542e-07
0.129462	9.77463e-07
0.129485	9.67915e-07
0.129507	9.5578e-07
0.12953	9.46632e-07
0.129552	9.33654e-07
0.129575	9.22944e-07
0.129597	9.09876e-07
0.12962	8.98938e-07
0.129642	8.87177e-07
0.129665	8.74554e-07
0.129687	8.67197e-07
0.12971	8.51381e-07
0.129732	8.43487e-07
0.129755	8.28259e-07
0.129777	8.15491e-07
0.1298	8.03609e-07
0.129822	7.91266e-07
0.129845	7.78552e-07
0.129867	7.66113e-07
0.12989	7.53907e-07
0.129912	7.41619e-07
0.129935	7.30022e-07
0.129957	7.21945e-07
0.12998	7.09576e-07
0.130002	6.97439e-07
0.130025	6.83211e-07
0.130047	6.71248e-07
0.13007	6.58046e-07
0.130092	6.47349e-07
0.130114	6.32657e-07
0.130137	6.20558e-07
0.130159	6.06992e-07
0.130182	5.95576e-07
0.130204	5.80007e-07
0.130227	5.70498e-07
0.130249	5.55729e-07
0.130272	5.44309e-07
0.130294	6.28015e-07
0.130317	6.19934e-07
0.130339	6.04867e-07
0.130362	5.96727e-07
0.130384	5.83101e-07
0.130407	5.72895e-07
0.130429	5.58391e-07
0.130452	5.48254e-07
0.130474	5.35194e-07
0.130496	5.23516e-07
0.130519	5.10197e-07
0.130541	5.00078e-07
0.130564	4.90776e-07
0.130586	4.83066e-07
0.130609	4.77736e-07
0.130631	4.71379e-07
0.130654	4.77233e-07
0.130676	9.86018e-07
0.130699	9.77374e-07
0.130721	9.593e-07
0.130743	9.47311e-07
0.130766	9.31286e-07
0.130788	9.20743e-07
0.130811	9.05593e-07
0.130833	9.00493e-07
0.130856	8.8804e-07
0.130878	8.77366e-07
0.130901	8.63787e-07
0.130923	8.54184e-07
0.130945	8.43704e-07
0.130968	8.33213e-07
0.13099	8.23078e-07
0.131013	8.17821e-07
0.131035	8.09537e-07
0.131058	8.01795e-07
0.13108	7.95139e-07
0.131103	7.90501e-07
0.131125	7.85794e-07
0.131147	7.8149e-07
0.13117	7.77074e-07
0.131192	7.73073e-07
0.131215	7.6977e-07
0.131237	7.67101e-07
0.13126	7.64699e-07
0.131282	7.63411e-07
0.131304	7.61279e-07
0.131327	7.60378e-07
0.131349	7.57962e-07
0.131372	7.834e-07
0.131394	7.774e-07
0.131417	7.74804e-07
0.131439	7.73432e-07
0.131461	7.73224e-07
0.131484	7.71518e-07
0.131506	7.71758e-07
0.131529	7.70787e-07
0.131551	7.69494e-07
0.131573	7.69568e-07
0.131596	7.6999e-07
0.131618	7.6838e-07
0.131641	7.69157e-07
0.131663	7.68629e-07
0.131686	7.69653e-07
0.131708	7.68608e-07
0.13173	7.70703e-07
0.131753	7.70921e-07
0.131775	7.71938e-07
0.131798	7.72829e-07
0.13182	7.74605e-07
0.131842	7.75002e-07
0.131865	7.77204e-07
0.131887	7.77605e-07
0.13191	7.81582e-07
0.131932	7.81115e-07
0.131954	7.85718e-07
0.131977	7.86307e-07
0.131999	7.91837e-07
0.132022	7.91858e-07
0.132044	7.96039e-07
0.132067	7.89646e-07
0.132089	8.04015e-07
0.132111	7.96772e-07
0.132134	8.01493e-07
0.132156	8.03571e-07
0.132179	8.10338e-07
0.132201	8.13074e-07
0.132223	8.18498e-07
0.132246	8.22167e-07
0.132268	8.28209e-07
0.132291	8.30355e-07
0.132313	8.37426e-07
0.132335	8.40446e-07
0.132358	8.46308e-07
0.13238	8.49361e-07
0.132402	8.55365e-07
0.132425	8.58276e-07
0.132447	8.64747e-07
0.13247	8.68467e-07
0.132492	8.72807e-07
0.132514	8.7525e-07
0.132537	8.81266e-07
0.132559	8.82686e-07
0.132582	8.895e-07
0.132604	8.91251e-07
0.132626	8.96958e-07
0.132649	8.99997e-07
0.132671	9.05821e-07
0.132694	9.05206e-07
0.132716	9.12948e-07
0.132738	9.14622e-07
0.132761	9.21288e-07
0.132783	9.22933e-07
0.132805	9.29776e-07
0.132828	9.2999e-07
0.13285	9.37143e-07
0.132873	9.38701e-07
0.132895	9.44341e-07
0.132917	9.45625e-07
0.13294	9.51151e-07
0.132962	9.52763e-07
0.132985	9.59735e-07
0.133007	9.61834e-07
0.133029	9.65474e-07
0.133052	9.68998e-07
0.133074	9.74196e-07
0.133096	9.76637e-07
0.133119	9.82286e-07
0.133141	9.86195e-07
0.133164	9.89382e-07
0.133186	9.94675e-07
0.133208	9.98436e-07
0.133231	5.05877e-07
0.133253	5.07845e-07
0.133275	5.08187e-07
0.133298	5.08638e-07
0.13332	5.09711e-07
0.133343	5.10585e-07
0.133365	5.09665e-07
0.133387	5.11518e-07
0.13341	5.09997e-07
0.133432	5.12467e-07
0.133454	5.11967e-07
0.133477	5.11762e-07
0.133499	5.10982e-07
0.133521	5.12233e-07
0.133544	5.10817e-07
0.133566	5.12316e-07
0.133589	5.11261e-07
0.133611	5.12236e-07
0.133633	5.10353e-07
0.133656	4.88891e-07
0.133678	5.08422e-07
0.1337	4.876e-07
0.133723	4.85852e-07
0.133745	5.09734e-07
0.133767	4.84669e-07
0.13379	4.86502e-07
0.133812	4.84901e-07
0.133835	4.85722e-07
0.133857	4.84439e-07
0.133879	5.0471e-07
0.133902	4.84176e-07
0.133924	4.85516e-07
0.133946	4.842e-07
0.133969	4.85739e-07
0.133991	4.85308e-07
0.134013	4.86868e-07
0.134036	4.86565e-07
0.134058	4.88539e-07
0.134081	4.88785e-07
0.134103	4.90527e-07
0.134125	4.91444e-07
0.134148	4.93126e-07
0.13417	4.93955e-07
0.134192	4.95936e-07
0.134215	4.97564e-07
0.134237	4.99453e-07
0.134259	5.01502e-07
0.134282	5.03304e-07
0.134304	5.05258e-07
0.134326	5.06926e-07
0.134349	5.09787e-07
0.134371	5.11179e-07
0.134393	5.13701e-07
0.134416	5.14746e-07
0.134438	5.17056e-07
0.134461	5.18773e-07
0.134483	5.20271e-07
0.134505	5.22315e-07
0.134528	5.23907e-07
0.13455	5.24635e-07
0.134572	5.26366e-07
0.134595	5.28408e-07
0.134617	5.28907e-07
0.134639	5.30607e-07
0.134662	5.32603e-07
0.134684	5.34836e-07
0.134706	5.36146e-07
0.134729	5.37871e-07
0.134751	5.39133e-07
0.134773	5.31194e-07
0.134796	5.4154e-07
0.134818	5.33727e-07
0.134841	5.45045e-07
0.134863	5.36994e-07
0.134885	5.37837e-07
0.134908	5.49269e-07
0.13493	5.40339e-07
0.134952	5.52414e-07
0.134975	5.42774e-07
0.134997	5.56759e-07
0.135019	5.46103e-07
0.135042	5.60951e-07
0.135064	5.4903e-07
0.135086	5.67641e-07
0.135109	5.51861e-07
0.135131	5.7267e-07
0.135153	5.58144e-07
0.135176	5.79463e-07
0.135198	5.63878e-07
0.13522	5.8508e-07
0.135243	5.71316e-07
0.135265	5.9007e-07
0.135288	5.78215e-07
0.13531	5.95021e-07
0.135332	5.83959e-07
0.135355	5.99887e-07
0.135377	5.908e-07
0.135399	6.04907e-07
0.135422	5.96412e-07
0.135444	6.10534e-07
0.135466	6.00872e-07
0.135489	6.15011e-07
0.135511	6.07801e-07
0.135533	6.19348e-07
0.135556	6.12628e-07
0.135578	6.23188e-07
0.1356	6.17658e-07
0.135623	6.2694e-07
0.135645	6.21964e-07
0.135667	6.31692e-07
0.13569	6.26522e-07
0.135712	6.34902e-07
0.135735	6.30756e-07
0.135757	6.38536e-07
0.135779	6.35112e-07
0.135802	6.41825e-07
0.135824	6.3916e-07
0.135846	6.45389e-07
0.135869	6.42778e-07
0.135891	6.48334e-07
0.135913	6.45574e-07
0.135936	6.51146e-07
0.135958	6.49377e-07
0.13598	6.55637e-07
0.136003	6.53445e-07
0.136025	6.57699e-07
0.136048	6.55672e-07
0.13607	6.6101e-07
0.136092	6.58815e-07
0.136115	6.63622e-07
0.136137	6.61684e-07
0.136159	6.65869e-07
0.136182	6.6385e-07
0.136204	6.68315e-07
0.136226	6.67046e-07
0.136249	6.71034e-07
0.136271	6.69235e-07
0.136293	6.72644e-07
0.136316	6.73023e-07
0.136338	6.75581e-07
0.136361	6.74539e-07
0.136383	6.80153e-07
0.136405	6.7696e-07
0.136428	6.82274e-07
0.13645	6.84002e-07
0.136472	6.84721e-07
0.136495	6.85765e-07
0.136517	6.87606e-07
0.136539	6.88872e-07
0.136562	6.90091e-07
0.136584	6.90337e-07
0.136607	6.92166e-07
0.136629	6.92705e-07
0.136651	6.96154e-07
0.136674	6.949e-07
0.136696	6.98067e-07
0.136718	6.95757e-07
0.136741	7.01788e-07
0.136763	6.96151e-07
0.136785	6.94716e-07
0.136808	6.96187e-07
0.13683	6.97566e-07
0.136853	6.85271e-07
0.136875	7.03753e-07
0.136897	6.8408e-07
0.13692	7.07039e-07
0.136942	6.84978e-07
0.136964	7.09772e-07
0.136987	6.87897e-07
0.137009	7.11655e-07
0.137032	6.8976e-07
0.137054	7.13115e-07
0.137076	6.92696e-07
0.137099	7.16795e-07
0.137121	6.93767e-07
0.137143	7.16857e-07
0.137166	6.96026e-07
0.137188	7.17497e-07
0.137211	6.97573e-07
0.137233	7.17956e-07
0.137255	6.99402e-07
0.137278	7.17819e-07
0.1373	6.99951e-07
0.137322	7.17998e-07
0.137345	7.01057e-07
0.137367	7.18483e-07
0.13739	7.01634e-07
0.137412	7.19442e-07
0.137434	7.05024e-07
0.137457	7.20444e-07
0.137479	7.08244e-07
0.137502	7.23048e-07
0.137524	7.12459e-07
0.137546	7.26686e-07
0.137569	7.25253e-07
0.137591	7.33993e-07
0.137613	7.33394e-07
0.137636	7.45343e-07
0.137658	7.44067e-07
0.137681	7.53442e-07
0.137703	7.52623e-07
0.137725	7.63304e-07
0.137748	7.64414e-07
0.13777	7.75406e-07
0.137793	7.77769e-07
0.137815	7.89871e-07
0.137837	7.92387e-07
0.13786	8.04338e-07
0.137882	8.08608e-07
0.137905	8.17986e-07
0.137927	8.27353e-07
0.137949	8.37712e-07
0.137972	8.40642e-07
0.137994	8.53902e-07
0.138017	8.57113e-07
0.138039	8.70854e-07
0.138061	8.71859e-07
0.138084	8.87002e-07
0.138106	8.87974e-07
0.138129	9.0353e-07
0.138151	9.03439e-07
0.138173	9.21783e-07
0.138196	9.23735e-07
0.138218	9.38514e-07
0.138241	9.41257e-07
0.138263	9.56864e-07
0.138286	9.59089e-07
0.138308	9.73174e-07
0.13833	9.81949e-07
0.138353	9.97679e-07
0.138375	9.98335e-07
0.138398	3.98469e-07
0.13842	4.0212e-07
0.138442	4.06793e-07
0.138465	4.10374e-07
0.138487	4.1622e-07
0.13851	4.22237e-07
0.138532	4.26362e-07
0.138555	4.32991e-07
0.138577	4.42666e-07
0.138599	4.49641e-07
0.138622	4.53924e-07
0.138644	4.6145e-07
0.138667	4.67653e-07
0.138689	4.7439e-07
0.138712	4.80164e-07
0.138734	4.87698e-07
0.138756	4.93122e-07
0.138779	5.00089e-07
0.138801	5.07034e-07
0.138824	5.12597e-07
0.138846	5.20429e-07
0.138869	5.26644e-07
0.138891	5.33903e-07
0.138913	5.40739e-07
0.138936	5.47418e-07
0.138958	5.53818e-07
0.138981	5.61369e-07
0.139003	5.67907e-07
0.139026	5.74737e-07
0.139048	5.82302e-07
0.139071	5.89574e-07
0.139093	5.9622e-07
0.139115	6.02322e-07
0.139138	6.07569e-07
0.13916	6.14611e-07
0.139183	6.18635e-07
0.139205	6.26113e-07
0.139228	6.28995e-07
0.13925	6.3722e-07
0.139273	6.38359e-07
0.139295	6.45379e-07
0.139318	6.46748e-07
0.13934	6.53259e-07
0.139362	6.53614e-07
0.139385	6.59479e-07
0.139407	6.59309e-07
0.13943	6.64912e-07
0.139452	6.64357e-07
0.139475	6.69379e-07
0.139497	6.67948e-07
0.13952	6.71997e-07
0.139542	6.70913e-07
0.139565	6.74411e-07
0.139587	6.73083e-07
0.13961	6.75925e-07
0.139632	6.73932e-07
0.139655	6.76998e-07
0.139677	6.74725e-07
0.139699	6.7743e-07
0.139722	6.74567e-07
0.139744	6.77549e-07
0.139767	6.74196e-07
0.139789	6.76934e-07
0.139812	6.73846e-07
0.139834	6.76273e-07
0.139857	6.73182e-07
0.139879	6.75688e-07
0.139902	6.72078e-07
0.139924	6.74723e-07
0.139947	6.70753e-07
0.139969	6.73702e-07
0.139992	6.69019e-07
0.140014	6.72268e-07
0.140037	6.6771e-07
0.140059	6.70643e-07
0.140082	6.66639e-07
0.140104	6.69183e-07
0.140127	6.645e-07
0.140149	6.6791e-07
0.140172	6.62766e-07
0.140194	6.65606e-07
0.140217	6.61166e-07
0.140239	6.63918e-07
0.140262	6.59048e-07
0.140284	6.61769e-07
0.140307	6.56643e-07
0.140329	6.595e-07
0.140352	6.54037e-07
0.140374	6.56709e-07
0.140397	6.51813e-07
0.140419	6.52973e-07
0.140442	6.49122e-07
0.140464	6.50121e-07
0.140487	6.45938e-07
0.140509	6.47298e-07
0.140532	6.43279e-07
0.140554	6.44139e-07
0.140577	6.39618e-07
0.140599	6.40711e-07
0.140621	6.369e-07
0.140644	6.37376e-07
0.140666	6.33682e-07
0.140689	6.34301e-07
0.140711	6.3003e-07
0.140734	6.30421e-07
0.140756	6.26357e-07
0.140779	6.26839e-07
0.140801	6.22786e-07
0.140824	6.23634e-07
0.140846	6.19468e-07
0.140869	6.2015e-07
0.140891	6.15722e-07
0.140914	6.15596e-07
0.140936	6.11749e-07
0.140958	6.11886e-07
0.140981	6.08256e-07
0.141003	6.07983e-07
0.141026	6.03425e-07
0.141048	6.04677e-07
0.141071	6.00403e-07
0.141093	6.00358e-07
0.141116	5.95775e-07
0.141138	5.96451e-07
0.14116	5.92338e-07
0.141183	5.92686e-07
0.141205	5.88722e-07
0.141228	5.8837e-07
0.14125	5.85043e-07
0.141273	5.83892e-07
0.141295	5.82032e-07
0.141317	5.79248e-07
0.14134	5.7834e-07
0.141362	5.74921e-07
0.141385	5.73929e-07
0.141407	5.70897e-07
0.14143	5.70627e-07
0.141452	5.67122e-07
0.141474	5.671e-07
0.141497	5.64005e-07
0.141519	5.63025e-07
0.141542	5.60246e-07
0.141564	5.59724e-07
0.141586	5.56668e-07
0.141609	5.56145e-07
0.141631	5.52654e-07
0.141654	5.5241e-07
0.141676	5.4861e-07
0.141698	5.48444e-07
0.141721	5.45495e-07
0.141743	5.44975e-07
0.141766	5.41759e-07
0.141788	5.41501e-07
0.14181	5.37423e-07
0.141833	5.38384e-07
0.141855	5.33585e-07
0.141878	5.34731e-07
0.1419	5.30035e-07
0.141922	5.31424e-07
0.141945	5.26587e-07
0.141967	5.27431e-07
0.141989	5.22869e-07
0.142012	5.24185e-07
0.142034	5.19781e-07
0.142057	5.20418e-07
0.142079	9.96561e-07
0.142101	9.9572e-07
0.142124	9.8899e-07
0.142146	9.88337e-07
0.142168	9.81936e-07
0.142191	9.80182e-07
0.142213	9.74375e-07
0.142236	9.72777e-07
0.142258	9.6782e-07
0.14228	9.6524e-07
0.142303	9.59783e-07
0.142325	9.57151e-07
0.142347	9.52055e-07
0.14237	9.48826e-07
0.142392	9.43794e-07
0.142414	9.40786e-07
0.142437	9.35961e-07
0.142459	9.31712e-07
0.142481	9.4093e-07
0.142504	9.37164e-07
0.142526	9.32018e-07
0.142548	9.28519e-07
0.142571	9.23551e-07
0.142593	9.18295e-07
0.142615	9.15666e-07
0.142638	9.10218e-07
0.14266	9.06256e-07
0.142682	9.00994e-07
0.142705	8.97171e-07
0.142727	8.91895e-07
0.142749	8.875e-07
0.142772	8.83239e-07
0.142794	8.78193e-07
0.142816	8.73345e-07
0.142839	8.68651e-07
0.142861	8.63196e-07
0.142883	8.59029e-07
0.142906	8.54608e-07
0.142928	8.47249e-07
0.14295	8.39631e-07
0.142973	8.37527e-07
0.142995	8.31677e-07
0.143017	8.27169e-07
0.14304	8.21456e-07
0.143062	8.15936e-07
0.143084	8.10508e-07
0.143106	8.04609e-07
0.143129	7.99817e-07
0.143151	7.9313e-07
0.143173	7.88752e-07
0.143196	7.81049e-07
0.143218	7.77398e-07
0.14324	7.69408e-07
0.143263	7.64712e-07
0.143285	7.56952e-07
0.143307	7.54011e-07
0.143329	7.44736e-07
0.143352	7.40091e-07
0.143374	7.31015e-07
0.143396	7.27751e-07
0.143419	7.18497e-07
0.143441	7.15466e-07
0.143463	7.05414e-07
0.143485	7.01175e-07
0.143508	6.92439e-07
0.14353	6.84782e-07
0.143552	6.74284e-07
0.143575	6.70667e-07
0.143597	6.58951e-07
0.143619	6.53685e-07
0.143641	6.44472e-07
0.143664	6.36685e-07
0.143686	6.27738e-07
0.143708	6.19412e-07
0.14373	6.09145e-07
0.143753	6.00782e-07
0.143775	5.90705e-07
0.143797	5.81316e-07
0.14382	5.71339e-07
0.143842	5.62438e-07
0.143864	5.52146e-07
0.143886	5.42471e-07
0.143909	5.33142e-07
0.143931	5.22129e-07
0.143953	5.13345e-07
0.143975	5.02877e-07
0.143998	4.93285e-07
0.14402	4.84075e-07
0.144042	9.93996e-07
0.144064	9.7897e-07
0.144087	9.6052e-07
0.144109	9.40175e-07
0.144131	9.2803e-07
0.144153	9.14404e-07
0.144176	8.9381e-07
0.144198	8.70887e-07
0.14422	8.5486e-07
0.144242	8.47952e-07
0.144265	8.26087e-07
0.144287	8.15343e-07
0.144309	7.97937e-07
0.144331	7.87658e-07
0.144354	7.70885e-07
0.144376	7.59877e-07
0.144398	7.45601e-07
0.14442	7.35855e-07
0.144443	7.22176e-07
0.144465	7.11686e-07
0.144487	7.03035e-07
0.144509	6.90874e-07
0.144531	6.85989e-07
0.144554	6.73217e-07
0.144576	6.71107e-07
0.144598	6.60657e-07
0.14462	6.6009e-07
0.144643	6.48702e-07
0.144665	6.52658e-07
0.144687	6.39464e-07
0.144709	6.46116e-07
0.144731	6.33057e-07
0.144754	6.41855e-07
0.144776	6.28994e-07
0.144798	6.38295e-07
0.14482	6.24939e-07
0.144843	6.35192e-07
0.144865	6.22468e-07
0.144887	6.32669e-07
0.144909	6.19344e-07
0.144931	6.3092e-07
0.144954	6.15712e-07
0.144976	6.27792e-07
0.144998	6.12147e-07
0.14502	6.24645e-07
0.145042	6.07924e-07
0.145065	6.2272e-07
0.145087	6.03348e-07
0.145109	6.17538e-07
0.145131	5.99174e-07
0.145154	6.13379e-07
0.145176	5.94429e-07
0.145198	6.09938e-07
0.14522	5.89092e-07
0.145242	6.03878e-07
0.145265	5.83746e-07
0.145287	5.98459e-07
0.145309	5.79468e-07
0.145331	5.94402e-07
0.145353	5.71041e-07
0.145376	5.91611e-07
0.145398	5.67565e-07
0.14542	5.91622e-07
0.145442	5.61451e-07
0.145464	5.92474e-07
0.145487	5.63693e-07
0.145509	5.95391e-07
0.145531	5.69159e-07
0.145553	5.92687e-07
0.145575	5.69968e-07
0.145597	5.99221e-07
0.14562	5.79308e-07
0.145642	6.03454e-07
0.145664	5.84046e-07
0.145686	6.10949e-07
0.145708	5.89793e-07
0.145731	6.18441e-07
0.145753	6.00167e-07
0.145775	6.2882e-07
0.145797	6.11777e-07
0.145819	6.41048e-07
0.145842	6.25201e-07
0.145864	6.53518e-07
0.145886	6.40648e-07
0.145908	6.67664e-07
0.14593	6.55084e-07
0.145952	6.81907e-07
0.145975	6.73063e-07
0.145997	6.9791e-07
0.146019	6.89073e-07
0.146041	7.11787e-07
0.146063	7.06722e-07
0.146086	7.2975e-07
0.146108	7.24801e-07
0.14613	7.44613e-07
0.146152	7.41782e-07
0.146174	7.59999e-07
0.146196	7.60888e-07
0.146219	7.76162e-07
0.146241	7.78115e-07
0.146263	7.94085e-07
0.146285	7.94989e-07
0.146307	8.06348e-07
0.146329	8.12719e-07
0.146352	8.20803e-07
0.146374	8.28312e-07
0.146396	8.35516e-07
0.146418	8.40725e-07
0.14644	8.49506e-07
0.146462	8.55326e-07
0.146485	8.63519e-07
0.146507	8.69774e-07
0.146529	8.76881e-07
0.146551	8.81883e-07
0.146573	8.89425e-07
0.146596	8.95499e-07
0.146618	9.01063e-07
0.14664	9.07912e-07
0.146662	9.1386e-07
0.146684	9.20004e-07
0.146706	9.25994e-07
0.146729	9.30846e-07
0.146751	9.36512e-07
0.146773	9.42578e-07
0.146795	9.48502e-07
0.146817	9.55401e-07
0.146839	9.52773e-07
0.146862	9.57314e-07
0.146884	9.64371e-07
0.146906	9.69194e-07
0.146928	9.75718e-07
0.14695	9.79692e-07
0.146972	9.86075e-07
0.146995	9.90315e-07
0.147017	9.98654e-07
0.147039	6.35072e-07
0.147061	6.38052e-07
0.147083	6.43124e-07
0.147105	6.42853e-07
0.147128	6.4658e-07
0.14715	6.4571e-07
0.147172	6.50194e-07
0.147194	6.48561e-07
0.147216	6.52613e-07
0.147238	6.5292e-07
0.147261	6.56553e-07
0.147283	6.54714e-07
0.147305	6.58757e-07
0.147327	6.57368e-07
0.147349	6.61066e-07
0.147371	6.55117e-07
0.147393	6.67783e-07
0.147416	6.62113e-07
0.147438	6.65608e-07
0.14746	6.64185e-07
0.147482	6.67112e-07
0.147504	6.66862e-07
0.147526	6.67281e-07
0.147549	6.66702e-07
0.147571	6.67669e-07
0.147593	6.67266e-07
0.147615	6.69372e-07
0.147637	6.69204e-07
0.147659	6.70842e-07
0.147682	6.70245e-07
0.147704	6.72089e-07
0.147726	6.71215e-07
0.147748	6.71814e-07
0.14777	6.71657e-07
0.147792	6.72616e-07
0.147815	6.73579e-07
0.147837	6.73579e-07
0.147859	6.74295e-07
0.147881	6.75021e-07
0.147903	6.75764e-07
0.147925	6.75898e-07
0.147948	6.77148e-07
0.14797	6.75217e-07
0.147992	6.78056e-07
0.148014	6.78312e-07
0.148036	6.78439e-07
0.148058	6.70761e-07
0.148081	6.71967e-07
0.148103	6.71764e-07
0.148125	6.72832e-07
0.148147	6.73589e-07
0.148169	6.73868e-07
0.148191	6.74307e-07
0.148214	6.74753e-07
0.148236	6.75198e-07
0.148258	6.75973e-07
0.14828	6.86859e-07
0.148302	6.87609e-07
0.148324	6.87445e-07
0.148347	6.87439e-07
0.148369	6.87475e-07
0.148391	6.87976e-07
0.148413	6.87457e-07
0.148435	6.88458e-07
0.148458	6.88009e-07
0.14848	6.8877e-07
0.148502	6.88174e-07
0.148524	6.88977e-07
0.148546	6.88291e-07
0.148568	6.88883e-07
0.148591	6.88748e-07
0.148613	6.88692e-07
0.148635	6.87883e-07
0.148657	6.88485e-07
0.148679	6.87425e-07
0.148701	6.87992e-07
0.148724	6.87047e-07
0.148746	6.8789e-07
0.148768	6.87324e-07
0.14879	6.87354e-07
0.148812	6.86195e-07
0.148835	6.85846e-07
0.148857	6.85001e-07
0.148879	6.84676e-07
0.148901	6.83932e-07
0.148923	6.82436e-07
0.148945	6.81181e-07
0.148968	6.81306e-07
0.14899	6.79695e-07
0.149012	6.7953e-07
0.149034	6.7836e-07
0.149056	6.77611e-07
0.149079	6.76356e-07
0.149101	6.76104e-07
0.149123	6.74838e-07
0.149145	6.74688e-07
0.149167	6.73471e-07
0.149189	6.73397e-07
0.149212	6.72114e-07
0.149234	6.73886e-07
0.149256	6.72833e-07
0.149278	6.74065e-07
0.1493	6.74379e-07
0.149323	6.75847e-07
0.149345	6.77272e-07
0.149367	6.80506e-07
0.149389	6.82643e-07
0.149411	6.85043e-07
0.149434	6.86797e-07
0.149456	6.90786e-07
0.149478	6.92641e-07
0.1495	6.96262e-07
0.149522	6.97769e-07
0.149545	7.01657e-07
0.149567	7.03928e-07
0.149589	7.0764e-07
0.149611	7.09667e-07
0.149633	7.12449e-07
0.149656	7.13946e-07
0.149678	7.19788e-07
0.1497	7.21771e-07
0.149722	7.24925e-07
0.149744	7.26685e-07
0.149767	7.30579e-07
0.149789	7.32756e-07
0.149811	7.35686e-07
0.149833	7.37761e-07
0.149856	7.4184e-07
0.149878	7.4379e-07
0.1499	7.46692e-07
0.149922	7.49055e-07
0.149944	7.52457e-07
0.149967	7.54767e-07
0.149989	7.57286e-07
0.150011	7.60726e-07
