0.100017	0.000128619
0.10004	0.000128914
0.100063	6.38231e-05
0.100086	6.38418e-05
0.100109	6.3904e-05
0.100132	6.38846e-05
0.100154	6.39218e-05
0.100177	6.39367e-05
0.1002	6.40064e-05
0.100223	6.4051e-05
0.100246	6.42801e-05
0.100269	6.42554e-05
0.100292	6.44527e-05
0.100314	6.6175e-05
0.100337	6.78481e-05
0.10036	6.46268e-05
0.100383	6.6215e-05
0.100406	6.86414e-05
0.100429	6.45985e-05
0.100451	6.4703e-05
0.100474	6.49243e-05
0.100497	6.48123e-05
0.10052	6.51115e-05
0.100543	6.4915e-05
0.100566	6.50701e-05
0.100588	6.5169e-05
0.100611	6.52424e-05
0.100634	6.53639e-05
0.100657	6.53347e-05
0.10068	6.55584e-05
0.100703	6.56567e-05
0.100725	6.56331e-05
0.100748	6.593e-05
0.100771	6.6081e-05
0.100794	6.588e-05
0.100817	6.60579e-05
0.10084	6.69564e-05
0.100862	6.72316e-05
0.100885	6.6659e-05
0.100908	6.62388e-05
0.100931	6.63571e-05
0.100954	6.67317e-05
0.100976	6.71566e-05
0.100999	6.71963e-05
0.101022	6.65465e-05
0.101045	6.68195e-05
0.101068	6.69966e-05
0.10109	6.79484e-05
0.101113	6.9577e-05
0.101136	6.85342e-05
0.101159	6.73417e-05
0.101182	6.77775e-05
0.101205	6.99434e-05
0.101227	6.80378e-05
0.10125	6.99214e-05
0.101273	7.10215e-05
0.101296	7.329e-05
0.101319	6.82074e-05
0.101341	6.83787e-05
0.101364	6.8745e-05
0.101387	6.82931e-05
0.10141	6.98459e-05
0.101432	7.02831e-05
0.101455	6.89053e-05
0.101478	6.87853e-05
0.101501	6.9388e-05
0.101524	6.91369e-05
0.101546	6.93086e-05
0.101569	6.94306e-05
0.101592	6.97265e-05
0.101615	6.96076e-05
0.101638	6.97635e-05
0.10166	7.0247e-05
0.101683	7.07345e-05
0.101706	7.0625e-05
0.101729	7.0571e-05
0.101751	7.01682e-05
0.101774	7.15671e-05
0.101797	7.3316e-05
0.10182	7.0951e-05
0.101843	7.0926e-05
0.101865	7.13327e-05
0.101888	7.13117e-05
0.101911	7.22265e-05
0.101934	7.14337e-05
0.101956	7.17761e-05
0.101979	7.17762e-05
0.102002	7.23742e-05
0.102025	7.21622e-05
0.102047	7.22531e-05
0.10207	7.27268e-05
0.102093	7.30301e-05
0.102116	7.45114e-05
0.102138	7.61603e-05
0.102161	7.48292e-05
0.102184	7.81752e-05
0.102207	7.35587e-05
0.102229	7.38501e-05
0.102252	7.35317e-05
0.102275	7.39011e-05
0.102298	7.4235e-05
0.102321	7.44176e-05
0.102343	7.42911e-05
0.102366	7.46706e-05
0.102389	7.44386e-05
0.102411	7.49196e-05
0.102434	7.51e-05
0.102457	7.52331e-05
0.10248	7.52985e-05
0.102502	7.5643e-05
0.102525	7.57068e-05
0.102548	7.59942e-05
0.102571	7.60297e-05
0.102593	7.65522e-05
0.102616	7.67031e-05
0.102639	7.72892e-05
0.102662	7.64113e-05
0.102684	7.67603e-05
0.102707	7.79661e-05
0.10273	7.72343e-05
0.102753	7.74025e-05
0.102775	7.76507e-05
0.102798	7.75912e-05
0.102821	7.7849e-05
0.102844	7.81123e-05
0.102866	7.90475e-05
0.102889	8.00083e-05
0.102912	7.9215e-05
0.102934	8.25511e-05
0.102957	8.01854e-05
0.10298	8.11805e-05
0.103003	8.1826e-05
0.103025	8.10734e-05
0.103048	7.96712e-05
0.103071	8.04017e-05
0.103093	8.04762e-05
0.103116	8.01595e-05
0.103139	8.0628e-05
0.103162	8.06015e-05
0.103184	8.16862e-05
0.103207	8.09939e-05
0.10323	8.15126e-05
0.103252	8.12498e-05
0.103275	4.38919e-05
0.103298	8.15155e-05
0.103321	4.3823e-05
0.103343	8.18967e-05
0.103366	4.39632e-05
0.103389	4.41101e-05
0.103411	4.4227e-05
0.103434	4.43386e-05
0.103457	4.49214e-05
0.10348	8.30952e-05
0.103502	4.44365e-05
0.103525	8.38903e-05
0.103548	4.60762e-05
0.10357	4.48132e-05
0.103593	4.49577e-05
0.103616	4.49681e-05
0.103638	4.50614e-05
0.103661	4.50664e-05
0.103684	4.52907e-05
0.103707	4.54027e-05
0.103729	4.55359e-05
0.103752	4.55591e-05
0.103775	4.57047e-05
0.103797	4.56969e-05
0.10382	4.58574e-05
0.103843	4.60617e-05
0.103865	4.6164e-05
0.103888	4.61701e-05
0.103911	4.71454e-05
0.103933	4.89954e-05
0.103956	4.91876e-05
0.103979	4.64774e-05
0.104001	4.65815e-05
0.104024	4.65764e-05
0.104047	4.68017e-05
0.10407	4.67603e-05
0.104092	4.70518e-05
0.104115	4.6966e-05
0.104138	4.71618e-05
0.10416	4.71184e-05
0.104183	4.7234e-05
0.104206	4.73194e-05
0.104228	4.75521e-05
0.104251	4.74806e-05
0.104274	4.76397e-05
0.104296	4.77344e-05
0.104319	4.77394e-05
0.104342	4.7784e-05
0.104364	4.80053e-05
0.104387	4.81652e-05
0.10441	4.85377e-05
0.104432	4.81348e-05
0.104455	4.83039e-05
0.104478	4.81759e-05
0.1045	4.85359e-05
0.104523	4.8719e-05
0.104546	4.86717e-05
0.104568	4.86766e-05
0.104591	4.88473e-05
0.104614	4.89422e-05
0.104636	4.97082e-05
0.104659	5.12779e-05
0.104682	4.93239e-05
0.104704	4.91177e-05
0.104727	4.94085e-05
0.10475	5.15697e-05
0.104772	5.1585e-05
0.104795	4.94769e-05
0.104818	5.00897e-05
0.10484	4.97765e-05
0.104863	4.96983e-05
0.104886	4.97892e-05
0.104908	5.17125e-05
0.104931	5.27762e-05
0.104954	5.01658e-05
0.104976	5.02907e-05
0.104999	5.09397e-05
0.105022	5.17489e-05
0.105044	5.01972e-05
0.105067	5.02512e-05
0.105089	5.03946e-05
0.105112	5.04083e-05
0.105135	5.04681e-05
0.105157	5.04893e-05
0.10518	5.06207e-05
0.105203	5.07278e-05
0.105225	5.09595e-05
0.105248	5.07409e-05
0.105271	5.07767e-05
0.105293	5.09796e-05
0.105316	5.22566e-05
0.105339	5.10603e-05
0.105361	5.11589e-05
0.105384	5.1283e-05
0.105407	5.13538e-05
0.105429	5.14131e-05
0.105452	5.14567e-05
0.105474	5.14502e-05
0.105497	5.14927e-05
0.10552	5.15729e-05
0.105542	5.1638e-05
0.105565	5.16727e-05
0.105588	5.18453e-05
0.10561	5.18695e-05
0.105633	5.19611e-05
0.105656	5.20439e-05
0.105678	5.21854e-05
0.105701	5.35445e-05
0.105724	5.50308e-05
0.105746	5.48324e-05
0.105769	5.23064e-05
0.105791	5.25278e-05
0.105814	5.25406e-05
0.105837	5.24618e-05
0.105859	5.25944e-05
0.105882	5.25517e-05
0.105905	5.26324e-05
0.105927	5.27023e-05
0.10595	5.27464e-05
0.105972	5.27389e-05
0.105995	5.29373e-05
0.106018	5.28559e-05
0.10604	5.29856e-05
0.106063	5.30159e-05
0.106086	5.30741e-05
0.106108	5.30509e-05
0.106131	5.33548e-05
0.106154	5.34537e-05
0.106176	5.34171e-05
0.106199	5.333e-05
0.106221	5.34317e-05
0.106244	5.34357e-05
0.106267	5.36487e-05
0.106289	5.36818e-05
0.106312	5.42999e-05
0.106335	5.36188e-05
0.106357	5.37311e-05
0.10638	5.51478e-05
0.106402	5.72078e-05
0.106425	5.45116e-05
0.106448	5.49355e-05
0.10647	5.44068e-05
0.106493	5.58729e-05
0.106516	5.54441e-05
0.106538	5.42381e-05
0.106561	5.42738e-05
0.106583	5.42989e-05
0.106606	5.42768e-05
0.106629	5.43491e-05
0.106651	5.44605e-05
0.106674	5.55015e-05
0.106696	5.66583e-05
0.106719	5.45354e-05
0.106742	5.45248e-05
0.106764	5.4667e-05
0.106787	5.47455e-05
0.10681	5.46328e-05
0.106832	5.47734e-05
0.106855	5.47858e-05
0.106877	5.47836e-05
0.1069	5.48745e-05
0.106923	5.4954e-05
0.106945	5.49294e-05
0.106968	5.51904e-05
0.106991	5.50815e-05
0.107013	5.57154e-05
0.107036	5.53498e-05
0.107058	5.51635e-05
0.107081	5.63007e-05
0.107104	5.53125e-05
0.107126	5.52993e-05
0.107149	5.54513e-05
0.107171	5.53685e-05
0.107194	5.54562e-05
0.107217	5.54474e-05
0.107239	5.55777e-05
0.107262	5.55994e-05
0.107285	5.56404e-05
0.107307	5.55427e-05
0.10733	5.57214e-05
0.107352	5.56305e-05
0.107375	5.57279e-05
0.107398	5.56997e-05
0.10742	5.59163e-05
0.107443	5.56413e-05
0.107465	5.59245e-05
0.107488	5.68826e-05
0.107511	5.76463e-05
0.107533	5.60198e-05
0.107556	5.59358e-05
0.107579	5.59773e-05
0.107601	5.61915e-05
0.107624	5.59482e-05
0.107646	5.63147e-05
0.107669	5.61014e-05
0.107692	5.63324e-05
0.107714	5.61097e-05
0.107737	5.67788e-05
0.107759	5.61264e-05
0.107782	5.65005e-05
0.107805	5.62294e-05
0.107827	5.645e-05
0.10785	5.62664e-05
0.107872	5.6557e-05
0.107895	5.6362e-05
0.107918	5.67994e-05
0.10794	5.65546e-05
0.107963	5.69523e-05
0.107986	5.64352e-05
0.108008	5.65925e-05
0.108031	5.64666e-05
0.108053	5.67415e-05
0.108076	5.63308e-05
0.108099	5.7192e-05
0.108121	5.70848e-05
0.108144	5.85361e-05
0.108166	5.75597e-05
0.108189	5.6921e-05
0.108212	5.70397e-05
0.108234	5.76776e-05
0.108257	5.69199e-05
0.108279	5.68648e-05
0.108302	5.66105e-05
0.108325	5.73749e-05
0.108347	5.68211e-05
0.10837	5.67724e-05
0.108393	5.66108e-05
0.108415	5.68194e-05
0.108438	5.77445e-05
0.10846	5.87472e-05
0.108483	5.66327e-05
0.108506	5.69113e-05
0.108528	5.67234e-05
0.108551	5.68105e-05
0.108573	5.66301e-05
0.108596	5.68079e-05
0.108619	5.66529e-05
0.108641	5.67344e-05
0.108664	5.66302e-05
0.108687	5.68591e-05
0.108709	5.65523e-05
0.108732	5.67561e-05
0.108754	5.66631e-05
0.108777	5.68477e-05
0.1088	5.66268e-05
0.108822	5.6674e-05
0.108845	5.73157e-05
0.108867	5.67847e-05
0.10889	5.67106e-05
0.108913	5.67781e-05
0.108935	5.66366e-05
0.108958	5.67423e-05
0.10898	5.65941e-05
0.109003	5.66834e-05
0.109026	5.66232e-05
0.109048	5.6748e-05
0.109071	5.66265e-05
0.109094	5.67659e-05
0.109116	5.66706e-05
0.109139	5.67133e-05
0.109161	5.65605e-05
0.109184	5.67192e-05
0.109207	5.65683e-05
0.109229	5.67547e-05
0.109252	5.66338e-05
0.109275	5.77827e-05
0.109297	5.95797e-05
0.10932	5.67351e-05
0.109342	5.64998e-05
0.109365	5.66733e-05
0.109388	5.64409e-05
0.10941	5.66626e-05
0.109433	5.64796e-05
0.109455	5.65742e-05
0.109478	5.64241e-05
0.109501	5.65656e-05
0.109523	5.64147e-05
0.109546	5.65415e-05
0.109569	5.64329e-05
0.109591	5.64928e-05
0.109614	5.64478e-05
0.109636	5.67864e-05
0.109659	5.63103e-05
0.109682	5.65173e-05
0.109704	5.63166e-05
0.109727	5.6385e-05
0.10975	5.6285e-05
0.109772	5.62896e-05
0.109795	5.62458e-05
0.109817	5.61938e-05
0.10984	5.613e-05
0.109863	5.62304e-05
0.109885	5.78296e-05
0.109908	5.82484e-05
0.109931	5.65552e-05
0.109953	5.61398e-05
0.109976	5.67462e-05
0.109998	5.76885e-05
0.110021	5.69798e-05
0.110044	5.6076e-05
0.110066	5.59686e-05
0.110089	5.61731e-05
0.110112	5.59475e-05
0.110134	5.58284e-05
0.110157	5.57624e-05
0.11018	5.58899e-05
0.110202	5.69386e-05
0.110225	5.76507e-05
0.110247	5.57186e-05
0.11027	5.5847e-05
0.110293	5.57768e-05
0.110315	5.57622e-05
0.110338	5.55249e-05
0.110361	5.56804e-05
0.110383	5.55391e-05
0.110406	5.55764e-05
0.110428	5.54858e-05
0.110451	5.56283e-05
0.110474	5.53661e-05
0.110496	5.56627e-05
0.110519	5.5286e-05
0.110542	5.5477e-05
0.110564	5.58836e-05
0.110587	5.57351e-05
0.11061	5.53222e-05
0.110632	5.553e-05
0.110655	5.51456e-05
0.110678	5.5295e-05
0.1107	5.51225e-05
0.110723	5.51882e-05
0.110745	5.49699e-05
0.110768	5.51609e-05
0.110791	5.49216e-05
0.110813	5.50451e-05
0.110836	5.50343e-05
0.110859	5.52436e-05
0.110881	5.4748e-05
0.110904	5.49454e-05
0.110927	5.48295e-05
0.110949	5.48595e-05
0.110972	5.46184e-05
0.110995	5.47575e-05
0.111017	5.44906e-05
0.11104	5.53249e-05
0.111063	5.65792e-05
0.111085	5.58969e-05
0.111108	5.43857e-05
0.11113	5.4486e-05
0.111153	5.42513e-05
0.111176	5.4419e-05
0.111198	5.41518e-05
0.111221	5.4286e-05
0.111244	5.40585e-05
0.111266	5.4212e-05
0.111289	5.39153e-05
0.111312	5.41338e-05
0.111334	5.39018e-05
0.111357	5.39639e-05
0.11138	5.37174e-05
0.111402	5.38637e-05
0.111425	5.36883e-05
0.111448	5.38502e-05
0.11147	5.37733e-05
0.111493	5.37874e-05
0.111516	5.35078e-05
0.111538	5.36561e-05
0.111561	5.3408e-05
0.111584	5.37387e-05
0.111606	5.48192e-05
0.111629	5.43721e-05
0.111652	5.3456e-05
0.111674	5.40647e-05
0.111697	5.32095e-05
0.11172	5.3608e-05
0.111742	5.35795e-05
0.111765	5.35141e-05
0.111788	5.28303e-05
0.11181	5.28073e-05
0.111833	5.27889e-05
0.111856	5.26658e-05
0.111878	5.25573e-05
0.111901	5.25038e-05
0.111924	5.23772e-05
0.111946	5.24895e-05
0.111969	5.30418e-05
0.111992	5.3391e-05
0.112014	5.20718e-05
0.112037	5.22374e-05
0.11206	5.20183e-05
0.112082	5.20909e-05
0.112105	5.18635e-05
0.112128	5.19565e-05
0.11215	5.16919e-05
0.112173	5.18199e-05
0.112196	5.15129e-05
0.112219	5.16793e-05
0.112241	5.14665e-05
0.112264	5.15732e-05
0.112287	5.12039e-05
0.112309	5.14256e-05
0.112332	5.11183e-05
0.112355	5.1516e-05
0.112377	5.12561e-05
0.1124	5.18762e-05
0.112423	5.07616e-05
0.112445	5.09792e-05
0.112468	5.06175e-05
0.112491	5.08125e-05
0.112513	5.0468e-05
0.112536	5.06412e-05
0.112559	5.02712e-05
0.112582	5.04948e-05
0.112604	5.01072e-05
0.112627	5.0276e-05
0.11265	4.99627e-05
0.112672	5.01028e-05
0.112695	4.97728e-05
0.112718	4.99067e-05
0.11274	4.96233e-05
0.112763	4.99191e-05
0.112786	4.9699e-05
0.112809	4.97068e-05
0.112831	4.95867e-05
0.112854	5.22277e-05
0.112877	5.14266e-05
0.112899	4.91231e-05
0.112922	4.88681e-05
0.112945	4.89547e-05
0.112967	4.86851e-05
0.11299	4.87329e-05
0.113013	4.84697e-05
0.113036	4.85165e-05
0.113058	4.82455e-05
0.113081	4.83233e-05
0.113104	4.80712e-05
0.113126	4.81076e-05
0.113149	4.78397e-05
0.113172	4.79173e-05
0.113195	4.75785e-05
0.113217	4.76982e-05
0.11324	4.75724e-05
0.113263	4.76118e-05
0.113285	4.72089e-05
0.113308	4.72915e-05
0.113331	4.78277e-05
0.113354	4.87953e-05
0.113376	4.70728e-05
0.113399	4.7538e-05
0.113422	4.66888e-05
0.113445	4.7324e-05
0.113467	4.7082e-05
0.11349	9.18325e-05
0.113513	8.92496e-05
0.113535	4.63261e-05
0.113558	4.60164e-05
0.113581	4.60687e-05
0.113604	8.90734e-05
0.113626	8.88874e-05
0.113649	8.79129e-05
0.113672	4.56205e-05
0.113695	8.7435e-05
0.113717	8.76042e-05
0.11374	8.72259e-05
0.113763	8.72741e-05
0.113786	8.67553e-05
0.113808	8.68561e-05
0.113831	8.6379e-05
0.113854	8.64112e-05
0.113876	8.58717e-05
0.113899	8.59692e-05
0.113922	8.56547e-05
0.113945	8.55836e-05
0.113967	8.52062e-05
0.11399	8.52009e-05
0.114013	8.47557e-05
0.114036	8.47463e-05
0.114058	8.43948e-05
0.114081	8.43675e-05
0.114104	8.40263e-05
0.114126	8.40492e-05
0.114149	8.42941e-05
0.114172	8.53055e-05
0.114195	8.4099e-05
0.114217	8.31379e-05
0.11424	8.27954e-05
0.114263	8.27593e-05
0.114286	8.24214e-05
0.114308	8.22069e-05
0.114331	8.21114e-05
0.114354	8.18549e-05
0.114376	8.17088e-05
0.114399	8.15441e-05
0.114422	8.12145e-05
0.114444	8.11224e-05
0.114467	8.08243e-05
0.11449	8.07778e-05
0.114513	8.06008e-05
0.114535	8.03302e-05
0.114558	8.01075e-05
0.114581	8.0126e-05
0.114603	8.15213e-05
0.114626	8.42504e-05
0.114649	7.99077e-05
0.114671	8.27493e-05
0.114694	7.93477e-05
0.114717	7.87823e-05
0.11474	7.85977e-05
0.114762	7.82843e-05
0.114785	7.818e-05
0.114808	7.7935e-05
0.11483	7.77274e-05
0.114853	7.74748e-05
0.114876	7.74218e-05
0.114898	7.71842e-05
0.114921	7.70514e-05
0.114944	7.68668e-05
0.114966	7.66421e-05
0.114989	7.64471e-05
0.115012	7.63094e-05
0.115034	7.60443e-05
0.115057	7.76302e-05
0.11508	7.87108e-05
0.115102	7.56937e-05
0.115125	7.60948e-05
0.115148	7.74742e-05
0.11517	7.50126e-05
0.115193	7.53587e-05
0.115216	7.60228e-05
0.115238	7.53445e-05
0.115261	7.45523e-05
0.115284	7.56582e-05
0.115306	7.40106e-05
0.115329	7.3968e-05
0.115352	7.37787e-05
0.115374	7.43417e-05
0.115397	7.38757e-05
0.11542	7.33729e-05
0.115442	7.31053e-05
0.115465	7.32199e-05
0.115488	7.29309e-05
0.11551	7.2947e-05
0.115533	7.4484e-05
0.115556	7.49916e-05
0.115578	7.24635e-05
0.115601	7.28076e-05
0.115624	7.27979e-05
0.115646	7.22472e-05
0.115669	7.17295e-05
0.115691	7.19677e-05
0.115714	7.18448e-05
0.115737	7.19506e-05
0.115759	7.13851e-05
0.115782	7.13961e-05
0.115805	7.15741e-05
0.115827	7.19134e-05
0.11585	7.12453e-05
0.115873	7.12773e-05
0.115895	7.11608e-05
0.115918	7.2108e-05
0.11594	7.22988e-05
0.115963	7.19625e-05
0.115986	7.17329e-05
0.116008	7.0754e-05
0.116031	7.02215e-05
0.116054	7.05735e-05
0.116076	7.00039e-05
0.116099	7.01701e-05
0.116121	6.99728e-05
0.116144	7.00863e-05
0.116167	7.0242e-05
0.116189	6.97842e-05
0.116212	6.91683e-05
0.116235	6.94265e-05
0.116257	6.9105e-05
0.11628	6.9376e-05
0.116302	6.89466e-05
0.116325	6.97685e-05
0.116348	6.88923e-05
0.11637	6.95517e-05
0.116393	7.07111e-05
0.116415	7.33793e-05
0.116438	7.00199e-05
0.116461	7.25791e-05
0.116483	6.89121e-05
0.116506	6.94412e-05
0.116528	6.87925e-05
0.116551	6.9307e-05
0.116574	6.9172e-05
0.116596	6.95684e-05
0.116619	6.92181e-05
0.116641	6.92896e-05
0.116664	6.91967e-05
0.116687	6.99288e-05
0.116709	6.97038e-05
0.116732	6.97258e-05
0.116754	6.97844e-05
0.116777	7.20997e-05
0.1168	7.40469e-05
0.116822	7.05004e-05
0.116845	7.00151e-05
0.116867	7.08643e-05
0.11689	7.10191e-05
0.116912	7.05385e-05
0.116935	7.12927e-05
0.116958	7.25391e-05
0.11698	7.08107e-05
0.117003	7.16778e-05
0.117025	7.2163e-05
0.117048	7.17933e-05
0.11707	7.1649e-05
0.117093	7.18403e-05
0.117116	7.15484e-05
0.117138	7.2156e-05
0.117161	7.29739e-05
0.117183	7.25459e-05
0.117206	7.24504e-05
0.117228	7.2801e-05
0.117251	7.29441e-05
0.117274	7.31519e-05
0.117296	7.37362e-05
0.117319	7.42777e-05
0.117341	7.36146e-05
0.117364	7.39955e-05
0.117386	7.41357e-05
0.117409	7.43235e-05
0.117432	7.43313e-05
0.117454	7.47737e-05
0.117477	7.49169e-05
0.117499	7.50032e-05
0.117522	7.53107e-05
0.117544	7.57063e-05
0.117567	7.5763e-05
0.117589	7.61569e-05
0.117612	7.61653e-05
0.117635	7.65214e-05
0.117657	7.65828e-05
0.11768	7.70124e-05
0.117702	7.76694e-05
0.117725	7.83377e-05
0.117747	7.75715e-05
0.11777	7.78748e-05
0.117792	7.81348e-05
0.117815	7.82863e-05
0.117837	7.84603e-05
0.11786	7.88588e-05
0.117883	7.88136e-05
0.117905	7.9307e-05
0.117928	7.93453e-05
0.11795	7.96125e-05
0.117973	7.95966e-05
0.117995	8.01856e-05
0.118018	8.01222e-05
0.11804	8.05924e-05
0.118063	8.04663e-05
0.118085	8.10887e-05
0.118108	8.09581e-05
0.11813	8.16676e-05
0.118153	8.21701e-05
0.118175	8.50212e-05
0.118198	8.28226e-05
0.118221	8.56614e-05
0.118243	8.22784e-05
0.118266	8.27576e-05
0.118288	8.27879e-05
0.118311	8.32297e-05
0.118333	8.31692e-05
0.118356	8.3639e-05
0.118378	8.35163e-05
0.118401	8.40174e-05
0.118423	8.40717e-05
0.118446	8.46987e-05
0.118468	8.48251e-05
0.118491	8.50801e-05
0.118513	8.51866e-05
0.118536	8.66106e-05
0.118558	8.57975e-05
0.118581	8.5799e-05
0.118603	8.57551e-05
0.118626	8.81611e-05
0.118648	8.88931e-05
0.118671	8.71652e-05
0.118693	8.79226e-05
0.118716	8.79285e-05
0.118738	8.72447e-05
0.118761	8.81932e-05
0.118783	8.84432e-05
0.118806	8.8054e-05
0.118829	8.76946e-05
0.118851	8.88407e-05
0.118874	8.79649e-05
0.118896	8.8538e-05
0.118919	8.85106e-05
0.118941	8.86978e-05
0.118964	8.86258e-05
0.118986	8.90629e-05
0.119009	8.90425e-05
0.119031	8.93986e-05
0.119054	8.937e-05
0.119076	8.97605e-05
0.119099	8.96643e-05
0.119121	9.02532e-05
0.119144	9.01967e-05
0.119166	9.05023e-05
0.119189	9.04779e-05
0.119211	9.0814e-05
0.119234	9.0767e-05
0.119256	9.1203e-05
0.119279	9.10514e-05
0.119301	9.14734e-05
0.119324	9.14502e-05
0.119346	9.18945e-05
0.119369	9.16215e-05
0.119391	9.19916e-05
0.119414	9.18995e-05
0.119436	9.23584e-05
0.119459	9.33933e-05
0.119481	9.48544e-05
0.119504	9.23441e-05
0.119526	9.26904e-05
0.119548	9.25204e-05
0.119571	9.31665e-05
0.119593	9.28982e-05
0.119616	9.32397e-05
0.119638	9.31434e-05
0.119661	9.33832e-05
0.119683	9.33481e-05
0.119706	9.36704e-05
0.119728	9.35499e-05
0.119751	9.38903e-05
0.119773	9.37376e-05
0.119796	9.41084e-05
0.119818	9.39487e-05
0.119841	9.43432e-05
0.119863	9.41347e-05
0.119886	9.45829e-05
0.119908	9.53144e-05
0.119931	9.63566e-05
0.119953	9.50444e-05
0.119976	9.51211e-05
0.119998	9.76218e-05
0.120021	9.52469e-05
0.120043	9.48949e-05
0.120066	9.53904e-05
0.120088	9.51347e-05
0.120111	9.54438e-05
0.120133	9.53136e-05
0.120156	9.60339e-05
0.120178	9.58846e-05
0.120201	9.57634e-05
0.120223	9.65364e-05
0.120245	9.76687e-05
0.120268	9.61855e-05
0.12029	9.6201e-05
0.120313	9.61851e-05
0.120335	9.62539e-05
0.120358	9.59125e-05
0.12038	9.65703e-05
0.120403	9.65127e-05
0.120425	9.71134e-05
0.120448	9.63746e-05
0.12047	9.75081e-05
0.120493	9.65689e-05
0.120515	9.68301e-05
0.120538	9.64142e-05
0.12056	9.76328e-05
0.120583	9.68404e-05
0.120605	9.70584e-05
0.120628	9.73462e-05
0.12065	9.71886e-05
0.120673	9.67928e-05
0.120695	9.74944e-05
0.120717	9.67762e-05
0.12074	9.727e-05
0.120762	9.70197e-05
0.120785	9.73545e-05
0.120807	9.68573e-05
0.12083	9.75381e-05
0.120852	9.69356e-05
0.120875	9.74408e-05
0.120897	9.71366e-05
0.12092	9.7412e-05
0.120942	9.71711e-05
0.120965	9.76585e-05
0.120987	9.70809e-05
0.12101	9.7602e-05
0.121032	9.73021e-05
0.121055	9.76193e-05
0.121077	9.7291e-05
0.1211	9.76489e-05
0.121122	9.74402e-05
0.121144	9.78143e-05
0.121167	9.74191e-05
0.121189	9.77596e-05
0.121212	9.82162e-05
0.121234	9.97155e-05
0.121257	9.90666e-05
0.121279	9.77677e-05
0.121302	9.74616e-05
0.121324	9.77605e-05
0.121347	9.76405e-05
0.121369	9.78354e-05
0.121392	9.74591e-05
0.121414	9.77888e-05
0.121437	9.74674e-05
0.121459	9.79675e-05
0.121482	9.74919e-05
0.121504	9.80014e-05
0.121526	9.75071e-05
0.121549	9.79134e-05
0.121571	9.75331e-05
0.121594	9.78843e-05
0.121616	9.74843e-05
0.121639	9.79336e-05
0.121661	9.76146e-05
0.121684	9.84362e-05
0.121706	9.83829e-05
0.121729	9.83313e-05
0.121751	9.84186e-05
0.121774	0.000100788
0.121796	9.75175e-05
0.121819	9.82067e-05
0.121841	9.7763e-05
0.121864	9.79495e-05
0.121886	9.75967e-05
0.121908	9.82771e-05
0.121931	9.78484e-05
0.121953	9.8671e-05
0.121976	9.91721e-05
0.121998	9.81042e-05
0.122021	9.77184e-05
0.122043	9.79609e-05
0.122066	9.7352e-05
0.122088	9.77695e-05
0.122111	9.7391e-05
0.122133	9.84491e-05
0.122156	9.93666e-05
0.122178	9.85215e-05
0.122201	9.71094e-05
0.122223	9.79076e-05
0.122246	9.70387e-05
0.122268	9.80254e-05
0.122291	9.75478e-05
0.122313	9.73071e-05
0.122335	9.70856e-05
0.122358	9.72088e-05
0.12238	9.66703e-05
0.122403	9.74677e-05
0.122425	9.66254e-05
0.122448	9.69834e-05
0.12247	9.68813e-05
0.122493	9.68781e-05
0.122515	9.64513e-05
0.122538	9.68799e-05
0.12256	9.63778e-05
0.122583	9.67944e-05
0.122605	9.6247e-05
0.122628	9.71697e-05
0.12265	9.69845e-05
0.122673	9.65138e-05
0.122695	9.60585e-05
0.122718	9.63347e-05
0.12274	9.59697e-05
0.122763	9.62016e-05
0.122785	9.59254e-05
0.122808	9.60134e-05
0.12283	9.56774e-05
0.122853	9.60155e-05
0.122875	9.56903e-05
0.122897	9.59394e-05
0.12292	9.55379e-05
0.122942	9.5787e-05
0.122965	9.56382e-05
0.122987	9.59187e-05
0.12301	9.54792e-05
0.123032	9.55468e-05
0.123055	9.55828e-05
0.123077	9.58892e-05
0.1231	9.61879e-05
0.123122	9.53507e-05
0.123145	9.49855e-05
0.123167	9.52165e-05
0.12319	9.48631e-05
0.123212	9.50634e-05
0.123235	9.46858e-05
0.123257	9.48335e-05
0.12328	9.45711e-05
0.123302	9.47164e-05
0.123325	9.44071e-05
0.123347	9.45824e-05
0.12337	9.43415e-05
0.123392	9.44155e-05
0.123415	9.41623e-05
0.123437	9.42834e-05
0.12346	9.41161e-05
0.123482	9.47289e-05
0.123505	9.68398e-05
0.123527	9.44739e-05
0.12355	9.43552e-05
0.123572	9.40196e-05
0.123595	9.3609e-05
0.123617	9.38779e-05
0.12364	9.38296e-05
0.123662	9.42616e-05
0.123685	9.35238e-05
0.123707	9.39149e-05
0.12373	9.45575e-05
0.123752	9.33051e-05
0.123775	9.31511e-05
0.123797	9.30877e-05
0.12382	9.2881e-05
0.123842	9.29669e-05
0.123865	9.27004e-05
0.123887	9.30273e-05
0.12391	9.40383e-05
0.123932	9.48768e-05
0.123955	9.30882e-05
0.123977	9.24925e-05
0.124	9.24376e-05
0.124022	9.2323e-05
0.124045	9.31989e-05
0.124067	9.41429e-05
0.12409	9.1895e-05
0.124112	9.19688e-05
0.124135	9.17441e-05
0.124157	9.18375e-05
0.12418	9.19281e-05
0.124202	9.17444e-05
0.124225	9.15722e-05
0.124247	9.17687e-05
0.12427	9.14649e-05
0.124292	9.14788e-05
0.124315	9.13538e-05
0.124338	9.13509e-05
0.12436	9.12338e-05
0.124383	9.1229e-05
0.124405	9.09956e-05
0.124428	9.11086e-05
0.12445	9.09011e-05
0.124473	9.09599e-05
0.124495	9.07542e-05
0.124518	9.0866e-05
0.12454	9.06748e-05
0.124563	9.06681e-05
0.124585	9.04925e-05
0.124608	9.05859e-05
0.12463	9.05133e-05
0.124653	9.04799e-05
0.124675	9.02306e-05
0.124698	9.04419e-05
0.12472	9.02836e-05
0.124743	9.0289e-05
0.124766	8.9987e-05
0.124788	9.01033e-05
0.124811	9.02922e-05
0.124833	9.10444e-05
0.124856	8.97477e-05
0.124878	9.0417e-05
0.124901	8.95614e-05
0.124923	8.96837e-05
0.124946	8.94449e-05
0.124968	8.95385e-05
0.124991	8.92891e-05
0.125013	8.94537e-05
0.125036	8.92393e-05
0.125059	8.93542e-05
0.125081	8.91025e-05
0.125104	8.91843e-05
0.125126	8.89611e-05
0.125149	8.90762e-05
0.125171	8.88744e-05
0.125194	8.89253e-05
0.125216	8.88496e-05
0.125239	8.89422e-05
0.125261	8.94303e-05
0.125284	9.02168e-05
0.125307	8.8621e-05
0.125329	9.00747e-05
0.125352	9.13724e-05
0.125374	8.89681e-05
0.125397	8.94577e-05
0.125419	9.1432e-05
0.125442	8.9942e-05
0.125464	8.83269e-05
0.125487	8.80678e-05
0.12551	8.86057e-05
0.125532	8.83985e-05
0.125555	8.81286e-05
0.125577	8.78876e-05
0.1256	8.79953e-05
0.125622	8.76816e-05
0.125645	8.76814e-05
0.125668	8.78192e-05
0.12569	8.7972e-05
0.125713	8.74322e-05
0.125735	8.74624e-05
0.125758	8.7072e-05
0.12578	8.7471e-05
0.125803	8.79464e-05
0.125826	8.84369e-05
0.125848	8.6978e-05
0.125871	8.70585e-05
0.125893	8.67826e-05
0.125916	8.69732e-05
0.125938	8.66175e-05
0.125961	8.71797e-05
0.125984	8.65824e-05
0.126006	8.67858e-05
0.126029	8.65265e-05
0.126051	8.66041e-05
0.126074	8.6298e-05
0.126097	8.6494e-05
0.126119	8.61764e-05
0.126142	8.63904e-05
0.126164	8.60704e-05
0.126187	8.63395e-05
0.126209	8.61914e-05
0.126232	8.6527e-05
0.126255	8.58338e-05
0.126277	8.59838e-05
0.1263	8.57029e-05
0.126322	8.58897e-05
0.126345	8.5624e-05
0.126368	8.5863e-05
0.12639	8.55258e-05
0.126413	8.57235e-05
0.126435	8.53845e-05
0.126458	8.56211e-05
0.126481	8.54585e-05
0.126503	8.55636e-05
0.126526	8.51263e-05
0.126548	8.53488e-05
0.126571	8.5024e-05
0.126594	8.56274e-05
0.126616	8.56921e-05
0.126639	8.63645e-05
0.126662	8.46356e-05
0.126684	8.4922e-05
0.126707	8.45096e-05
0.126729	8.47118e-05
0.126752	8.43592e-05
0.126775	8.46268e-05
0.126797	8.42663e-05
0.12682	8.4462e-05
0.126842	8.40315e-05
0.126865	8.4357e-05
0.126888	8.39349e-05
0.12691	8.42602e-05
0.126933	8.38675e-05
0.126956	8.40681e-05
0.126978	8.36659e-05
0.127001	8.39293e-05
0.127023	8.35727e-05
0.127046	8.49676e-05
0.127069	8.65204e-05
0.127091	8.3842e-05
0.127114	8.4523e-05
0.127137	8.64956e-05
0.127159	8.3651e-05
0.127182	8.32679e-05
0.127205	8.28613e-05
0.127227	8.30174e-05
0.12725	8.2752e-05
0.127272	8.29087e-05
0.127295	8.26806e-05
0.127318	8.29427e-05
0.12734	8.33682e-05
0.127363	8.39099e-05
0.127386	8.21011e-05
0.127408	8.22227e-05
0.127431	8.21239e-05
0.127453	8.3159e-05
0.127476	8.3067e-05
0.127499	8.17983e-05
0.127521	8.1496e-05
0.127544	8.1636e-05
0.127567	8.14963e-05
0.127589	8.19448e-05
0.127612	8.14545e-05
0.127634	8.11648e-05
0.127657	8.08314e-05
0.12768	8.09878e-05
0.127702	8.07487e-05
0.127725	8.13906e-05
0.127748	8.06088e-05
0.12777	8.06743e-05
0.127793	8.0421e-05
0.127815	8.02556e-05
0.127838	7.99339e-05
0.127861	8.01168e-05
0.127883	7.96484e-05
0.127906	7.98027e-05
0.127928	7.9327e-05
0.127951	7.95599e-05
0.127974	7.91266e-05
0.127996	7.92867e-05
0.128019	7.89272e-05
0.128041	7.90702e-05
0.128064	7.86374e-05
0.128087	7.89166e-05
0.128109	7.83814e-05
0.128132	7.85339e-05
0.128154	7.81641e-05
0.128177	7.82823e-05
0.128199	7.78263e-05
0.128222	7.79951e-05
0.128245	7.80049e-05
0.128267	7.8205e-05
0.12829	7.73641e-05
0.128312	7.7551e-05
0.128335	7.70715e-05
0.128358	7.73049e-05
0.12838	7.72528e-05
0.128403	7.74837e-05
0.128425	7.72603e-05
0.128448	7.67499e-05
0.12847	7.63966e-05
0.128493	7.64538e-05
0.128516	7.61317e-05
0.128538	7.61504e-05
0.128561	7.58636e-05
0.128583	7.59877e-05
0.128606	7.55398e-05
0.128628	7.5595e-05
0.128651	7.52392e-05
0.128673	7.5274e-05
0.128696	7.4971e-05
0.128719	7.50721e-05
0.128741	7.48424e-05
0.128764	7.55307e-05
0.128786	7.59497e-05
0.128809	7.47504e-05
0.128831	7.42766e-05
0.128854	7.49062e-05
0.128876	7.4085e-05
0.128899	7.44024e-05
0.128921	7.5288e-05
0.128944	7.41497e-05
0.128967	7.40561e-05
0.128989	7.34379e-05
0.129012	7.3325e-05
0.129034	7.3551e-05
0.129057	7.30687e-05
0.129079	7.33031e-05
0.129102	7.24128e-05
0.129124	7.24983e-05
0.129147	7.22083e-05
0.129169	7.23816e-05
0.129192	7.2349e-05
0.129214	7.33488e-05
0.129237	7.35843e-05
0.129259	7.16583e-05
0.129282	7.1318e-05
0.129305	7.13814e-05
0.129327	7.12299e-05
0.12935	7.12953e-05
0.129372	7.08587e-05
0.129395	7.10681e-05
0.129417	7.05562e-05
0.12944	7.06598e-05
0.129462	7.01081e-05
0.129485	7.04743e-05
0.129507	7.07124e-05
0.12953	6.98391e-05
0.129552	6.96914e-05
0.129575	7.01158e-05
0.129597	6.91929e-05
0.12962	6.92789e-05
0.129642	6.89413e-05
0.129665	6.89743e-05
0.129687	6.86541e-05
0.12971	6.86953e-05
0.129732	6.83669e-05
0.129755	6.84656e-05
0.129777	6.79947e-05
0.1298	6.81305e-05
0.129822	6.77899e-05
0.129845	6.77486e-05
0.129867	6.74209e-05
0.12989	6.74116e-05
0.129912	6.71736e-05
0.129935	6.71264e-05
0.129957	6.69361e-05
0.12998	6.69303e-05
0.130002	6.66421e-05
0.130025	6.7095e-05
0.130047	6.73455e-05
0.13007	6.627e-05
0.130092	6.61598e-05
0.130114	6.59748e-05
0.130137	6.5841e-05
0.130159	6.57258e-05
0.130182	6.59348e-05
0.130204	6.66521e-05
0.130227	6.57891e-05
0.130249	6.51941e-05
0.130272	6.49426e-05
0.130294	6.49396e-05
0.130317	6.46752e-05
0.130339	6.46258e-05
0.130362	6.44218e-05
0.130384	6.44966e-05
0.130407	6.43649e-05
0.130429	6.44046e-05
0.130452	6.3989e-05
0.130474	6.40198e-05
0.130496	6.37214e-05
0.130519	6.38051e-05
0.130541	6.35432e-05
0.130564	6.45111e-05
0.130586	6.50662e-05
0.130609	6.38354e-05
0.130631	6.3918e-05
0.130654	6.3062e-05
0.130676	6.2615e-05
0.130699	6.32836e-05
0.130721	6.40139e-05
0.130743	6.2309e-05
0.130766	6.20412e-05
0.130788	6.20706e-05
0.130811	6.16397e-05
0.130833	6.16401e-05
0.130856	6.13432e-05
0.130878	6.14028e-05
0.130901	6.10889e-05
0.130923	6.12363e-05
0.130945	6.09493e-05
0.130968	6.14528e-05
0.13099	6.14354e-05
0.131013	6.08165e-05
0.131035	6.05467e-05
0.131058	6.06317e-05
0.13108	6.08557e-05
0.131103	6.10762e-05
0.131125	6.02615e-05
0.131147	6.02199e-05
0.13117	6.01864e-05
0.131192	6.03695e-05
0.131215	6.0023e-05
0.131237	6.00615e-05
0.13126	6.00012e-05
0.131282	6.02139e-05
0.131304	5.97445e-05
0.131327	6.02305e-05
0.131349	6.00908e-05
0.131372	5.98906e-05
0.131394	5.97632e-05
0.131417	6.00159e-05
0.131439	5.97291e-05
0.131461	5.98256e-05
0.131484	5.94124e-05
0.131506	5.98106e-05
0.131529	5.94692e-05
0.131551	5.95599e-05
0.131573	5.98622e-05
0.131596	5.95125e-05
0.131618	5.94606e-05
0.131641	5.94926e-05
0.131663	5.91391e-05
0.131686	5.92901e-05
0.131708	5.92234e-05
0.13173	5.9387e-05
0.131753	5.91106e-05
0.131775	5.94808e-05
0.131798	5.92851e-05
0.13182	5.94489e-05
0.131842	5.92268e-05
0.131865	5.948e-05
0.131887	5.91605e-05
0.13191	5.94124e-05
0.131932	5.90981e-05
0.131954	5.94386e-05
0.131977	5.93685e-05
0.131999	5.98616e-05
0.132022	6.03674e-05
0.132044	6.02801e-05
0.132067	5.93192e-05
0.132089	5.95765e-05
0.132111	5.95036e-05
0.132134	5.96542e-05
0.132156	5.96516e-05
0.132179	5.97731e-05
0.132201	5.97611e-05
0.132223	6.06932e-05
0.132246	6.10674e-05
0.132268	5.99721e-05
0.132291	5.98538e-05
0.132313	6.00807e-05
0.132335	5.99017e-05
0.132358	6.02169e-05
0.13238	6.01556e-05
0.132402	6.04057e-05
0.132425	6.0328e-05
0.132447	6.08636e-05
0.13247	6.15804e-05
0.132492	6.06016e-05
0.132514	6.06368e-05
0.132537	6.1161e-05
0.132559	6.17729e-05
0.132582	6.09716e-05
0.132604	6.11389e-05
0.132626	6.10438e-05
0.132649	6.10804e-05
0.132671	6.12854e-05
0.132694	6.13548e-05
0.132716	6.1976e-05
0.132738	6.25621e-05
0.132761	6.17493e-05
0.132783	6.15936e-05
0.132805	6.18833e-05
0.132828	6.1998e-05
0.13285	6.20008e-05
0.132873	6.19919e-05
0.132895	6.20129e-05
0.132917	6.20926e-05
0.13294	6.21116e-05
0.132962	6.22396e-05
0.132985	6.22565e-05
0.133007	6.24135e-05
0.133029	6.25053e-05
0.133052	6.25417e-05
0.133074	6.2598e-05
0.133096	6.29341e-05
0.133119	6.28752e-05
0.133141	6.27612e-05
0.133164	6.27447e-05
0.133186	6.31431e-05
0.133208	6.28229e-05
0.133231	6.30572e-05
0.133253	6.29638e-05
0.133275	6.31934e-05
0.133298	6.30145e-05
0.13332	6.33046e-05
0.133343	6.32331e-05
0.133365	6.3441e-05
0.133387	6.33628e-05
0.13341	6.36761e-05
0.133432	6.35739e-05
0.133454	6.39079e-05
0.133477	6.36733e-05
0.133499	6.38692e-05
0.133521	6.37821e-05
0.133544	6.39956e-05
0.133566	6.385e-05
0.133589	6.44487e-05
0.133611	6.45847e-05
0.133633	6.43977e-05
0.133656	6.41777e-05
0.133678	6.44855e-05
0.1337	6.42215e-05
0.133723	6.47712e-05
0.133745	6.43869e-05
0.133767	6.50234e-05
0.13379	6.4993e-05
0.133812	6.49085e-05
0.133835	6.46605e-05
0.133857	6.51194e-05
0.133879	6.53233e-05
0.133902	6.57123e-05
0.133924	6.49221e-05
0.133946	6.5209e-05
0.133969	6.50708e-05
0.133991	6.53516e-05
0.134013	6.51846e-05
0.134036	6.54321e-05
0.134058	6.51874e-05
0.134081	6.55035e-05
0.134103	6.52856e-05
0.134125	6.57379e-05
0.134148	6.52698e-05
0.13417	6.56941e-05
0.134192	6.53216e-05
0.134215	6.57047e-05
0.134237	6.54732e-05
0.134259	6.59561e-05
0.134282	6.53886e-05
0.134304	6.58404e-05
0.134326	6.54534e-05
0.134349	6.61686e-05
0.134371	6.5469e-05
0.134393	6.58763e-05
0.134416	6.55599e-05
0.134438	6.62484e-05
0.134461	6.63611e-05
0.134483	6.58052e-05
0.134505	6.54732e-05
0.134528	6.58165e-05
0.13455	6.55446e-05
0.134572	6.57944e-05
0.134595	6.54522e-05
0.134617	6.58376e-05
0.134639	6.55443e-05
0.134662	6.59218e-05
0.134684	6.56213e-05
0.134706	6.58358e-05
0.134729	6.56042e-05
0.134751	6.59619e-05
0.134773	6.56797e-05
0.134796	6.5926e-05
0.134818	6.56649e-05
0.134841	6.59898e-05
0.134863	6.57416e-05
0.134885	6.59992e-05
0.134908	6.57546e-05
0.13493	6.5984e-05
0.134952	6.61309e-05
0.134975	6.59864e-05
0.134997	6.60294e-05
0.135019	6.60194e-05
0.135042	6.60161e-05
0.135064	6.60616e-05
0.135086	6.6144e-05
0.135109	6.60356e-05
0.135131	6.61499e-05
0.135153	6.60554e-05
0.135176	6.62253e-05
0.135198	6.59824e-05
0.13522	6.62732e-05
0.135243	6.62737e-05
0.135265	6.65327e-05
0.135288	6.60938e-05
0.13531	6.62614e-05
0.135332	6.60027e-05
0.135355	6.62797e-05
0.135377	6.59867e-05
0.135399	6.62995e-05
0.135422	6.5969e-05
0.135444	6.63453e-05
0.135466	6.59982e-05
0.135489	6.63264e-05
0.135511	6.5976e-05
0.135533	6.63547e-05
0.135556	6.60199e-05
0.135578	6.62793e-05
0.1356	6.60449e-05
0.135623	6.6373e-05
0.135645	6.62726e-05
0.135667	6.6872e-05
0.13569	6.60902e-05
0.135712	6.64237e-05
0.135735	6.61259e-05
0.135757	6.64428e-05
0.135779	6.6239e-05
0.135802	6.65603e-05
0.135824	6.62247e-05
0.135846	6.64994e-05
0.135869	6.6349e-05
0.135891	6.67819e-05
0.135913	6.62174e-05
0.135936	6.64621e-05
0.135958	6.65047e-05
0.13598	6.68626e-05
0.136003	6.61876e-05
0.136025	6.67104e-05
0.136048	6.65991e-05
0.13607	6.64271e-05
0.136092	6.61655e-05
0.136115	6.64157e-05
0.136137	6.61538e-05
0.136159	6.6349e-05
0.136182	6.61313e-05
0.136204	6.63987e-05
0.136226	6.6193e-05
0.136249	6.655e-05
0.136271	6.63555e-05
0.136293	6.64567e-05
0.136316	6.63003e-05
0.136338	6.63976e-05
0.136361	6.62064e-05
0.136383	6.65502e-05
0.136405	6.62892e-05
0.136428	6.65441e-05
0.13645	6.63828e-05
0.136472	6.64554e-05
0.136495	6.62896e-05
0.136517	6.64498e-05
0.136539	6.63142e-05
0.136562	6.64514e-05
0.136584	6.63164e-05
0.136607	6.64841e-05
0.136629	6.62784e-05
0.136651	6.64762e-05
0.136674	6.62512e-05
0.136696	6.64188e-05
0.136718	6.63558e-05
0.136741	6.64695e-05
0.136763	6.6277e-05
0.136785	6.64139e-05
0.136808	6.62659e-05
0.13683	6.63585e-05
0.136853	6.62002e-05
0.136875	6.64987e-05
0.136897	6.62463e-05
0.13692	6.67499e-05
0.136942	6.64422e-05
0.136964	6.66964e-05
0.136987	6.63412e-05
0.137009	6.65575e-05
0.137032	6.62325e-05
0.137054	6.6569e-05
0.137076	6.62195e-05
0.137099	6.66445e-05
0.137121	6.61793e-05
0.137143	6.65813e-05
0.137166	6.63368e-05
0.137188	6.67027e-05
0.137211	6.6235e-05
0.137233	6.64779e-05
0.137255	6.62278e-05
0.137278	6.64872e-05
0.1373	6.62056e-05
0.137322	6.65705e-05
0.137345	6.62768e-05
0.137367	6.66134e-05
0.13739	6.63907e-05
0.137412	6.66259e-05
0.137434	6.64635e-05
0.137457	6.66448e-05
0.137479	6.66037e-05
0.137502	6.67462e-05
0.137524	6.66771e-05
0.137546	6.68429e-05
0.137569	6.67844e-05
0.137591	6.7028e-05
0.137613	6.69546e-05
0.137636	6.7045e-05
0.137658	6.7121e-05
0.137681	6.71907e-05
0.137703	6.71912e-05
0.137725	6.72932e-05
0.137748	6.733e-05
0.13777	6.76084e-05
0.137793	6.74014e-05
0.137815	6.73979e-05
0.137837	6.74034e-05
0.13786	6.74324e-05
0.137882	6.75319e-05
0.137905	6.74671e-05
0.137927	6.75483e-05
0.137949	6.74266e-05
0.137972	6.74763e-05
0.137994	6.75544e-05
0.138017	6.77173e-05
0.138039	6.73886e-05
0.138061	6.74937e-05
0.138084	6.73585e-05
0.138106	6.75296e-05
0.138129	6.73169e-05
0.138151	6.76859e-05
0.138173	6.77277e-05
0.138196	6.75162e-05
0.138218	6.72982e-05
0.138241	6.74155e-05
0.138263	6.73302e-05
0.138286	6.75597e-05
0.138308	6.7449e-05
0.13833	6.78452e-05
0.138353	6.75285e-05
0.138375	6.75309e-05
0.138398	6.75036e-05
0.13842	6.77311e-05
0.138442	6.76706e-05
0.138465	6.77655e-05
0.138487	6.77227e-05
0.13851	6.79141e-05
0.138532	6.78344e-05
0.138555	6.79349e-05
0.138577	6.78605e-05
0.138599	6.80807e-05
0.138622	6.80396e-05
0.138644	6.80345e-05
0.138667	6.80721e-05
0.138689	6.80194e-05
0.138712	6.80939e-05
0.138734	6.80983e-05
0.138756	6.81718e-05
0.138779	6.80674e-05
0.138801	6.81891e-05
0.138824	6.79664e-05
0.138846	6.81509e-05
0.138869	6.79646e-05
0.138891	6.82313e-05
0.138913	6.7843e-05
0.138936	6.82889e-05
0.138958	6.79353e-05
0.138981	6.83631e-05
0.139003	6.79662e-05
0.139026	6.84877e-05
0.139048	6.80573e-05
0.139071	6.85031e-05
0.139093	6.80691e-05
0.139115	6.85371e-05
0.139138	6.80525e-05
0.13916	6.85349e-05
0.139183	6.80023e-05
0.139205	6.84892e-05
0.139228	6.79771e-05
0.13925	6.84112e-05
0.139273	6.78671e-05
0.139295	6.83453e-05
0.139318	6.79433e-05
0.13934	6.83651e-05
0.139362	6.80491e-05
0.139385	6.84493e-05
0.139407	6.79559e-05
0.13943	6.83459e-05
0.139452	6.80912e-05
0.139475	6.85435e-05
0.139497	6.8139e-05
0.13952	6.85286e-05
0.139542	6.82758e-05
0.139565	6.84765e-05
0.139587	6.83302e-05
0.13961	6.85375e-05
0.139632	6.83255e-05
0.139655	6.86144e-05
0.139677	6.85032e-05
0.139699	6.86304e-05
0.139722	6.85686e-05
0.139744	6.86902e-05
0.139767	6.84714e-05
0.139789	6.86554e-05
0.139812	6.85703e-05
0.139834	6.8562e-05
0.139857	6.85095e-05
0.139879	6.87563e-05
0.139902	6.87262e-05
0.139924	6.87493e-05
0.139947	6.86191e-05
0.139969	6.87458e-05
0.139992	6.86292e-05
0.140014	6.88132e-05
0.140037	6.86936e-05
0.140059	6.87696e-05
0.140082	6.88393e-05
0.140104	6.86872e-05
0.140127	6.85737e-05
0.140149	6.88844e-05
0.140172	6.87292e-05
0.140194	6.8725e-05
0.140217	6.86928e-05
0.140239	6.87375e-05
0.140262	6.88541e-05
0.140284	6.88118e-05
0.140307	6.87421e-05
0.140329	6.88312e-05
0.140352	6.88038e-05
0.140374	6.87592e-05
0.140397	6.87704e-05
0.140419	6.86636e-05
0.140442	6.88639e-05
0.140464	6.86632e-05
0.140487	6.88511e-05
0.140509	6.85912e-05
0.140532	6.85805e-05
0.140554	6.85805e-05
0.140577	6.85327e-05
0.140599	6.84704e-05
0.140621	6.85939e-05
0.140644	6.83879e-05
0.140666	6.84581e-05
0.140689	6.8331e-05
0.140711	6.84736e-05
0.140734	6.83805e-05
0.140756	6.83341e-05
0.140779	6.8258e-05
0.140801	6.83777e-05
0.140824	6.82583e-05
0.140846	6.8378e-05
0.140869	6.83015e-05
0.140891	6.8506e-05
0.140914	6.82899e-05
0.140936	6.84069e-05
0.140958	6.82248e-05
0.140981	6.82416e-05
0.141003	6.82224e-05
0.141026	6.82436e-05
0.141048	6.83053e-05
0.141071	6.85876e-05
0.141093	6.81663e-05
0.141116	6.82329e-05
0.141138	6.81207e-05
0.14116	6.82015e-05
0.141183	6.81458e-05
0.141205	6.81395e-05
0.141228	6.81396e-05
0.14125	6.82307e-05
0.141273	6.80637e-05
0.141295	6.81893e-05
0.141317	6.80663e-05
0.14134	6.81147e-05
0.141362	6.81585e-05
0.141385	6.81428e-05
0.141407	6.81525e-05
0.14143	6.80641e-05
0.141452	6.81602e-05
0.141474	6.81745e-05
0.141497	6.80303e-05
0.141519	6.79358e-05
0.141542	6.78753e-05
0.141564	6.78619e-05
0.141586	6.7895e-05
0.141609	6.78467e-05
0.141631	6.79012e-05
0.141654	6.77314e-05
0.141676	6.78913e-05
0.141698	6.80058e-05
0.141721	6.76727e-05
0.141743	6.77357e-05
0.141766	6.76847e-05
0.141788	6.77084e-05
0.14181	6.7787e-05
0.141833	6.77399e-05
0.141855	6.77366e-05
0.141878	6.77614e-05
0.1419	6.77172e-05
0.141922	6.75575e-05
0.141945	6.75478e-05
0.141967	6.75219e-05
0.141989	6.74052e-05
0.142012	6.73298e-05
0.142034	6.73422e-05
0.142057	6.71508e-05
0.142079	6.7167e-05
0.142101	6.69605e-05
0.142124	6.68997e-05
0.142146	6.67952e-05
0.142168	6.68189e-05
0.142191	6.66472e-05
0.142213	6.66679e-05
0.142236	6.65555e-05
0.142258	6.67853e-05
0.14228	6.65282e-05
0.142303	6.6371e-05
0.142325	6.63466e-05
0.142347	6.61526e-05
0.14237	6.61567e-05
0.142392	6.60428e-05
0.142414	6.60566e-05
0.142437	6.59517e-05
0.142459	6.59439e-05
0.142481	0.000126417
0.142504	0.000126702
0.142526	0.000126308
0.142548	0.000126643
0.142571	0.000126353
0.142593	0.000126711
0.142615	0.000126209
0.142638	0.000126423
0.14266	0.0001259
0.142682	0.000126143
0.142705	0.000125636
0.142727	0.000125792
0.142749	0.000125274
0.142772	0.000125551
0.142794	0.000125007
0.142816	0.000125116
0.142839	0.000124756
0.142861	0.000124814
0.142883	0.000124206
0.142906	0.000124504
0.142928	0.000124325
0.14295	0.000124437
0.142973	0.000123535
0.142995	0.000123521
0.143017	0.000123132
0.14304	0.000123078
0.143062	0.000122596
0.143084	0.00012254
0.143106	0.000122183
0.143129	0.000122338
0.143151	0.000121802
0.143173	0.000121923
0.143196	0.00012154
0.143218	0.000121318
0.14324	0.000121092
0.143263	0.000120988
0.143285	0.000120776
0.143307	0.000120683
0.143329	0.000120689
0.143352	0.000120395
0.143374	0.000120783
0.143396	0.00012049
0.143419	0.000120456
0.143441	0.000120133
0.143463	0.000120127
0.143485	0.000119824
0.143508	0.00012025
0.14353	0.000119313
0.143552	0.000119768
0.143575	0.00011916
0.143597	0.000119198
0.143619	0.000118738
0.143641	0.000118909
0.143664	0.000118541
0.143686	0.000118462
0.143708	0.000118315
0.14373	0.000118222
0.143753	0.000117953
0.143775	0.000117887
0.143797	0.000118007
0.14382	0.00011787
0.143842	0.000117523
0.143864	0.000117506
0.143886	0.000117644
0.143909	0.000117049
0.143931	0.000116929
0.143953	0.000116884
0.143975	0.00011669
0.143998	0.000116832
0.14402	0.000116683
0.144042	0.000116426
0.144064	0.000116624
0.144087	0.000116316
0.144109	0.00011614
0.144131	0.000116263
0.144153	0.000116138
0.144176	0.000116849
0.144198	0.000117816
0.14422	0.000116318
0.144242	0.000116192
0.144265	0.000116007
0.144287	0.000115629
0.144309	0.000115404
0.144331	0.000115301
0.144354	0.000115088
0.144376	0.000114841
0.144398	0.000114767
0.14442	0.000114705
0.144443	0.000114565
0.144465	0.000114416
0.144487	0.000114214
0.144509	0.000114128
0.144531	0.000113809
0.144554	0.000113846
0.144576	0.000113545
0.144598	0.000113849
0.14462	0.000113395
0.144643	0.000113482
0.144665	0.000113307
0.144687	0.000113377
0.144709	0.000113208
0.144731	0.000113506
0.144754	0.000113239
0.144776	0.000113322
0.144798	0.000113168
0.14482	0.00011324
0.144843	0.000112916
0.144865	0.000112933
0.144887	0.000112732
0.144909	0.000112708
0.144931	0.000112554
0.144954	0.000112554
0.144976	0.000112271
0.144998	0.000112384
0.14502	0.000112246
0.145042	0.000112428
0.145065	0.00011238
0.145087	0.000112308
0.145109	0.000112588
0.145131	0.000111851
0.145154	0.000111911
0.145176	0.000111765
0.145198	0.000111659
0.14522	0.000111501
0.145242	0.000111278
0.145265	0.000111749
0.145287	0.000110916
0.145309	0.000111931
0.145331	0.000111557
0.145353	0.000111553
0.145376	0.000111595
0.145398	0.000112077
0.14542	0.000111206
0.145442	0.000111483
0.145464	0.000111534
0.145487	0.000111639
0.145509	0.000111299
0.145531	0.000111994
0.145553	0.000112766
0.145575	0.000111992
0.145597	0.000111738
0.14562	0.000111333
0.145642	0.000111213
0.145664	0.000111486
0.145686	0.000111369
0.145708	0.000111399
0.145731	0.000111929
0.145753	0.000112212
0.145775	0.000111847
0.145797	0.00011142
0.145819	0.000111192
0.145842	0.00011128
0.145864	0.000111526
0.145886	0.000111358
0.145908	0.000111557
0.14593	0.000111604
0.145952	0.000111935
0.145975	0.0001125
0.145997	0.000111824
0.146019	0.000112326
0.146041	0.000111669
0.146063	0.000111785
0.146086	0.000111949
0.146108	0.000112182
0.14613	0.000112283
0.146152	0.000112599
0.146174	0.000112445
0.146196	0.000112748
0.146219	0.000112818
0.146241	0.000112867
0.146263	0.00011319
0.146285	0.000113524
0.146307	0.000113512
0.146329	0.00011363
0.146352	0.000113762
0.146374	0.000114097
0.146396	0.000114374
0.146418	0.000114411
0.14644	0.0001145
0.146462	0.000114638
0.146485	0.000114839
0.146507	0.000115114
0.146529	0.000115316
0.146551	0.000115422
0.146573	0.000115876
0.146596	0.000115726
0.146618	0.000115984
0.14664	0.000116202
0.146662	0.000116515
0.146684	0.000116561
0.146706	0.000116623
0.146729	0.000116883
0.146751	0.000116948
0.146773	0.000117486
0.146795	0.000117425
0.146817	0.000117672
0.146839	0.000117704
0.146862	0.000117404
0.146884	0.000117423
0.146906	0.000117585
0.146928	0.000117689
0.14695	0.000117706
0.146972	0.000117894
0.146995	0.000117912
0.147017	0.000118013
0.147039	0.000118462
0.147061	0.000118581
0.147083	0.000118869
0.147105	0.000118709
0.147128	0.00011916
0.14715	0.000119296
0.147172	0.000119601
0.147194	0.000120049
0.147216	0.000120033
0.147238	0.000119748
0.147261	0.000119963
0.147283	0.000120173
0.147305	0.000120298
0.147327	0.00012042
0.147349	0.000120723
0.147371	0.000121714
0.147393	0.000122441
0.147416	0.00012124
0.147438	0.000121433
0.14746	0.000121519
0.147482	0.000121912
0.147504	0.000121816
0.147526	0.000122459
0.147549	0.00012233
0.147571	0.000122774
0.147593	0.000122948
0.147615	0.000123133
0.147637	0.000122881
0.147659	0.000123497
0.147682	0.000123495
0.147704	0.000124021
0.147726	0.000123618
0.147748	0.00012407
0.14777	0.000123804
0.147792	0.000124374
0.147815	0.000124811
0.147837	0.000124609
0.147859	0.000124401
0.147881	0.000124726
0.147903	0.000124756
0.147925	0.00012493
0.147948	0.000124958
0.14797	0.000125655
0.147992	0.000125365
0.148014	0.000125913
0.148036	0.000125506
0.148058	6.73036e-05
0.148081	6.72361e-05
0.148103	6.74737e-05
0.148125	6.74451e-05
0.148147	6.77138e-05
0.148169	6.76294e-05
0.148191	6.7886e-05
0.148214	6.77753e-05
0.148236	6.79942e-05
0.148258	6.79199e-05
0.14828	6.82273e-05
0.148302	6.81982e-05
0.148324	6.84564e-05
0.148347	6.8235e-05
0.148369	6.86117e-05
0.148391	6.84657e-05
0.148413	6.87984e-05
0.148435	6.8633e-05
0.148458	6.90008e-05
0.14848	6.87734e-05
0.148502	6.91278e-05
0.148524	6.89044e-05
0.148546	6.92968e-05
0.148568	6.90683e-05
0.148591	6.94319e-05
0.148613	6.91586e-05
0.148635	6.94668e-05
0.148657	6.9222e-05
0.148679	6.9611e-05
0.148701	6.93541e-05
0.148724	6.98842e-05
0.148746	6.94021e-05
0.148768	6.97562e-05
0.14879	6.95793e-05
0.148812	6.99186e-05
0.148835	6.96308e-05
0.148857	7.00299e-05
0.148879	6.9762e-05
0.148901	7.02059e-05
0.148923	6.99145e-05
0.148945	7.02807e-05
0.148968	7.00686e-05
0.14899	7.04797e-05
0.149012	7.02557e-05
0.149034	7.06991e-05
0.149056	7.03359e-05
0.149079	7.06309e-05
0.149101	7.03749e-05
0.149123	7.08233e-05
0.149145	7.05188e-05
0.149167	7.09303e-05
0.149189	7.0647e-05
0.149212	7.12746e-05
0.149234	7.14669e-05
0.149256	7.11716e-05
0.149278	7.10118e-05
0.1493	7.12297e-05
0.149323	7.11358e-05
0.149345	7.13232e-05
0.149367	7.11239e-05
0.149389	7.1389e-05
0.149411	7.12572e-05
0.149434	7.14533e-05
0.149456	7.13256e-05
0.149478	7.17214e-05
0.1495	7.14136e-05
0.149522	7.16913e-05
0.149545	7.14926e-05
0.149567	7.17219e-05
0.149589	7.15573e-05
0.149611	7.183e-05
0.149633	7.16152e-05
0.149656	7.19088e-05
0.149678	7.17409e-05
0.1497	7.19518e-05
0.149722	7.18405e-05
0.149744	7.20737e-05
0.149767	7.19196e-05
0.149789	7.2172e-05
0.149811	7.19904e-05
0.149833	7.22814e-05
0.149856	7.20722e-05
0.149878	7.24173e-05
0.1499	7.22365e-05
0.149922	7.24652e-05
0.149944	7.23541e-05
0.149967	7.25775e-05
0.149989	7.24457e-05
0.150011	7.26588e-05
