0.100017	3.13798e-05
0.10004	3.15201e-05
0.100063	3.16929e-05
0.100086	3.16978e-05
0.100109	3.1786e-05
0.100132	3.1771e-05
0.100154	3.18786e-05
0.100177	3.18721e-05
0.1002	3.19673e-05
0.100223	3.19438e-05
0.100246	3.20612e-05
0.100269	3.20536e-05
0.100292	3.2145e-05
0.100314	3.21669e-05
0.100337	3.21179e-05
0.10036	3.22238e-05
0.100383	3.23088e-05
0.100406	3.22697e-05
0.100429	3.24037e-05
0.100451	3.24118e-05
0.100474	3.24958e-05
0.100497	3.25091e-05
0.10052	3.26281e-05
0.100543	3.26113e-05
0.100566	3.27146e-05
0.100588	3.27217e-05
0.100611	3.28219e-05
0.100634	3.28275e-05
0.100657	3.29102e-05
0.10068	3.29392e-05
0.100703	3.30421e-05
0.100725	3.30444e-05
0.100748	3.31529e-05
0.100771	3.31408e-05
0.100794	3.32553e-05
0.100817	3.3258e-05
0.10084	3.33274e-05
0.100862	3.33562e-05
0.100885	3.34913e-05
0.100908	3.34997e-05
0.100931	3.36211e-05
0.100954	3.36255e-05
0.100976	3.36466e-05
0.100999	3.37869e-05
0.101022	3.3857e-05
0.101045	3.38712e-05
0.101068	3.40026e-05
0.10109	3.40119e-05
0.101113	3.4074e-05
0.101136	3.40836e-05
0.101159	3.42236e-05
0.101182	3.41792e-05
0.101205	3.44814e-05
0.101227	3.43543e-05
0.10125	3.46273e-05
0.101273	3.45539e-05
0.101296	3.47299e-05
0.101319	3.47507e-05
0.101341	3.48578e-05
0.101364	3.49099e-05
0.101387	3.50233e-05
0.10141	3.50745e-05
0.101432	3.51318e-05
0.101455	3.52149e-05
0.101478	3.5331e-05
0.101501	3.53436e-05
0.101524	3.54927e-05
0.101546	3.55183e-05
0.101569	3.56707e-05
0.101592	3.57314e-05
0.101615	3.58361e-05
0.101638	3.58857e-05
0.10166	3.6015e-05
0.101683	3.60668e-05
0.101706	3.61563e-05
0.101729	3.61531e-05
0.101751	3.63426e-05
0.101774	3.64129e-05
0.101797	3.6532e-05
0.10182	3.65942e-05
0.101843	3.67144e-05
0.101865	3.67991e-05
0.101888	3.68851e-05
0.101911	3.69463e-05
0.101934	3.70428e-05
0.101956	3.71474e-05
0.101979	3.72417e-05
0.102002	3.73587e-05
0.102025	3.74562e-05
0.102047	3.75232e-05
0.10207	3.76489e-05
0.102093	3.7736e-05
0.102116	3.78256e-05
0.102138	3.77966e-05
0.102161	3.8007e-05
0.102184	3.80377e-05
0.102207	3.82181e-05
0.102229	3.83019e-05
0.102252	3.83997e-05
0.102275	3.84815e-05
0.102298	3.86085e-05
0.102321	3.86649e-05
0.102343	3.87903e-05
0.102366	3.88675e-05
0.102389	3.89848e-05
0.102411	3.90858e-05
0.102434	3.91919e-05
0.102457	3.92774e-05
0.10248	3.93838e-05
0.102502	3.94776e-05
0.102525	3.95817e-05
0.102548	3.96318e-05
0.102571	3.97769e-05
0.102593	3.98381e-05
0.102616	3.99791e-05
0.102639	4.00499e-05
0.102662	4.01757e-05
0.102684	4.0253e-05
0.102707	4.03713e-05
0.10273	4.046e-05
0.102753	4.05881e-05
0.102775	4.06366e-05
0.102798	4.07735e-05
0.102821	4.08507e-05
0.102844	4.09658e-05
0.102866	4.1066e-05
0.102889	4.12271e-05
0.102912	4.12463e-05
0.102934	4.15236e-05
0.102957	4.15189e-05
0.10298	4.16601e-05
0.103003	4.18175e-05
0.103025	4.1941e-05
0.103048	4.19735e-05
0.103071	4.2041e-05
0.103093	4.23042e-05
0.103116	4.22746e-05
0.103139	4.24831e-05
0.103162	4.24818e-05
0.103184	4.25164e-05
0.103207	4.26738e-05
0.10323	4.27269e-05
0.103252	4.28532e-05
0.103275	4.24888e-05
0.103298	4.30339e-05
0.103321	4.26789e-05
0.103343	4.32381e-05
0.103366	4.28557e-05
0.103389	4.29752e-05
0.103411	4.3049e-05
0.103434	4.31602e-05
0.103457	4.32381e-05
0.10348	4.37303e-05
0.103502	4.33963e-05
0.103525	4.39761e-05
0.103548	4.35634e-05
0.10357	4.36948e-05
0.103593	4.37563e-05
0.103616	4.38761e-05
0.103638	4.39407e-05
0.103661	4.40473e-05
0.103684	4.4119e-05
0.103707	4.42429e-05
0.103729	4.43026e-05
0.103752	4.44188e-05
0.103775	4.44773e-05
0.103797	4.45871e-05
0.10382	4.46539e-05
0.103843	4.47686e-05
0.103865	4.48276e-05
0.103888	4.49443e-05
0.103911	4.50032e-05
0.103933	4.54627e-05
0.103956	4.51751e-05
0.103979	4.52702e-05
0.104001	4.53292e-05
0.104024	4.54424e-05
0.104047	4.54995e-05
0.10407	4.5597e-05
0.104092	4.56666e-05
0.104115	4.57639e-05
0.104138	4.58349e-05
0.10416	4.59425e-05
0.104183	4.5992e-05
0.104206	4.6103e-05
0.104228	4.61567e-05
0.104251	4.62568e-05
0.104274	4.63236e-05
0.104296	4.64198e-05
0.104319	4.64834e-05
0.104342	4.65911e-05
0.104364	4.66521e-05
0.104387	4.67375e-05
0.10441	4.6924e-05
0.104432	4.70285e-05
0.104455	4.70788e-05
0.104478	4.71724e-05
0.1045	4.72205e-05
0.104523	4.73216e-05
0.104546	4.73812e-05
0.104568	4.74691e-05
0.104591	4.7522e-05
0.104614	4.76015e-05
0.104636	4.76515e-05
0.104659	4.77293e-05
0.104682	4.78162e-05
0.104704	4.78823e-05
0.104727	4.79335e-05
0.10475	4.7992e-05
0.104772	4.81758e-05
0.104795	4.8185e-05
0.104818	4.82446e-05
0.10484	4.83433e-05
0.104863	4.8399e-05
0.104886	4.84691e-05
0.104908	4.85499e-05
0.104931	4.85707e-05
0.104954	4.86781e-05
0.104976	4.87479e-05
0.104999	4.88301e-05
0.105022	4.88754e-05
0.105044	4.89679e-05
0.105067	4.90271e-05
0.105089	4.91127e-05
0.105112	4.91724e-05
0.105135	4.92571e-05
0.105157	4.93109e-05
0.10518	4.93991e-05
0.105203	4.94533e-05
0.105225	4.95388e-05
0.105248	4.95902e-05
0.105271	4.96767e-05
0.105293	4.97334e-05
0.105316	4.98169e-05
0.105339	4.98697e-05
0.105361	4.99626e-05
0.105384	5.00151e-05
0.105407	5.01051e-05
0.105429	5.01557e-05
0.105452	5.02541e-05
0.105474	5.02961e-05
0.105497	5.03868e-05
0.10552	5.04335e-05
0.105542	5.05222e-05
0.105565	5.06448e-05
0.105588	5.07394e-05
0.10561	5.07835e-05
0.105633	5.08758e-05
0.105656	5.09148e-05
0.105678	5.10163e-05
0.105701	5.10367e-05
0.105724	5.11e-05
0.105746	5.11643e-05
0.105769	5.12717e-05
0.105791	5.13147e-05
0.105814	5.14148e-05
0.105837	5.14383e-05
0.105859	5.15455e-05
0.105882	5.15743e-05
0.105905	5.16613e-05
0.105927	5.17028e-05
0.10595	5.18046e-05
0.105972	5.1789e-05
0.105995	5.18842e-05
0.106018	5.1905e-05
0.10604	5.20046e-05
0.106063	5.20686e-05
0.106086	5.21652e-05
0.106108	5.21854e-05
0.106131	5.22925e-05
0.106154	5.23099e-05
0.106176	5.2443e-05
0.106199	5.24614e-05
0.106221	5.25651e-05
0.106244	5.25803e-05
0.106267	5.26719e-05
0.106289	5.26908e-05
0.106312	5.28004e-05
0.106335	5.28264e-05
0.106357	5.29221e-05
0.10638	5.28896e-05
0.106402	5.30514e-05
0.106425	5.30393e-05
0.106448	5.31396e-05
0.10647	5.31507e-05
0.106493	5.32481e-05
0.106516	5.32854e-05
0.106538	5.33744e-05
0.106561	5.33926e-05
0.106583	5.35173e-05
0.106606	5.34992e-05
0.106629	5.36138e-05
0.106651	5.36163e-05
0.106674	5.37026e-05
0.106696	5.36974e-05
0.106719	5.38125e-05
0.106742	5.38038e-05
0.106764	5.39306e-05
0.106787	5.39133e-05
0.10681	5.40072e-05
0.106832	5.40145e-05
0.106855	5.41134e-05
0.106877	5.4101e-05
0.1069	5.42073e-05
0.106923	5.41905e-05
0.106945	5.42959e-05
0.106968	5.42892e-05
0.106991	5.43818e-05
0.107013	5.43834e-05
0.107036	5.44678e-05
0.107058	5.44474e-05
0.107081	5.45654e-05
0.107104	5.45492e-05
0.107126	5.46431e-05
0.107149	5.46505e-05
0.107171	5.47209e-05
0.107194	5.47045e-05
0.107217	5.48212e-05
0.107239	5.47818e-05
0.107262	5.4889e-05
0.107285	5.4871e-05
0.107307	5.49598e-05
0.10733	5.49497e-05
0.107352	5.50265e-05
0.107375	5.50087e-05
0.107398	5.51073e-05
0.10742	5.50835e-05
0.107443	5.51556e-05
0.107465	5.51441e-05
0.107488	5.52097e-05
0.107511	5.518e-05
0.107533	5.52809e-05
0.107556	5.52568e-05
0.107579	5.53552e-05
0.107601	5.53396e-05
0.107624	5.53943e-05
0.107646	5.53969e-05
0.107669	5.54685e-05
0.107692	5.54274e-05
0.107714	5.555e-05
0.107737	5.54819e-05
0.107759	5.55819e-05
0.107782	5.55845e-05
0.107805	5.5614e-05
0.107827	5.56101e-05
0.10785	5.56832e-05
0.107872	5.5655e-05
0.107895	5.57071e-05
0.107918	5.56906e-05
0.10794	5.57466e-05
0.107963	5.57228e-05
0.107986	5.57939e-05
0.108008	5.57406e-05
0.108031	5.58287e-05
0.108053	5.57929e-05
0.108076	5.58363e-05
0.108099	5.58104e-05
0.108121	5.58509e-05
0.108144	5.58187e-05
0.108166	5.58931e-05
0.108189	5.5833e-05
0.108212	5.59413e-05
0.108234	5.58824e-05
0.108257	5.59239e-05
0.108279	5.59111e-05
0.108302	5.5986e-05
0.108325	5.59226e-05
0.108347	5.59932e-05
0.10837	5.59316e-05
0.108393	5.60234e-05
0.108415	5.59577e-05
0.108438	5.60165e-05
0.10846	5.59272e-05
0.108483	5.60485e-05
0.108506	5.59652e-05
0.108528	5.60521e-05
0.108551	5.59746e-05
0.108573	5.605e-05
0.108596	5.59886e-05
0.108619	5.60662e-05
0.108641	5.59726e-05
0.108664	5.6083e-05
0.108687	5.59858e-05
0.108709	5.6063e-05
0.108732	5.59842e-05
0.108754	5.60722e-05
0.108777	5.59784e-05
0.1088	5.60645e-05
0.108822	5.58907e-05
0.108845	5.60579e-05
0.108867	5.591e-05
0.10889	5.6039e-05
0.108913	5.58915e-05
0.108935	5.6042e-05
0.108958	5.58907e-05
0.10898	5.60309e-05
0.109003	5.58733e-05
0.109026	5.60209e-05
0.109048	5.5866e-05
0.109071	5.59923e-05
0.109094	5.58423e-05
0.109116	5.59899e-05
0.109139	5.58295e-05
0.109161	5.5965e-05
0.109184	5.5815e-05
0.109207	5.59462e-05
0.109229	5.58104e-05
0.109252	5.59088e-05
0.109275	5.57373e-05
0.109297	5.5867e-05
0.10932	5.57386e-05
0.109342	5.58643e-05
0.109365	5.57275e-05
0.109388	5.58317e-05
0.10941	5.57082e-05
0.109433	5.58073e-05
0.109455	5.56614e-05
0.109478	5.57878e-05
0.109501	5.56485e-05
0.109523	5.57388e-05
0.109546	5.56022e-05
0.109569	5.57324e-05
0.109591	5.55751e-05
0.109614	5.56856e-05
0.109636	5.55364e-05
0.109659	5.5658e-05
0.109682	5.55181e-05
0.109704	5.56053e-05
0.109727	5.54732e-05
0.10975	5.55894e-05
0.109772	5.54383e-05
0.109795	5.55319e-05
0.109817	5.53864e-05
0.10984	5.54965e-05
0.109863	5.53356e-05
0.109885	5.54182e-05
0.109908	5.52596e-05
0.109931	5.53975e-05
0.109953	5.52529e-05
0.109976	5.53225e-05
0.109998	5.51911e-05
0.110021	5.5286e-05
0.110044	5.51748e-05
0.110066	5.52506e-05
0.110089	5.51169e-05
0.110112	5.52063e-05
0.110134	5.50726e-05
0.110157	5.5147e-05
0.11018	5.50266e-05
0.110202	5.50772e-05
0.110225	5.49446e-05
0.110247	5.50372e-05
0.11027	5.48981e-05
0.110293	5.49853e-05
0.110315	5.48592e-05
0.110338	5.49084e-05
0.110361	5.4808e-05
0.110383	5.48489e-05
0.110406	5.47304e-05
0.110428	5.47821e-05
0.110451	5.46826e-05
0.110474	5.47021e-05
0.110496	5.46274e-05
0.110519	5.46347e-05
0.110542	5.45731e-05
0.110564	5.4572e-05
0.110587	5.44719e-05
0.11061	5.45105e-05
0.110632	5.44262e-05
0.110655	5.4461e-05
0.110678	5.43545e-05
0.1107	5.43804e-05
0.110723	5.43099e-05
0.110745	5.42854e-05
0.110768	5.42406e-05
0.110791	5.42212e-05
0.110813	5.41496e-05
0.110836	5.41539e-05
0.110859	5.41214e-05
0.110881	5.40752e-05
0.110904	5.39861e-05
0.110927	5.39909e-05
0.110949	5.39143e-05
0.110972	5.396e-05
0.110995	5.38438e-05
0.111017	5.37993e-05
0.11104	5.37922e-05
0.111063	5.3708e-05
0.111085	5.36679e-05
0.111108	5.36552e-05
0.11113	5.36253e-05
0.111153	5.36207e-05
0.111176	5.35277e-05
0.111198	5.351e-05
0.111221	5.34391e-05
0.111244	5.34005e-05
0.111266	5.33393e-05
0.111289	5.33058e-05
0.111312	5.32286e-05
0.111334	5.32048e-05
0.111357	5.30368e-05
0.11138	5.3028e-05
0.111402	5.29352e-05
0.111425	5.29125e-05
0.111448	5.2824e-05
0.11147	5.28174e-05
0.111493	5.27e-05
0.111516	5.26758e-05
0.111538	5.26042e-05
0.111561	5.25645e-05
0.111584	5.24599e-05
0.111606	5.2454e-05
0.111629	5.23651e-05
0.111652	5.23311e-05
0.111674	5.22554e-05
0.111697	5.22353e-05
0.11172	5.21047e-05
0.111742	5.20808e-05
0.111765	5.19933e-05
0.111788	5.19907e-05
0.11181	5.18718e-05
0.111833	5.18467e-05
0.111856	5.17467e-05
0.111878	5.17227e-05
0.111901	5.16059e-05
0.111924	5.15737e-05
0.111946	5.14847e-05
0.111969	5.14147e-05
0.111992	5.13175e-05
0.112014	5.12944e-05
0.112037	5.11969e-05
0.11206	5.11473e-05
0.112082	5.10533e-05
0.112105	5.10058e-05
0.112128	5.09065e-05
0.11215	5.08616e-05
0.112173	5.07534e-05
0.112196	5.0705e-05
0.112219	5.06123e-05
0.112241	5.05718e-05
0.112264	5.04623e-05
0.112287	5.04163e-05
0.112309	5.03158e-05
0.112332	5.02612e-05
0.112355	5.0149e-05
0.112377	5.01159e-05
0.1124	4.99995e-05
0.112423	4.99703e-05
0.112445	4.98576e-05
0.112468	4.98154e-05
0.112491	4.96955e-05
0.112513	4.96456e-05
0.112536	4.9535e-05
0.112559	4.94742e-05
0.112582	4.93673e-05
0.112604	4.93082e-05
0.112627	4.91895e-05
0.11265	4.91439e-05
0.112672	4.90165e-05
0.112695	4.89624e-05
0.112718	4.88489e-05
0.11274	4.87827e-05
0.112763	4.86729e-05
0.112786	4.86047e-05
0.112809	4.84927e-05
0.112831	4.84279e-05
0.112854	4.82788e-05
0.112877	4.82152e-05
0.112899	4.81425e-05
0.112922	4.8069e-05
0.112945	4.79599e-05
0.112967	4.78852e-05
0.11299	4.77702e-05
0.113013	4.77002e-05
0.113036	4.75857e-05
0.113058	4.75107e-05
0.113081	4.73955e-05
0.113104	4.73218e-05
0.113126	4.72059e-05
0.113149	4.71265e-05
0.113172	4.7017e-05
0.113195	4.69365e-05
0.113217	4.68134e-05
0.11324	4.67389e-05
0.113263	4.6625e-05
0.113285	4.65467e-05
0.113308	4.64284e-05
0.113331	4.63401e-05
0.113354	4.61967e-05
0.113376	4.61474e-05
0.113399	4.60303e-05
0.113422	4.5943e-05
0.113445	4.58407e-05
0.113467	4.57438e-05
0.11349	4.59312e-05
0.113513	4.59045e-05
0.113535	4.5444e-05
0.113558	4.53607e-05
0.113581	4.52456e-05
0.113604	4.5506e-05
0.113626	4.54087e-05
0.113649	4.52947e-05
0.113672	4.48311e-05
0.113695	4.51294e-05
0.113717	4.5022e-05
0.11374	4.49361e-05
0.113763	4.48179e-05
0.113786	4.4775e-05
0.113808	4.46137e-05
0.113831	4.45664e-05
0.113854	4.44468e-05
0.113876	4.42962e-05
0.113899	4.42239e-05
0.113922	4.41381e-05
0.113945	4.40025e-05
0.113967	4.3923e-05
0.11399	4.38079e-05
0.114013	4.36957e-05
0.114036	4.35689e-05
0.114058	4.34819e-05
0.114081	4.33409e-05
0.114104	4.32532e-05
0.114126	4.31168e-05
0.114149	4.29895e-05
0.114172	4.29474e-05
0.114195	4.2828e-05
0.114217	4.26814e-05
0.11424	4.25825e-05
0.114263	4.24744e-05
0.114286	4.23573e-05
0.114308	4.2224e-05
0.114331	4.21572e-05
0.114354	4.20125e-05
0.114376	4.19307e-05
0.114399	4.18049e-05
0.114422	4.16877e-05
0.114444	4.15814e-05
0.114467	4.14903e-05
0.11449	4.13524e-05
0.114513	4.12714e-05
0.114535	4.11468e-05
0.114558	4.10389e-05
0.114581	4.09192e-05
0.114603	4.08164e-05
0.114626	4.06812e-05
0.114649	4.05875e-05
0.114671	4.05042e-05
0.114694	4.039e-05
0.114717	4.02669e-05
0.11474	4.01699e-05
0.114762	4.00367e-05
0.114785	3.99557e-05
0.114808	3.98304e-05
0.11483	3.97309e-05
0.114853	3.96e-05
0.114876	3.95142e-05
0.114898	3.93761e-05
0.114921	3.92914e-05
0.114944	3.91622e-05
0.114966	3.90719e-05
0.114989	3.89493e-05
0.115012	3.88669e-05
0.115034	3.87263e-05
0.115057	3.867e-05
0.11508	3.84724e-05
0.115102	3.83994e-05
0.115125	3.82938e-05
0.115148	3.81911e-05
0.11517	3.80701e-05
0.115193	3.79729e-05
0.115216	3.78544e-05
0.115238	3.77564e-05
0.115261	3.76499e-05
0.115284	3.75436e-05
0.115306	3.74384e-05
0.115329	3.73571e-05
0.115352	3.72302e-05
0.115374	3.71461e-05
0.115397	3.70091e-05
0.11542	3.69518e-05
0.115442	3.68154e-05
0.115465	3.67722e-05
0.115488	3.66274e-05
0.11551	3.65505e-05
0.115533	3.64184e-05
0.115556	3.6364e-05
0.115578	3.62208e-05
0.115601	3.61637e-05
0.115624	3.60248e-05
0.115646	3.59881e-05
0.115669	3.58244e-05
0.115691	3.57997e-05
0.115714	3.56714e-05
0.115737	3.56058e-05
0.115759	3.54765e-05
0.115782	3.54418e-05
0.115805	3.53043e-05
0.115827	3.53053e-05
0.11585	3.51396e-05
0.115873	3.51087e-05
0.115895	3.49687e-05
0.115918	3.49716e-05
0.11594	3.48404e-05
0.115963	3.48211e-05
0.115986	3.46799e-05
0.116008	3.4688e-05
0.116031	3.45608e-05
0.116054	3.45303e-05
0.116076	3.4422e-05
0.116099	3.44281e-05
0.116121	3.43004e-05
0.116144	3.43098e-05
0.116167	3.42225e-05
0.116189	3.42051e-05
0.116212	3.4128e-05
0.116235	3.41199e-05
0.116257	3.40483e-05
0.11628	3.40515e-05
0.116302	3.39801e-05
0.116325	3.39974e-05
0.116348	3.39309e-05
0.11637	3.39516e-05
0.116393	3.38967e-05
0.116415	3.39097e-05
0.116438	3.38756e-05
0.116461	3.38894e-05
0.116483	3.38839e-05
0.116506	3.39205e-05
0.116528	3.38986e-05
0.116551	3.39452e-05
0.116574	3.39607e-05
0.116596	3.40285e-05
0.116619	3.4077e-05
0.116641	3.41327e-05
0.116664	3.41879e-05
0.116687	3.42625e-05
0.116709	3.43301e-05
0.116732	3.44283e-05
0.116754	3.44997e-05
0.116777	3.45563e-05
0.1168	3.46771e-05
0.116822	3.47739e-05
0.116845	3.486e-05
0.116867	3.49569e-05
0.11689	3.50767e-05
0.116912	3.51736e-05
0.116935	3.5273e-05
0.116958	3.53713e-05
0.11698	3.54885e-05
0.117003	3.56089e-05
0.117025	3.57142e-05
0.117048	3.59116e-05
0.11707	3.5995e-05
0.117093	3.61014e-05
0.117116	3.62269e-05
0.117138	3.63723e-05
0.117161	3.65137e-05
0.117183	3.66569e-05
0.117206	3.68085e-05
0.117228	3.69302e-05
0.117251	3.70829e-05
0.117274	3.72222e-05
0.117296	3.73632e-05
0.117319	3.751e-05
0.117341	3.76684e-05
0.117364	3.78244e-05
0.117386	3.79768e-05
0.117409	3.81373e-05
0.117432	3.82828e-05
0.117454	3.84244e-05
0.117477	3.8604e-05
0.117499	3.87361e-05
0.117522	3.89205e-05
0.117544	3.89894e-05
0.117567	3.9151e-05
0.117589	3.931e-05
0.117612	3.94629e-05
0.117635	3.96023e-05
0.117657	3.97635e-05
0.11768	3.99076e-05
0.117702	4.00258e-05
0.117725	4.01886e-05
0.117747	4.03264e-05
0.11777	4.04798e-05
0.117792	4.0638e-05
0.117815	4.07712e-05
0.117837	4.09422e-05
0.11786	4.10554e-05
0.117883	4.12182e-05
0.117905	4.13528e-05
0.117928	4.15122e-05
0.11795	4.16465e-05
0.117973	4.17989e-05
0.117995	4.19441e-05
0.118018	4.20886e-05
0.11804	4.2222e-05
0.118063	4.23687e-05
0.118085	4.25e-05
0.118108	4.26384e-05
0.11813	4.27815e-05
0.118153	4.29265e-05
0.118175	4.30295e-05
0.118198	4.31838e-05
0.118221	4.32979e-05
0.118243	4.34528e-05
0.118266	4.35921e-05
0.118288	4.37254e-05
0.118311	4.38473e-05
0.118333	4.3984e-05
0.118356	4.41069e-05
0.118378	4.41729e-05
0.118401	4.43574e-05
0.118423	4.44231e-05
0.118446	4.45265e-05
0.118468	4.46613e-05
0.118491	4.47759e-05
0.118513	4.49004e-05
0.118536	4.50033e-05
0.118558	4.51322e-05
0.118581	4.5238e-05
0.118603	4.53669e-05
0.118626	4.54399e-05
0.118648	4.55986e-05
0.118671	4.56734e-05
0.118693	4.58229e-05
0.118716	4.59319e-05
0.118738	4.60455e-05
0.118761	4.6118e-05
0.118783	4.62662e-05
0.118806	4.63344e-05
0.118829	4.64832e-05
0.118851	4.65379e-05
0.118874	4.66605e-05
0.118896	4.67473e-05
0.118919	4.68521e-05
0.118941	4.69411e-05
0.118964	4.7036e-05
0.118986	4.71459e-05
0.119009	4.7224e-05
0.119031	4.73063e-05
0.119054	4.74182e-05
0.119076	4.7478e-05
0.119099	4.75892e-05
0.119121	4.76743e-05
0.119144	4.77595e-05
0.119166	4.78444e-05
0.119189	4.79405e-05
0.119211	4.80095e-05
0.119234	4.8097e-05
0.119256	4.81889e-05
0.119279	4.82447e-05
0.119301	4.83348e-05
0.119324	4.84177e-05
0.119346	4.84842e-05
0.119369	4.857e-05
0.119391	4.86415e-05
0.119414	4.87151e-05
0.119436	4.8813e-05
0.119459	4.88856e-05
0.119481	4.8903e-05
0.119504	4.90198e-05
0.119526	4.90642e-05
0.119548	4.9072e-05
0.119571	4.92103e-05
0.119593	4.92865e-05
0.119616	4.93525e-05
0.119638	4.94149e-05
0.119661	4.94647e-05
0.119683	4.95466e-05
0.119706	4.95906e-05
0.119728	4.96556e-05
0.119751	4.97161e-05
0.119773	4.97592e-05
0.119796	4.98252e-05
0.119818	4.98756e-05
0.119841	4.99409e-05
0.119863	4.99834e-05
0.119886	5.00505e-05
0.119908	5.00869e-05
0.119931	5.01462e-05
0.119953	5.02158e-05
0.119976	5.02273e-05
0.119998	5.02889e-05
0.120021	5.03543e-05
0.120043	5.03015e-05
0.120066	5.04544e-05
0.120088	5.04861e-05
0.120111	5.05049e-05
0.120133	5.05088e-05
0.120156	5.06018e-05
0.120178	5.05634e-05
0.120201	5.06123e-05
0.120223	5.06302e-05
0.120245	5.07612e-05
0.120268	5.08108e-05
0.12029	5.0748e-05
0.120313	5.07749e-05
0.120335	5.0832e-05
0.120358	5.08599e-05
0.12038	5.08683e-05
0.120403	5.10029e-05
0.120425	5.10399e-05
0.120448	5.10487e-05
0.12047	5.11014e-05
0.120493	5.10472e-05
0.120515	5.11355e-05
0.120538	5.11116e-05
0.12056	5.11107e-05
0.120583	5.12383e-05
0.120605	5.12635e-05
0.120628	5.11839e-05
0.12065	5.12836e-05
0.120673	5.1245e-05
0.120695	5.13477e-05
0.120717	5.12721e-05
0.12074	5.13706e-05
0.120762	5.14067e-05
0.120785	5.14006e-05
0.120807	5.13491e-05
0.12083	5.14394e-05
0.120852	5.13691e-05
0.120875	5.14535e-05
0.120897	5.14178e-05
0.12092	5.14539e-05
0.120942	5.14252e-05
0.120965	5.15152e-05
0.120987	5.14202e-05
0.12101	5.15261e-05
0.121032	5.15356e-05
0.121055	5.15209e-05
0.121077	5.15427e-05
0.1211	5.1542e-05
0.121122	5.15359e-05
0.121144	5.15539e-05
0.121167	5.15513e-05
0.121189	5.15298e-05
0.121212	5.15501e-05
0.121234	5.15632e-05
0.121257	5.14984e-05
0.121279	5.15344e-05
0.121302	5.15437e-05
0.121324	5.15151e-05
0.121347	5.15299e-05
0.121369	5.15126e-05
0.121392	5.15043e-05
0.121414	5.15088e-05
0.121437	5.15026e-05
0.121459	5.14804e-05
0.121482	5.14759e-05
0.121504	5.14704e-05
0.121526	5.1454e-05
0.121549	5.145e-05
0.121571	5.14274e-05
0.121594	5.14073e-05
0.121616	5.14031e-05
0.121639	5.13817e-05
0.121661	5.13634e-05
0.121684	5.1351e-05
0.121706	5.13372e-05
0.121729	5.13071e-05
0.121751	5.12975e-05
0.121774	5.12748e-05
0.121796	5.1239e-05
0.121819	5.12446e-05
0.121841	5.1211e-05
0.121864	5.1202e-05
0.121886	5.11588e-05
0.121908	5.11423e-05
0.121931	5.11228e-05
0.121953	5.10816e-05
0.121976	5.10985e-05
0.121998	5.10377e-05
0.122021	5.1032e-05
0.122043	5.09927e-05
0.122066	5.09693e-05
0.122088	5.09371e-05
0.122111	5.09229e-05
0.122133	5.08517e-05
0.122156	5.08781e-05
0.122178	5.08323e-05
0.122201	5.07881e-05
0.122223	5.07753e-05
0.122246	5.07254e-05
0.122268	5.07003e-05
0.122291	5.06898e-05
0.122313	5.06219e-05
0.122335	5.06119e-05
0.122358	5.05819e-05
0.12238	5.05389e-05
0.122403	5.04799e-05
0.122425	5.0476e-05
0.122448	5.04255e-05
0.12247	5.04138e-05
0.122493	5.03522e-05
0.122515	5.03339e-05
0.122538	5.02938e-05
0.12256	5.02573e-05
0.122583	5.02263e-05
0.122605	5.01897e-05
0.122628	5.01458e-05
0.12265	5.01155e-05
0.122673	5.00636e-05
0.122695	5.00399e-05
0.122718	4.99733e-05
0.12274	4.99642e-05
0.122763	4.98934e-05
0.122785	4.98905e-05
0.122808	4.98014e-05
0.12283	4.97865e-05
0.122853	4.97297e-05
0.122875	4.96988e-05
0.122897	4.9637e-05
0.12292	4.96234e-05
0.122942	4.9552e-05
0.122965	4.95378e-05
0.122987	4.94666e-05
0.12301	4.94588e-05
0.123032	4.93849e-05
0.123055	4.935e-05
0.123077	4.92866e-05
0.1231	4.92732e-05
0.123122	4.91937e-05
0.123145	4.91843e-05
0.123167	4.91129e-05
0.12319	4.90913e-05
0.123212	4.90084e-05
0.123235	4.89964e-05
0.123257	4.89146e-05
0.12328	4.89115e-05
0.123302	4.88259e-05
0.123325	4.8808e-05
0.123347	4.87357e-05
0.12337	4.87183e-05
0.123392	4.86282e-05
0.123415	4.86153e-05
0.123437	4.85435e-05
0.12346	4.85269e-05
0.123482	4.84421e-05
0.123505	4.84407e-05
0.123527	4.83538e-05
0.12355	4.83329e-05
0.123572	4.82512e-05
0.123595	4.82392e-05
0.123617	4.81585e-05
0.12364	4.81306e-05
0.123662	4.80617e-05
0.123685	4.80555e-05
0.123707	4.80668e-05
0.12373	4.79539e-05
0.123752	4.78735e-05
0.123775	4.7847e-05
0.123797	4.77953e-05
0.12382	4.77627e-05
0.123842	4.76983e-05
0.123865	4.76745e-05
0.123887	4.7597e-05
0.12391	4.75731e-05
0.123932	4.75116e-05
0.123955	4.74874e-05
0.123977	4.74161e-05
0.124	4.73932e-05
0.124022	4.73199e-05
0.124045	4.72946e-05
0.124067	4.72402e-05
0.12409	4.72102e-05
0.124112	4.71856e-05
0.124135	4.71257e-05
0.124157	4.70924e-05
0.12418	4.70824e-05
0.124202	4.70027e-05
0.124225	4.69907e-05
0.124247	4.69188e-05
0.12427	4.68947e-05
0.124292	4.68195e-05
0.124315	4.67994e-05
0.124338	4.67234e-05
0.12436	4.67114e-05
0.124383	4.66427e-05
0.124405	4.66191e-05
0.124428	4.65464e-05
0.12445	4.65245e-05
0.124473	4.64615e-05
0.124495	4.64348e-05
0.124518	4.63749e-05
0.12454	4.63376e-05
0.124563	4.628e-05
0.124585	4.62541e-05
0.124608	4.61985e-05
0.12463	4.61635e-05
0.124653	4.61041e-05
0.124675	4.60741e-05
0.124698	4.60218e-05
0.12472	4.59854e-05
0.124743	4.59511e-05
0.124766	4.59027e-05
0.124788	4.58724e-05
0.124811	4.58449e-05
0.124833	4.57743e-05
0.124856	4.5748e-05
0.124878	4.56957e-05
0.124901	4.56539e-05
0.124923	4.56087e-05
0.124946	4.55681e-05
0.124968	4.55259e-05
0.124991	4.5487e-05
0.125013	4.54401e-05
0.125036	4.54026e-05
0.125059	4.53584e-05
0.125081	4.532e-05
0.125104	4.52672e-05
0.125126	4.52381e-05
0.125149	4.51819e-05
0.125171	4.51529e-05
0.125194	4.50808e-05
0.125216	4.50586e-05
0.125239	4.50034e-05
0.125261	4.49615e-05
0.125284	4.49284e-05
0.125307	4.48874e-05
0.125329	4.48953e-05
0.125352	4.47963e-05
0.125374	4.4762e-05
0.125397	4.4712e-05
0.125419	4.47644e-05
0.125442	4.46436e-05
0.125464	4.46137e-05
0.125487	4.45767e-05
0.12551	4.45446e-05
0.125532	4.44878e-05
0.125555	4.44678e-05
0.125577	4.44269e-05
0.1256	4.43723e-05
0.125622	4.43458e-05
0.125645	4.43098e-05
0.125668	4.4263e-05
0.12569	4.4236e-05
0.125713	4.4197e-05
0.125735	4.41422e-05
0.125758	4.41181e-05
0.12578	4.40711e-05
0.125803	4.40234e-05
0.125826	4.39967e-05
0.125848	4.39596e-05
0.125871	4.39139e-05
0.125893	4.38881e-05
0.125916	4.38455e-05
0.125938	4.38061e-05
0.125961	4.37725e-05
0.125984	4.37352e-05
0.126006	4.36976e-05
0.126029	4.37244e-05
0.126051	4.36244e-05
0.126074	4.35827e-05
0.126097	4.35386e-05
0.126119	4.35718e-05
0.126142	4.34711e-05
0.126164	4.3481e-05
0.126187	4.33965e-05
0.126209	4.34001e-05
0.126232	4.33157e-05
0.126255	4.33231e-05
0.126277	4.32304e-05
0.1263	4.32488e-05
0.126322	4.3149e-05
0.126345	4.3163e-05
0.126368	4.30754e-05
0.12639	4.30788e-05
0.126413	4.29944e-05
0.126435	4.30062e-05
0.126458	4.29655e-05
0.126481	4.29276e-05
0.126503	4.2835e-05
0.126526	4.28459e-05
0.126548	4.28001e-05
0.126571	4.27612e-05
0.126594	4.27278e-05
0.126616	4.26779e-05
0.126639	4.25853e-05
0.126662	4.25816e-05
0.126684	4.25388e-05
0.126707	4.25012e-05
0.126729	4.2448e-05
0.126752	4.24046e-05
0.126775	4.23588e-05
0.126797	4.23012e-05
0.12682	4.22559e-05
0.126842	4.2197e-05
0.126865	4.2166e-05
0.126888	4.21133e-05
0.12691	4.20715e-05
0.126933	4.20293e-05
0.126956	4.19861e-05
0.126978	4.19349e-05
0.127001	4.18889e-05
0.127023	4.18327e-05
0.127046	4.17774e-05
0.127069	4.17407e-05
0.127091	4.16881e-05
0.127114	4.16401e-05
0.127137	4.15926e-05
0.127159	4.15204e-05
0.127182	4.14793e-05
0.127205	4.14277e-05
0.127227	4.13784e-05
0.12725	4.1321e-05
0.127272	4.12754e-05
0.127295	4.11918e-05
0.127318	4.11532e-05
0.12734	4.10737e-05
0.127363	4.1025e-05
0.127386	4.09549e-05
0.127408	4.08976e-05
0.127431	4.08229e-05
0.127453	4.07713e-05
0.127476	4.07059e-05
0.127499	4.06461e-05
0.127521	4.0579e-05
0.127544	4.05091e-05
0.127567	4.04358e-05
0.127589	4.03741e-05
0.127612	4.03007e-05
0.127634	4.02254e-05
0.127657	4.01781e-05
0.12768	4.00967e-05
0.127702	4.00413e-05
0.127725	3.99638e-05
0.127748	3.99125e-05
0.12777	3.98495e-05
0.127793	3.97742e-05
0.127815	3.9696e-05
0.127838	3.96396e-05
0.127861	3.95605e-05
0.127883	3.95088e-05
0.127906	3.94338e-05
0.127928	3.93673e-05
0.127951	3.92949e-05
0.127974	3.92256e-05
0.127996	3.91572e-05
0.128019	3.90868e-05
0.128041	3.90147e-05
0.128064	3.89195e-05
0.128087	3.88762e-05
0.128109	3.8777e-05
0.128132	3.87288e-05
0.128154	3.86327e-05
0.128177	3.85743e-05
0.128199	3.84766e-05
0.128222	3.84263e-05
0.128245	3.8328e-05
0.128267	3.82787e-05
0.12829	3.81844e-05
0.128312	3.81322e-05
0.128335	3.80299e-05
0.128358	3.79748e-05
0.12838	3.78746e-05
0.128403	3.78231e-05
0.128425	3.77179e-05
0.128448	3.7666e-05
0.12847	3.75615e-05
0.128493	3.75057e-05
0.128516	3.74035e-05
0.128538	3.73458e-05
0.128561	3.72442e-05
0.128583	3.71857e-05
0.128606	3.70811e-05
0.128628	3.70286e-05
0.128651	3.69298e-05
0.128673	3.68627e-05
0.128696	3.67617e-05
0.128719	3.67054e-05
0.128741	3.65981e-05
0.128764	3.65374e-05
0.128786	3.64471e-05
0.128809	3.63793e-05
0.128831	3.62851e-05
0.128854	3.62163e-05
0.128876	3.61228e-05
0.128899	3.60533e-05
0.128921	3.59542e-05
0.128944	3.58815e-05
0.128967	3.57943e-05
0.128989	3.57224e-05
0.129012	3.56235e-05
0.129034	3.5558e-05
0.129057	3.54622e-05
0.129079	3.53913e-05
0.129102	3.5293e-05
0.129124	3.52256e-05
0.129147	3.51301e-05
0.129169	3.50507e-05
0.129192	3.49535e-05
0.129214	3.48829e-05
0.129237	3.47834e-05
0.129259	3.47053e-05
0.129282	3.4604e-05
0.129305	3.45326e-05
0.129327	3.44315e-05
0.12935	3.43581e-05
0.129372	3.42575e-05
0.129395	3.41838e-05
0.129417	3.40894e-05
0.12944	3.40038e-05
0.129462	3.39104e-05
0.129485	3.38333e-05
0.129507	3.37397e-05
0.12953	3.36599e-05
0.129552	3.35642e-05
0.129575	3.35131e-05
0.129597	3.3405e-05
0.12962	3.33505e-05
0.129642	3.32348e-05
0.129665	3.31757e-05
0.129687	3.30305e-05
0.12971	3.30059e-05
0.129732	3.28526e-05
0.129755	3.28313e-05
0.129777	3.27321e-05
0.1298	3.26586e-05
0.129822	3.25616e-05
0.129845	3.24882e-05
0.129867	3.23853e-05
0.12989	3.23167e-05
0.129912	3.22116e-05
0.129935	3.21429e-05
0.129957	3.19723e-05
0.12998	3.19073e-05
0.130002	3.17908e-05
0.130025	3.17292e-05
0.130047	3.16193e-05
0.13007	3.15567e-05
0.130092	3.144e-05
0.130114	3.13815e-05
0.130137	3.1259e-05
0.130159	3.12105e-05
0.130182	3.10852e-05
0.130204	3.10357e-05
0.130227	3.09126e-05
0.130249	3.08621e-05
0.130272	3.07406e-05
0.130294	3.06369e-05
0.130317	3.05008e-05
0.130339	3.04437e-05
0.130362	3.03304e-05
0.130384	3.0265e-05
0.130407	3.01514e-05
0.130429	3.00955e-05
0.130452	2.99797e-05
0.130474	2.99151e-05
0.130496	2.98154e-05
0.130519	2.97503e-05
0.130541	2.96583e-05
0.130564	2.95899e-05
0.130586	2.95041e-05
0.130609	2.94241e-05
0.130631	2.93358e-05
0.130654	2.92724e-05
0.130676	2.91698e-05
0.130699	2.90856e-05
0.130721	2.90063e-05
0.130743	2.89284e-05
0.130766	2.88565e-05
0.130788	2.87768e-05
0.130811	2.86909e-05
0.130833	2.86294e-05
0.130856	2.85431e-05
0.130878	2.84746e-05
0.130901	2.8386e-05
0.130923	2.83414e-05
0.130945	2.82435e-05
0.130968	2.81923e-05
0.13099	2.81074e-05
0.131013	2.80639e-05
0.131035	2.7957e-05
0.131058	2.79243e-05
0.13108	2.78325e-05
0.131103	2.7795e-05
0.131125	2.77027e-05
0.131147	2.76589e-05
0.13117	2.75629e-05
0.131192	2.75459e-05
0.131215	2.74535e-05
0.131237	2.74418e-05
0.13126	2.73467e-05
0.131282	2.73344e-05
0.131304	2.72537e-05
0.131327	2.72316e-05
0.131349	2.71656e-05
0.131372	2.71242e-05
0.131394	2.70626e-05
0.131417	2.70445e-05
0.131439	2.69779e-05
0.131461	2.69739e-05
0.131484	2.69156e-05
0.131506	2.69275e-05
0.131529	2.68615e-05
0.131551	2.6862e-05
0.131573	2.68298e-05
0.131596	2.68241e-05
0.131618	2.67889e-05
0.131641	2.67927e-05
0.131663	2.67441e-05
0.131686	2.67668e-05
0.131708	2.674e-05
0.13173	2.67568e-05
0.131753	2.67059e-05
0.131775	2.67426e-05
0.131798	2.67323e-05
0.13182	2.67643e-05
0.131842	2.67084e-05
0.131865	2.67766e-05
0.131887	2.67443e-05
0.13191	2.67936e-05
0.131932	2.67607e-05
0.131954	2.68107e-05
0.131977	2.67889e-05
0.131999	2.68422e-05
0.132022	2.68255e-05
0.132044	2.68579e-05
0.132067	2.68929e-05
0.132089	2.69364e-05
0.132111	2.69506e-05
0.132134	2.69975e-05
0.132156	2.70039e-05
0.132179	2.70563e-05
0.132201	2.70648e-05
0.132223	2.71148e-05
0.132246	2.71299e-05
0.132268	2.71886e-05
0.132291	2.71968e-05
0.132313	2.72627e-05
0.132335	2.72737e-05
0.132358	2.73535e-05
0.13238	2.73588e-05
0.132402	2.74422e-05
0.132425	2.74509e-05
0.132447	2.75261e-05
0.13247	2.75486e-05
0.132492	2.76144e-05
0.132514	2.76165e-05
0.132537	2.77079e-05
0.132559	2.77035e-05
0.132582	2.77899e-05
0.132604	2.78045e-05
0.132626	2.78876e-05
0.132649	2.79087e-05
0.132671	2.79938e-05
0.132694	2.79729e-05
0.132716	2.80768e-05
0.132738	2.80848e-05
0.132761	2.81934e-05
0.132783	2.81928e-05
0.132805	2.83029e-05
0.132828	2.82912e-05
0.13285	2.84007e-05
0.132873	2.83944e-05
0.132895	2.85024e-05
0.132917	2.84894e-05
0.13294	2.85749e-05
0.132962	2.85818e-05
0.132985	2.86999e-05
0.133007	2.86788e-05
0.133029	2.87614e-05
0.133052	2.87674e-05
0.133074	2.88711e-05
0.133096	2.88583e-05
0.133119	2.89648e-05
0.133141	2.89578e-05
0.133164	2.90457e-05
0.133186	2.90373e-05
0.133208	2.91428e-05
0.133231	2.91294e-05
0.133253	2.92159e-05
0.133275	2.92276e-05
0.133298	2.92851e-05
0.13332	2.93098e-05
0.133343	2.94026e-05
0.133365	2.93924e-05
0.133387	2.94527e-05
0.13341	2.94436e-05
0.133432	2.95201e-05
0.133454	2.95303e-05
0.133477	2.96022e-05
0.133499	2.95966e-05
0.133521	2.96804e-05
0.133544	2.96771e-05
0.133566	2.9741e-05
0.133589	2.97442e-05
0.133611	2.98161e-05
0.133633	2.98167e-05
0.133656	2.98468e-05
0.133678	2.98723e-05
0.1337	2.98989e-05
0.133723	2.9894e-05
0.133745	2.99875e-05
0.133767	2.99574e-05
0.13379	3.00112e-05
0.133812	3.00122e-05
0.133835	3.00609e-05
0.133857	3.00628e-05
0.133879	3.01328e-05
0.133902	3.01178e-05
0.133924	3.01668e-05
0.133946	3.0156e-05
0.133969	3.02097e-05
0.133991	3.02023e-05
0.134013	3.02521e-05
0.134036	3.02427e-05
0.134058	3.02854e-05
0.134081	3.02896e-05
0.134103	3.03213e-05
0.134125	3.03209e-05
0.134148	3.03548e-05
0.13417	3.0355e-05
0.134192	3.03709e-05
0.134215	3.03834e-05
0.134237	3.0403e-05
0.134259	3.04286e-05
0.134282	3.0425e-05
0.134304	3.043e-05
0.134326	3.04448e-05
0.134349	3.04804e-05
0.134371	3.04807e-05
0.134393	3.05005e-05
0.134416	3.05116e-05
0.134438	3.05148e-05
0.134461	3.05232e-05
0.134483	3.05339e-05
0.134505	3.05419e-05
0.134528	3.05428e-05
0.13455	3.05407e-05
0.134572	3.05507e-05
0.134595	3.05581e-05
0.134617	3.05611e-05
0.134639	3.05735e-05
0.134662	3.05773e-05
0.134684	3.05838e-05
0.134706	3.05797e-05
0.134729	3.05877e-05
0.134751	3.05943e-05
0.134773	3.06239e-05
0.134796	3.05959e-05
0.134818	3.06236e-05
0.134841	3.06042e-05
0.134863	3.06229e-05
0.134885	3.06198e-05
0.134908	3.06027e-05
0.13493	3.0614e-05
0.134952	3.06119e-05
0.134975	3.05938e-05
0.134997	3.06561e-05
0.135019	3.05954e-05
0.135042	3.06575e-05
0.135064	3.05821e-05
0.135086	3.06764e-05
0.135109	3.05828e-05
0.135131	3.06335e-05
0.135153	3.05664e-05
0.135176	3.06731e-05
0.135198	3.0576e-05
0.13522	3.06773e-05
0.135243	3.05601e-05
0.135265	3.06711e-05
0.135288	3.05535e-05
0.13531	3.06571e-05
0.135332	3.05373e-05
0.135355	3.06718e-05
0.135377	3.04992e-05
0.135399	3.06424e-05
0.135422	3.05044e-05
0.135444	3.06317e-05
0.135466	3.04934e-05
0.135489	3.06214e-05
0.135511	3.04637e-05
0.135533	3.06108e-05
0.135556	3.04622e-05
0.135578	3.05872e-05
0.1356	3.04464e-05
0.135623	3.05768e-05
0.135645	3.04264e-05
0.135667	3.05549e-05
0.13569	3.04092e-05
0.135712	3.05379e-05
0.135735	3.03931e-05
0.135757	3.05136e-05
0.135779	3.03796e-05
0.135802	3.04857e-05
0.135824	3.036e-05
0.135846	3.04651e-05
0.135869	3.03355e-05
0.135891	3.04537e-05
0.135913	3.0344e-05
0.135936	3.04423e-05
0.135958	3.0315e-05
0.13598	3.03992e-05
0.136003	3.02865e-05
0.136025	3.0383e-05
0.136048	3.02907e-05
0.13607	3.03499e-05
0.136092	3.02657e-05
0.136115	3.03358e-05
0.136137	3.02562e-05
0.136159	3.03155e-05
0.136182	3.02413e-05
0.136204	3.02982e-05
0.136226	3.0216e-05
0.136249	3.02714e-05
0.136271	3.02029e-05
0.136293	3.02684e-05
0.136316	3.01448e-05
0.136338	3.02401e-05
0.136361	3.01304e-05
0.136383	3.02016e-05
0.136405	3.01138e-05
0.136428	3.01802e-05
0.13645	3.01144e-05
0.136472	3.01731e-05
0.136495	3.01096e-05
0.136517	3.01411e-05
0.136539	3.0094e-05
0.136562	3.01307e-05
0.136584	3.00903e-05
0.136607	3.01161e-05
0.136629	3.00744e-05
0.136651	3.00814e-05
0.136674	3.00728e-05
0.136696	3.00624e-05
0.136718	3.00803e-05
0.136741	3.00324e-05
0.136763	3.00938e-05
0.136785	3.00177e-05
0.136808	3.01117e-05
0.13683	2.99634e-05
0.136853	3.0118e-05
0.136875	2.98889e-05
0.136897	3.01547e-05
0.13692	2.98727e-05
0.136942	3.01572e-05
0.136964	2.98914e-05
0.136987	3.01379e-05
0.137009	2.98851e-05
0.137032	3.01198e-05
0.137054	2.98797e-05
0.137076	3.00935e-05
0.137099	2.98199e-05
0.137121	3.00825e-05
0.137143	2.98324e-05
0.137166	3.00512e-05
0.137188	2.98274e-05
0.137211	3.00295e-05
0.137233	2.98204e-05
0.137255	3.00026e-05
0.137278	2.98309e-05
0.1373	2.9982e-05
0.137322	2.98331e-05
0.137345	2.99725e-05
0.137367	2.98168e-05
0.13739	2.99853e-05
0.137412	2.9821e-05
0.137434	2.99561e-05
0.137457	2.98212e-05
0.137479	2.99361e-05
0.137502	2.98305e-05
0.137524	2.99156e-05
0.137546	2.98423e-05
0.137569	2.98903e-05
0.137591	2.98358e-05
0.137613	2.98589e-05
0.137636	2.98255e-05
0.137658	2.98712e-05
0.137681	2.98318e-05
0.137703	2.98504e-05
0.137725	2.98429e-05
0.137748	2.9821e-05
0.13777	2.98295e-05
0.137793	2.98077e-05
0.137815	2.98461e-05
0.137837	2.97927e-05
0.13786	2.98622e-05
0.137882	2.97806e-05
0.137905	2.98687e-05
0.137927	2.97834e-05
0.137949	2.98605e-05
0.137972	2.97849e-05
0.137994	2.98447e-05
0.138017	2.9778e-05
0.138039	2.98313e-05
0.138061	2.97802e-05
0.138084	2.98323e-05
0.138106	2.97844e-05
0.138129	2.98269e-05
0.138151	2.97891e-05
0.138173	2.98154e-05
0.138196	2.97937e-05
0.138218	2.982e-05
0.138241	2.97895e-05
0.138263	2.98175e-05
0.138286	2.97992e-05
0.138308	2.98071e-05
0.13833	2.9799e-05
0.138353	2.98061e-05
0.138375	2.98015e-05
0.138398	2.98206e-05
0.13842	2.98074e-05
0.138442	2.98138e-05
0.138465	2.9807e-05
0.138487	2.98198e-05
0.13851	2.9803e-05
0.138532	2.98193e-05
0.138555	2.98091e-05
0.138577	2.98215e-05
0.138599	2.98195e-05
0.138622	2.98337e-05
0.138644	2.98183e-05
0.138667	2.98466e-05
0.138689	2.98213e-05
0.138712	2.98513e-05
0.138734	2.9827e-05
0.138756	2.98682e-05
0.138779	2.98271e-05
0.138801	2.98822e-05
0.138824	2.98366e-05
0.138846	2.98919e-05
0.138869	2.98435e-05
0.138891	2.99062e-05
0.138913	2.98421e-05
0.138936	2.99242e-05
0.138958	2.98497e-05
0.138981	2.99427e-05
0.139003	2.98537e-05
0.139026	2.99578e-05
0.139048	2.98607e-05
0.139071	2.99629e-05
0.139093	2.98629e-05
0.139115	2.99725e-05
0.139138	2.98841e-05
0.13916	2.99919e-05
0.139183	2.98973e-05
0.139205	3.00051e-05
0.139228	2.99097e-05
0.13925	3.00218e-05
0.139273	2.99011e-05
0.139295	3.00255e-05
0.139318	2.99372e-05
0.13934	3.00348e-05
0.139362	2.99423e-05
0.139385	3.00542e-05
0.139407	2.99587e-05
0.13943	3.0064e-05
0.139452	2.99872e-05
0.139475	3.00832e-05
0.139497	3.00067e-05
0.13952	3.0105e-05
0.139542	3.00302e-05
0.139565	3.01129e-05
0.139587	3.00502e-05
0.13961	3.01385e-05
0.139632	3.00757e-05
0.139655	3.01573e-05
0.139677	3.00946e-05
0.139699	3.01525e-05
0.139722	3.01233e-05
0.139744	3.0181e-05
0.139767	3.01426e-05
0.139789	3.02004e-05
0.139812	3.01611e-05
0.139834	3.02064e-05
0.139857	3.01882e-05
0.139879	3.02335e-05
0.139902	3.02047e-05
0.139924	3.02487e-05
0.139947	3.02285e-05
0.139969	3.02667e-05
0.139992	3.02504e-05
0.140014	3.02837e-05
0.140037	3.02677e-05
0.140059	3.03051e-05
0.140082	3.03012e-05
0.140104	3.03174e-05
0.140127	3.03229e-05
0.140149	3.03497e-05
0.140172	3.0342e-05
0.140194	3.03677e-05
0.140217	3.03691e-05
0.140239	3.03978e-05
0.140262	3.0403e-05
0.140284	3.0421e-05
0.140307	3.04152e-05
0.140329	3.04318e-05
0.140352	3.04351e-05
0.140374	3.04402e-05
0.140397	3.04467e-05
0.140419	3.04423e-05
0.140442	3.0462e-05
0.140464	3.04539e-05
0.140487	3.04775e-05
0.140509	3.04594e-05
0.140532	3.04912e-05
0.140554	3.04774e-05
0.140577	3.05011e-05
0.140599	3.04846e-05
0.140621	3.05207e-05
0.140644	3.04998e-05
0.140666	3.0528e-05
0.140689	3.05097e-05
0.140711	3.0536e-05
0.140734	3.05275e-05
0.140756	3.05516e-05
0.140779	3.05316e-05
0.140801	3.05599e-05
0.140824	3.05456e-05
0.140846	3.05684e-05
0.140869	3.05522e-05
0.140891	3.05723e-05
0.140914	3.05582e-05
0.140936	3.05778e-05
0.140958	3.05655e-05
0.140981	3.05815e-05
0.141003	3.05746e-05
0.141026	3.05838e-05
0.141048	3.05815e-05
0.141071	3.05947e-05
0.141093	3.059e-05
0.141116	3.05936e-05
0.141138	3.05902e-05
0.14116	3.06002e-05
0.141183	3.05976e-05
0.141205	3.06009e-05
0.141228	3.05953e-05
0.14125	3.0599e-05
0.141273	3.05934e-05
0.141295	3.05985e-05
0.141317	3.05877e-05
0.14134	3.05872e-05
0.141362	3.0585e-05
0.141385	3.05717e-05
0.141407	3.05736e-05
0.14143	3.05666e-05
0.141452	3.05555e-05
0.141474	3.05591e-05
0.141497	3.05498e-05
0.141519	3.05397e-05
0.141542	3.05304e-05
0.141564	3.05301e-05
0.141586	3.05157e-05
0.141609	3.05124e-05
0.141631	3.04991e-05
0.141654	3.0493e-05
0.141676	3.04754e-05
0.141698	3.04757e-05
0.141721	3.04501e-05
0.141743	3.04475e-05
0.141766	3.04252e-05
0.141788	3.04166e-05
0.14181	3.04004e-05
0.141833	3.03891e-05
0.141855	3.03657e-05
0.141878	3.03591e-05
0.1419	3.03346e-05
0.141922	3.03248e-05
0.141945	3.03055e-05
0.141967	3.02884e-05
0.141989	3.02686e-05
0.142012	3.02522e-05
0.142034	3.02308e-05
0.142057	3.02112e-05
0.142079	3.01872e-05
0.142101	3.01671e-05
0.142124	3.01387e-05
0.142146	3.01214e-05
0.142168	3.0093e-05
0.142191	3.00653e-05
0.142213	3.00418e-05
0.142236	3.00159e-05
0.142258	2.99969e-05
0.14228	2.99663e-05
0.142303	2.99315e-05
0.142325	2.99058e-05
0.142347	2.98778e-05
0.14237	2.98451e-05
0.142392	2.9818e-05
0.142414	2.97832e-05
0.142437	2.97582e-05
0.142459	2.9712e-05
0.142481	2.97807e-05
0.142504	2.9747e-05
0.142526	2.97044e-05
0.142548	2.96687e-05
0.142571	2.96432e-05
0.142593	2.95913e-05
0.142615	2.95789e-05
0.142638	2.95205e-05
0.14266	2.95041e-05
0.142682	2.94408e-05
0.142705	2.94312e-05
0.142727	2.93718e-05
0.142749	2.9348e-05
0.142772	2.93029e-05
0.142794	2.92777e-05
0.142816	2.92176e-05
0.142839	2.91984e-05
0.142861	2.91455e-05
0.142883	2.91139e-05
0.142906	2.9065e-05
0.142928	2.90271e-05
0.14295	2.89421e-05
0.142973	2.89455e-05
0.142995	2.88798e-05
0.143017	2.8858e-05
0.14304	2.87961e-05
0.143062	2.87573e-05
0.143084	2.87049e-05
0.143106	2.8671e-05
0.143129	2.86238e-05
0.143151	2.85693e-05
0.143173	2.85381e-05
0.143196	2.84806e-05
0.143218	2.84478e-05
0.14324	2.83802e-05
0.143263	2.83572e-05
0.143285	2.82756e-05
0.143307	2.82768e-05
0.143329	2.81905e-05
0.143352	2.81682e-05
0.143374	2.80817e-05
0.143396	2.80898e-05
0.143419	2.79866e-05
0.143441	2.79956e-05
0.143463	2.78906e-05
0.143485	2.78978e-05
0.143508	2.78121e-05
0.14353	2.78016e-05
0.143552	2.76921e-05
0.143575	2.77075e-05
0.143597	2.76072e-05
0.143619	2.7614e-05
0.143641	2.75145e-05
0.143664	2.75165e-05
0.143686	2.7417e-05
0.143708	2.74282e-05
0.14373	2.7329e-05
0.143753	2.73382e-05
0.143775	2.72329e-05
0.143797	2.72547e-05
0.14382	2.71262e-05
0.143842	2.71576e-05
0.143864	2.70333e-05
0.143886	2.707e-05
0.143909	2.69663e-05
0.143931	2.69661e-05
0.143953	2.6876e-05
0.143975	2.68773e-05
0.143998	2.68001e-05
0.14402	2.67778e-05
0.144042	2.67101e-05
0.144064	2.66699e-05
0.144087	2.66293e-05
0.144109	2.65349e-05
0.144131	2.65731e-05
0.144153	2.65033e-05
0.144176	2.65292e-05
0.144198	2.63492e-05
0.14422	2.63948e-05
0.144242	2.62736e-05
0.144265	2.63114e-05
0.144287	2.61797e-05
0.144309	2.62535e-05
0.144331	2.61178e-05
0.144354	2.61891e-05
0.144376	2.60509e-05
0.144398	2.61282e-05
0.14442	2.59748e-05
0.144443	2.60746e-05
0.144465	2.59345e-05
0.144487	2.60197e-05
0.144509	2.58685e-05
0.144531	2.59969e-05
0.144554	2.58139e-05
0.144576	2.59499e-05
0.144598	2.5773e-05
0.14462	2.5926e-05
0.144643	2.57206e-05
0.144665	2.59209e-05
0.144687	2.56605e-05
0.144709	2.58948e-05
0.144731	2.56146e-05
0.144754	2.5899e-05
0.144776	2.55871e-05
0.144798	2.58817e-05
0.14482	2.55524e-05
0.144843	2.58725e-05
0.144865	2.55462e-05
0.144887	2.58857e-05
0.144909	2.55422e-05
0.144931	2.5884e-05
0.144954	2.55234e-05
0.144976	2.58908e-05
0.144998	2.55014e-05
0.14502	2.59163e-05
0.145042	2.5504e-05
0.145065	2.5954e-05
0.145087	2.54928e-05
0.145109	2.59236e-05
0.145131	2.55002e-05
0.145154	2.5946e-05
0.145176	2.55088e-05
0.145198	2.59888e-05
0.14522	2.55174e-05
0.145242	2.59782e-05
0.145265	2.55504e-05
0.145287	2.60164e-05
0.145309	2.55918e-05
0.145331	2.606e-05
0.145353	2.55619e-05
0.145376	2.60839e-05
0.145398	2.56206e-05
0.14542	2.61147e-05
0.145442	2.56349e-05
0.145464	2.6149e-05
0.145487	2.56866e-05
0.145509	2.61821e-05
0.145531	2.57507e-05
0.145553	2.61334e-05
0.145575	2.57226e-05
0.145597	2.62507e-05
0.14562	2.58247e-05
0.145642	2.62897e-05
0.145664	2.58827e-05
0.145686	2.63487e-05
0.145708	2.59627e-05
0.145731	2.6383e-05
0.145753	2.60271e-05
0.145775	2.64581e-05
0.145797	2.61191e-05
0.145819	2.65316e-05
0.145842	2.62013e-05
0.145864	2.6616e-05
0.145886	2.63128e-05
0.145908	2.67137e-05
0.14593	2.63975e-05
0.145952	2.68333e-05
0.145975	2.653e-05
0.145997	2.69561e-05
0.146019	2.66462e-05
0.146041	2.70649e-05
0.146063	2.6779e-05
0.146086	2.71947e-05
0.146108	2.69172e-05
0.14613	2.73191e-05
0.146152	2.70833e-05
0.146174	2.74501e-05
0.146196	2.72252e-05
0.146219	2.75873e-05
0.146241	2.73997e-05
0.146263	2.77256e-05
0.146285	2.75673e-05
0.146307	2.78818e-05
0.146329	2.77536e-05
0.146352	2.80273e-05
0.146374	2.79245e-05
0.146396	2.81808e-05
0.146418	2.81039e-05
0.14644	2.83491e-05
0.146462	2.82727e-05
0.146485	2.8484e-05
0.146507	2.84415e-05
0.146529	2.86521e-05
0.146551	2.85905e-05
0.146573	2.88187e-05
0.146596	2.87687e-05
0.146618	2.89819e-05
0.14664	2.89246e-05
0.146662	2.91362e-05
0.146684	2.90798e-05
0.146706	2.93141e-05
0.146729	2.92654e-05
0.146751	2.94653e-05
0.146773	2.94414e-05
0.146795	2.9604e-05
0.146817	2.95519e-05
0.146839	2.97144e-05
0.146862	2.96509e-05
0.146884	2.98849e-05
0.146906	2.98178e-05
0.146928	3.00338e-05
0.14695	2.9871e-05
0.146972	3.01966e-05
0.146995	3.00252e-05
0.147017	3.03542e-05
0.147039	3.0297e-05
0.147061	3.0416e-05
0.147083	3.03641e-05
0.147105	3.05649e-05
0.147128	3.05179e-05
0.14715	3.0695e-05
0.147172	3.06715e-05
0.147194	3.08581e-05
0.147216	3.08336e-05
0.147238	3.10073e-05
0.147261	3.10048e-05
0.147283	3.11246e-05
0.147305	3.11336e-05
0.147327	3.12576e-05
0.147349	3.12818e-05
0.147371	3.15253e-05
0.147393	3.13659e-05
0.147416	3.15287e-05
0.147438	3.15397e-05
0.14746	3.16688e-05
0.147482	3.16889e-05
0.147504	3.17823e-05
0.147526	3.17966e-05
0.147549	3.19215e-05
0.147571	3.19463e-05
0.147593	3.2042e-05
0.147615	3.20766e-05
0.147637	3.21779e-05
0.147659	3.21906e-05
0.147682	3.23159e-05
0.147704	3.22953e-05
0.147726	3.24283e-05
0.147748	3.24334e-05
0.14777	3.25294e-05
0.147792	3.25389e-05
0.147815	3.26448e-05
0.147837	3.26628e-05
0.147859	3.27696e-05
0.147881	3.27874e-05
0.147903	3.28721e-05
0.147925	3.29032e-05
0.147948	3.29846e-05
0.14797	3.29915e-05
0.147992	3.30828e-05
0.148014	3.31194e-05
0.148036	3.31655e-05
0.148058	3.29923e-05
0.148081	3.30401e-05
0.148103	3.30947e-05
0.148125	3.31582e-05
0.148147	3.32031e-05
0.148169	3.32359e-05
0.148191	3.32992e-05
0.148214	3.3316e-05
0.148236	3.33773e-05
0.148258	3.34255e-05
0.14828	3.35271e-05
0.148302	3.35735e-05
0.148324	3.36174e-05
0.148347	3.36545e-05
0.148369	3.36986e-05
0.148391	3.37427e-05
0.148413	3.37944e-05
0.148435	3.38301e-05
0.148458	3.38707e-05
0.14848	3.39193e-05
0.148502	3.39478e-05
0.148524	3.39992e-05
0.148546	3.40422e-05
0.148568	3.40697e-05
0.148591	3.41129e-05
0.148613	3.4136e-05
0.148635	3.41717e-05
0.148657	3.42095e-05
0.148679	3.42523e-05
0.148701	3.42853e-05
0.148724	3.4321e-05
0.148746	3.436e-05
0.148768	3.44189e-05
0.14879	3.44303e-05
0.148812	3.4479e-05
0.148835	3.44906e-05
0.148857	3.45494e-05
0.148879	3.45643e-05
0.148901	3.46174e-05
0.148923	3.46284e-05
0.148945	3.46684e-05
0.148968	3.46841e-05
0.14899	3.47373e-05
0.149012	3.47531e-05
0.149034	3.47972e-05
0.149056	3.48172e-05
0.149079	3.48659e-05
0.149101	3.48788e-05
0.149123	3.49122e-05
0.149145	3.49497e-05
0.149167	3.49791e-05
0.149189	3.50093e-05
0.149212	3.50103e-05
0.149234	3.51403e-05
0.149256	3.5125e-05
0.149278	3.51616e-05
0.1493	3.51891e-05
0.149323	3.51895e-05
0.149345	3.52194e-05
0.149367	3.52596e-05
0.149389	3.53148e-05
0.149411	3.53203e-05
0.149434	3.53399e-05
0.149456	3.53873e-05
0.149478	3.54031e-05
0.1495	3.54461e-05
0.149522	3.54611e-05
0.149545	3.55056e-05
0.149567	3.55189e-05
0.149589	3.55649e-05
0.149611	3.55967e-05
0.149633	3.56218e-05
0.149656	3.56362e-05
0.149678	3.56773e-05
0.1497	3.56963e-05
0.149722	3.57315e-05
0.149744	3.57479e-05
0.149767	3.57939e-05
0.149789	3.58214e-05
0.149811	3.58519e-05
0.149833	3.58869e-05
0.149856	3.59235e-05
0.149878	3.59532e-05
0.1499	3.5976e-05
0.149922	3.59927e-05
0.149944	3.60411e-05
0.149967	3.60688e-05
0.149989	3.60902e-05
0.150011	3.6134e-05
