0.100017	6
0.10004	6
0.100063	6
0.100086	6
0.100109	6
0.100132	6
0.100154	6
0.100177	6
0.1002	6
0.100223	6
0.100246	6
0.100269	6
0.100292	6
0.100314	6
0.100337	6
0.10036	6
0.100383	6
0.100406	6
0.100429	6
0.100451	6
0.100474	6
0.100497	6
0.10052	6
0.100543	6
0.100566	6
0.100588	6
0.100611	6
0.100634	6
0.100657	6
0.10068	6
0.100703	6
0.100725	6
0.100748	6
0.100771	6
0.100794	6
0.100817	6
0.10084	6
0.100862	6
0.100885	6
0.100908	6
0.100931	6
0.100954	6
0.100976	6
0.100999	6
0.101022	6
0.101045	6
0.101068	6
0.10109	6
0.101113	6
0.101136	6
0.101159	6
0.101182	6
0.101205	6
0.101227	6
0.10125	6
0.101273	6
0.101296	6
0.101319	6
0.101341	6
0.101364	6
0.101387	6
0.10141	6
0.101432	6
0.101455	6
0.101478	6
0.101501	6
0.101524	6
0.101546	6
0.101569	6
0.101592	6
0.101615	6
0.101638	6
0.10166	6
0.101683	6
0.101706	6
0.101729	6
0.101751	6
0.101774	6
0.101797	6
0.10182	6
0.101843	6
0.101865	6
0.101888	6
0.101911	6
0.101934	6
0.101956	6
0.101979	6
0.102002	6
0.102025	6
0.102047	6
0.10207	6
0.102093	6
0.102116	6
0.102138	6
0.102161	6
0.102184	6
0.102207	6
0.102229	6
0.102252	6
0.102275	6
0.102298	6
0.102321	6
0.102343	6
0.102366	6
0.102389	6
0.102411	6
0.102434	6
0.102457	6
0.10248	6
0.102502	6
0.102525	6
0.102548	6
0.102571	6
0.102593	6
0.102616	6
0.102639	6
0.102662	6
0.102684	6
0.102707	6
0.10273	6
0.102753	6
0.102775	6
0.102798	6
0.102821	6
0.102844	6
0.102866	6
0.102889	6
0.102912	6
0.102934	6
0.102957	6
0.10298	6
0.103003	6
0.103025	6
0.103048	6
0.103071	6
0.103093	6
0.103116	6
0.103139	6
0.103162	6
0.103184	6
0.103207	6
0.10323	6
0.103252	6
0.103275	6
0.103298	6
0.103321	6
0.103343	6
0.103366	6
0.103389	6
0.103411	6
0.103434	6
0.103457	6
0.10348	6
0.103502	6
0.103525	6
0.103548	6
0.10357	6
0.103593	6
0.103616	6
0.103638	6
0.103661	6
0.103684	6
0.103707	6
0.103729	6
0.103752	6
0.103775	6
0.103797	6
0.10382	6
0.103843	6
0.103865	6
0.103888	6
0.103911	6
0.103933	6
0.103956	6
0.103979	6
0.104001	6
0.104024	6
0.104047	6
0.10407	6
0.104092	6
0.104115	6
0.104138	6
0.10416	6
0.104183	6
0.104206	6
0.104228	6
0.104251	6
0.104274	6
0.104296	6
0.104319	6
0.104342	6
0.104364	6
0.104387	6
0.10441	6
0.104432	6
0.104455	6
0.104478	6
0.1045	6
0.104523	6
0.104546	6
0.104568	6
0.104591	6
0.104614	6
0.104636	6
0.104659	6
0.104682	6
0.104704	6
0.104727	6
0.10475	6
0.104772	6
0.104795	6
0.104818	6
0.10484	6
0.104863	6
0.104886	6
0.104908	6
0.104931	6
0.104954	6
0.104976	6
0.104999	6
0.105022	6
0.105044	6
0.105067	6
0.105089	6
0.105112	6
0.105135	6
0.105157	6
0.10518	6
0.105203	6
0.105225	6
0.105248	6
0.105271	6
0.105293	6
0.105316	6
0.105339	6
0.105361	6
0.105384	6
0.105407	6
0.105429	6
0.105452	6
0.105474	6
0.105497	6
0.10552	6
0.105542	6
0.105565	6
0.105588	6
0.10561	6
0.105633	6
0.105656	6
0.105678	6
0.105701	6
0.105724	6
0.105746	6
0.105769	6
0.105791	6
0.105814	6
0.105837	6
0.105859	6
0.105882	6
0.105905	6
0.105927	6
0.10595	6
0.105972	6
0.105995	6
0.106018	6
0.10604	6
0.106063	6
0.106086	6
0.106108	6
0.106131	6
0.106154	6
0.106176	6
0.106199	6
0.106221	6
0.106244	6
0.106267	6
0.106289	6
0.106312	6
0.106335	6
0.106357	6
0.10638	6
0.106402	6
0.106425	6
0.106448	6
0.10647	6
0.106493	6
0.106516	6
0.106538	6
0.106561	6
0.106583	6
0.106606	6
0.106629	6
0.106651	6
0.106674	6
0.106696	6
0.106719	6
0.106742	6
0.106764	6
0.106787	6
0.10681	6
0.106832	6
0.106855	6
0.106877	6
0.1069	6
0.106923	6
0.106945	6
0.106968	6
0.106991	6
0.107013	6
0.107036	6
0.107058	6
0.107081	6
0.107104	6
0.107126	6
0.107149	6
0.107171	6
0.107194	6
0.107217	6
0.107239	6
0.107262	6
0.107285	6
0.107307	6
0.10733	6
0.107352	6
0.107375	6
0.107398	6
0.10742	6
0.107443	6
0.107465	6
0.107488	6
0.107511	6
0.107533	6
0.107556	6
0.107579	6
0.107601	6
0.107624	6
0.107646	6
0.107669	6
0.107692	6
0.107714	6
0.107737	6
0.107759	6
0.107782	6
0.107805	6
0.107827	6
0.10785	6
0.107872	6
0.107895	6
0.107918	6
0.10794	6
0.107963	6
0.107986	6
0.108008	6
0.108031	6
0.108053	6
0.108076	6
0.108099	6
0.108121	6
0.108144	6
0.108166	6
0.108189	6
0.108212	6
0.108234	6
0.108257	6
0.108279	6
0.108302	6
0.108325	6
0.108347	6
0.10837	6
0.108393	6
0.108415	6
0.108438	6
0.10846	6
0.108483	6
0.108506	6
0.108528	6
0.108551	6
0.108573	6
0.108596	6
0.108619	6
0.108641	6
0.108664	6
0.108687	6
0.108709	6
0.108732	6
0.108754	6
0.108777	6
0.1088	6
0.108822	6
0.108845	6
0.108867	6
0.10889	6
0.108913	6
0.108935	6
0.108958	6
0.10898	6
0.109003	6
0.109026	6
0.109048	6
0.109071	6
0.109094	6
0.109116	6
0.109139	6
0.109161	6
0.109184	6
0.109207	6
0.109229	6
0.109252	6
0.109275	6
0.109297	6
0.10932	6
0.109342	6
0.109365	6
0.109388	6
0.10941	6
0.109433	6
0.109455	6
0.109478	6
0.109501	6
0.109523	6
0.109546	6
0.109569	6
0.109591	6
0.109614	6
0.109636	6
0.109659	6
0.109682	6
0.109704	6
0.109727	6
0.10975	6
0.109772	6
0.109795	6
0.109817	6
0.10984	6
0.109863	6
0.109885	6
0.109908	6
0.109931	6
0.109953	6
0.109976	6
0.109998	6
0.110021	6
0.110044	6
0.110066	6
0.110089	6
0.110112	6
0.110134	6
0.110157	6
0.11018	6
0.110202	6
0.110225	6
0.110247	6
0.11027	6
0.110293	6
0.110315	6
0.110338	6
0.110361	6
0.110383	6
0.110406	6
0.110428	6
0.110451	6
0.110474	6
0.110496	6
0.110519	6
0.110542	6
0.110564	6
0.110587	6
0.11061	6
0.110632	6
0.110655	6
0.110678	6
0.1107	6
0.110723	6
0.110745	6
0.110768	6
0.110791	6
0.110813	6
0.110836	6
0.110859	6
0.110881	6
0.110904	6
0.110927	6
0.110949	6
0.110972	6
0.110995	6
0.111017	6
0.11104	6
0.111063	6
0.111085	6
0.111108	6
0.11113	6
0.111153	6
0.111176	6
0.111198	6
0.111221	6
0.111244	6
0.111266	6
0.111289	6
0.111312	6
0.111334	6
0.111357	6
0.11138	6
0.111402	6
0.111425	6
0.111448	6
0.11147	6
0.111493	6
0.111516	6
0.111538	6
0.111561	6
0.111584	6
0.111606	6
0.111629	6
0.111652	6
0.111674	6
0.111697	6
0.11172	6
0.111742	6
0.111765	6
0.111788	6
0.11181	6
0.111833	6
0.111856	6
0.111878	6
0.111901	6
0.111924	6
0.111946	6
0.111969	6
0.111992	6
0.112014	6
0.112037	6
0.11206	6
0.112082	6
0.112105	6
0.112128	6
0.11215	6
0.112173	6
0.112196	6
0.112219	6
0.112241	6
0.112264	6
0.112287	6
0.112309	6
0.112332	6
0.112355	6
0.112377	6
0.1124	6
0.112423	6
0.112445	6
0.112468	6
0.112491	6
0.112513	6
0.112536	6
0.112559	6
0.112582	6
0.112604	6
0.112627	6
0.11265	6
0.112672	6
0.112695	6
0.112718	6
0.11274	6
0.112763	6
0.112786	6
0.112809	6
0.112831	6
0.112854	6
0.112877	6
0.112899	6
0.112922	6
0.112945	6
0.112967	6
0.11299	6
0.113013	6
0.113036	6
0.113058	6
0.113081	6
0.113104	6
0.113126	6
0.113149	6
0.113172	6
0.113195	6
0.113217	6
0.11324	6
0.113263	6
0.113285	6
0.113308	6
0.113331	6
0.113354	6
0.113376	6
0.113399	6
0.113422	6
0.113445	6
0.113467	6
0.11349	6
0.113513	6
0.113535	6
0.113558	6
0.113581	6
0.113604	6
0.113626	6
0.113649	6
0.113672	6
0.113695	6
0.113717	6
0.11374	6
0.113763	6
0.113786	6
0.113808	6
0.113831	6
0.113854	6
0.113876	6
0.113899	6
0.113922	6
0.113945	6
0.113967	6
0.11399	6
0.114013	6
0.114036	6
0.114058	6
0.114081	6
0.114104	6
0.114126	6
0.114149	6
0.114172	6
0.114195	6
0.114217	6
0.11424	6
0.114263	6
0.114286	6
0.114308	6
0.114331	6
0.114354	6
0.114376	6
0.114399	6
0.114422	6
0.114444	6
0.114467	6
0.11449	6
0.114513	6
0.114535	6
0.114558	6
0.114581	6
0.114603	6
0.114626	6
0.114649	6
0.114671	6
0.114694	6
0.114717	6
0.11474	6
0.114762	6
0.114785	6
0.114808	6
0.11483	6
0.114853	6
0.114876	6
0.114898	6
0.114921	6
0.114944	6
0.114966	6
0.114989	6
0.115012	6
0.115034	6
0.115057	6
0.11508	6
0.115102	6
0.115125	6
0.115148	6
0.11517	6
0.115193	6
0.115216	6
0.115238	6
0.115261	6
0.115284	6
0.115306	6
0.115329	6
0.115352	6
0.115374	6
0.115397	6
0.11542	6
0.115442	6
0.115465	6
0.115488	6
0.11551	6
0.115533	6
0.115556	6
0.115578	6
0.115601	6
0.115624	6
0.115646	6
0.115669	6
0.115691	6
0.115714	6
0.115737	6
0.115759	6
0.115782	6
0.115805	6
0.115827	6
0.11585	6
0.115873	6
0.115895	6
0.115918	6
0.11594	6
0.115963	6
0.115986	6
0.116008	6
0.116031	6
0.116054	6
0.116076	6
0.116099	6
0.116121	6
0.116144	6
0.116167	6
0.116189	6
0.116212	6
0.116235	6
0.116257	6
0.11628	6
0.116302	6
0.116325	6
0.116348	6
0.11637	6
0.116393	6
0.116415	6
0.116438	6
0.116461	6
0.116483	6
0.116506	6
0.116528	6
0.116551	6
0.116574	6
0.116596	6
0.116619	6
0.116641	6
0.116664	6
0.116687	6
0.116709	6
0.116732	6
0.116754	6
0.116777	6
0.1168	6
0.116822	6
0.116845	6
0.116867	6
0.11689	6
0.116912	6
0.116935	6
0.116958	6
0.11698	6
0.117003	6
0.117025	6
0.117048	6
0.11707	6
0.117093	6
0.117116	6
0.117138	6
0.117161	6
0.117183	6
0.117206	6
0.117228	6
0.117251	6
0.117274	6
0.117296	6
0.117319	6
0.117341	6
0.117364	6
0.117386	6
0.117409	6
0.117432	6
0.117454	6
0.117477	6
0.117499	6
0.117522	6
0.117544	6
0.117567	6
0.117589	6
0.117612	6
0.117635	6
0.117657	6
0.11768	6
0.117702	6
0.117725	6
0.117747	6
0.11777	6
0.117792	6
0.117815	6
0.117837	6
0.11786	6
0.117883	6
0.117905	6
0.117928	6
0.11795	6
0.117973	6
0.117995	6
0.118018	6
0.11804	6
0.118063	6
0.118085	6
0.118108	6
0.11813	6
0.118153	6
0.118175	6
0.118198	6
0.118221	6
0.118243	6
0.118266	6
0.118288	6
0.118311	6
0.118333	6
0.118356	6
0.118378	6
0.118401	6
0.118423	6
0.118446	6
0.118468	6
0.118491	6
0.118513	6
0.118536	6
0.118558	6
0.118581	6
0.118603	6
0.118626	6
0.118648	6
0.118671	6
0.118693	6
0.118716	6
0.118738	6
0.118761	6
0.118783	6
0.118806	6
0.118829	6
0.118851	6
0.118874	6
0.118896	6
0.118919	6
0.118941	6
0.118964	6
0.118986	6
0.119009	6
0.119031	6
0.119054	6
0.119076	6
0.119099	6
0.119121	6
0.119144	6
0.119166	6
0.119189	6
0.119211	6
0.119234	6
0.119256	6
0.119279	6
0.119301	6
0.119324	6
0.119346	6
0.119369	6
0.119391	6
0.119414	6
0.119436	6
0.119459	6
0.119481	6
0.119504	6
0.119526	6
0.119548	6
0.119571	6
0.119593	6
0.119616	6
0.119638	6
0.119661	6
0.119683	6
0.119706	6
0.119728	6
0.119751	6
0.119773	6
0.119796	6
0.119818	6
0.119841	6
0.119863	6
0.119886	6
0.119908	6
0.119931	6
0.119953	6
0.119976	6
0.119998	6
0.120021	6
0.120043	6
0.120066	6
0.120088	6
0.120111	6
0.120133	6
0.120156	6
0.120178	6
0.120201	6
0.120223	6
0.120245	6
0.120268	6
0.12029	6
0.120313	6
0.120335	6
0.120358	6
0.12038	6
0.120403	6
0.120425	6
0.120448	6
0.12047	6
0.120493	6
0.120515	6
0.120538	6
0.12056	6
0.120583	6
0.120605	6
0.120628	6
0.12065	6
0.120673	6
0.120695	6
0.120717	6
0.12074	6
0.120762	6
0.120785	6
0.120807	6
0.12083	6
0.120852	6
0.120875	6
0.120897	6
0.12092	6
0.120942	6
0.120965	6
0.120987	6
0.12101	6
0.121032	6
0.121055	6
0.121077	6
0.1211	6
0.121122	6
0.121144	6
0.121167	6
0.121189	6
0.121212	6
0.121234	6
0.121257	6
0.121279	6
0.121302	6
0.121324	6
0.121347	6
0.121369	6
0.121392	6
0.121414	6
0.121437	6
0.121459	6
0.121482	6
0.121504	6
0.121526	6
0.121549	6
0.121571	6
0.121594	6
0.121616	6
0.121639	6
0.121661	6
0.121684	6
0.121706	6
0.121729	6
0.121751	6
0.121774	6
0.121796	6
0.121819	6
0.121841	6
0.121864	6
0.121886	6
0.121908	6
0.121931	6
0.121953	6
0.121976	6
0.121998	6
0.122021	6
0.122043	6
0.122066	6
0.122088	6
0.122111	6
0.122133	6
0.122156	6
0.122178	6
0.122201	6
0.122223	6
0.122246	6
0.122268	6
0.122291	6
0.122313	6
0.122335	6
0.122358	6
0.12238	6
0.122403	6
0.122425	6
0.122448	6
0.12247	6
0.122493	6
0.122515	6
0.122538	6
0.12256	6
0.122583	6
0.122605	6
0.122628	6
0.12265	6
0.122673	6
0.122695	6
0.122718	6
0.12274	6
0.122763	6
0.122785	6
0.122808	6
0.12283	6
0.122853	6
0.122875	6
0.122897	6
0.12292	6
0.122942	6
0.122965	6
0.122987	6
0.12301	6
0.123032	6
0.123055	6
0.123077	6
0.1231	6
0.123122	6
0.123145	6
0.123167	6
0.12319	6
0.123212	6
0.123235	6
0.123257	6
0.12328	6
0.123302	6
0.123325	6
0.123347	6
0.12337	6
0.123392	6
0.123415	6
0.123437	6
0.12346	6
0.123482	6
0.123505	6
0.123527	6
0.12355	6
0.123572	6
0.123595	6
0.123617	6
0.12364	6
0.123662	6
0.123685	6
0.123707	6
0.12373	6
0.123752	6
0.123775	6
0.123797	6
0.12382	6
0.123842	6
0.123865	6
0.123887	6
0.12391	6
0.123932	6
0.123955	6
0.123977	6
0.124	6
0.124022	6
0.124045	6
0.124067	6
0.12409	6
0.124112	6
0.124135	6
0.124157	6
0.12418	6
0.124202	6
0.124225	6
0.124247	6
0.12427	6
0.124292	6
0.124315	6
0.124338	6
0.12436	6
0.124383	6
0.124405	6
0.124428	6
0.12445	6
0.124473	6
0.124495	6
0.124518	6
0.12454	6
0.124563	6
0.124585	6
0.124608	6
0.12463	6
0.124653	6
0.124675	6
0.124698	6
0.12472	6
0.124743	6
0.124766	6
0.124788	6
0.124811	6
0.124833	6
0.124856	6
0.124878	6
0.124901	6
0.124923	6
0.124946	6
0.124968	6
0.124991	6
0.125013	6
0.125036	6
0.125059	6
0.125081	6
0.125104	6
0.125126	6
0.125149	6
0.125171	6
0.125194	6
0.125216	6
0.125239	6
0.125261	6
0.125284	6
0.125307	6
0.125329	6
0.125352	6
0.125374	6
0.125397	6
0.125419	6
0.125442	6
0.125464	6
0.125487	6
0.12551	6
0.125532	6
0.125555	6
0.125577	6
0.1256	6
0.125622	6
0.125645	6
0.125668	6
0.12569	6
0.125713	6
0.125735	6
0.125758	6
0.12578	6
0.125803	6
0.125826	6
0.125848	6
0.125871	6
0.125893	6
0.125916	6
0.125938	6
0.125961	6
0.125984	6
0.126006	6
0.126029	6
0.126051	6
0.126074	6
0.126097	6
0.126119	6
0.126142	6
0.126164	6
0.126187	6
0.126209	6
0.126232	6
0.126255	6
0.126277	6
0.1263	6
0.126322	6
0.126345	6
0.126368	6
0.12639	6
0.126413	6
0.126435	6
0.126458	6
0.126481	6
0.126503	6
0.126526	6
0.126548	6
0.126571	6
0.126594	6
0.126616	6
0.126639	6
0.126662	6
0.126684	6
0.126707	6
0.126729	6
0.126752	6
0.126775	6
0.126797	6
0.12682	6
0.126842	6
0.126865	6
0.126888	6
0.12691	6
0.126933	6
0.126956	6
0.126978	6
0.127001	6
0.127023	6
0.127046	6
0.127069	6
0.127091	6
0.127114	6
0.127137	6
0.127159	6
0.127182	6
0.127205	6
0.127227	6
0.12725	6
0.127272	6
0.127295	6
0.127318	6
0.12734	6
0.127363	6
0.127386	6
0.127408	6
0.127431	6
0.127453	6
0.127476	6
0.127499	6
0.127521	6
0.127544	6
0.127567	6
0.127589	6
0.127612	6
0.127634	6
0.127657	6
0.12768	6
0.127702	6
0.127725	6
0.127748	6
0.12777	6
0.127793	6
0.127815	6
0.127838	6
0.127861	6
0.127883	6
0.127906	6
0.127928	6
0.127951	6
0.127974	6
0.127996	6
0.128019	6
0.128041	6
0.128064	6
0.128087	6
0.128109	6
0.128132	6
0.128154	6
0.128177	6
0.128199	6
0.128222	6
0.128245	6
0.128267	6
0.12829	6
0.128312	6
0.128335	6
0.128358	6
0.12838	6
0.128403	6
0.128425	6
0.128448	6
0.12847	6
0.128493	6
0.128516	6
0.128538	6
0.128561	6
0.128583	6
0.128606	6
0.128628	6
0.128651	6
0.128673	6
0.128696	6
0.128719	6
0.128741	6
0.128764	6
0.128786	6
0.128809	6
0.128831	6
0.128854	6
0.128876	6
0.128899	6
0.128921	6
0.128944	6
0.128967	6
0.128989	6
0.129012	6
0.129034	6
0.129057	6
0.129079	6
0.129102	6
0.129124	6
0.129147	6
0.129169	6
0.129192	6
0.129214	6
0.129237	6
0.129259	6
0.129282	6
0.129305	6
0.129327	6
0.12935	6
0.129372	6
0.129395	6
0.129417	6
0.12944	6
0.129462	6
0.129485	6
0.129507	6
0.12953	6
0.129552	6
0.129575	6
0.129597	6
0.12962	6
0.129642	6
0.129665	6
0.129687	6
0.12971	6
0.129732	6
0.129755	6
0.129777	6
0.1298	6
0.129822	6
0.129845	6
0.129867	6
0.12989	6
0.129912	6
0.129935	6
0.129957	6
0.12998	6
0.130002	6
0.130025	6
0.130047	6
0.13007	6
0.130092	6
0.130114	6
0.130137	6
0.130159	6
0.130182	6
0.130204	6
0.130227	6
0.130249	6
0.130272	6
0.130294	6
0.130317	6
0.130339	6
0.130362	6
0.130384	6
0.130407	6
0.130429	6
0.130452	6
0.130474	6
0.130496	6
0.130519	6
0.130541	6
0.130564	6
0.130586	6
0.130609	6
0.130631	6
0.130654	6
0.130676	6
0.130699	6
0.130721	6
0.130743	6
0.130766	6
0.130788	6
0.130811	6
0.130833	6
0.130856	6
0.130878	6
0.130901	6
0.130923	6
0.130945	6
0.130968	6
0.13099	6
0.131013	6
0.131035	6
0.131058	6
0.13108	6
0.131103	6
0.131125	6
0.131147	6
0.13117	6
0.131192	6
0.131215	6
0.131237	6
0.13126	6
0.131282	6
0.131304	6
0.131327	6
0.131349	6
0.131372	6
0.131394	6
0.131417	6
0.131439	6
0.131461	6
0.131484	6
0.131506	6
0.131529	6
0.131551	6
0.131573	6
0.131596	6
0.131618	6
0.131641	6
0.131663	6
0.131686	6
0.131708	6
0.13173	6
0.131753	6
0.131775	6
0.131798	6
0.13182	6
0.131842	6
0.131865	6
0.131887	6
0.13191	6
0.131932	6
0.131954	6
0.131977	6
0.131999	6
0.132022	6
0.132044	6
0.132067	6
0.132089	6
0.132111	6
0.132134	6
0.132156	6
0.132179	6
0.132201	6
0.132223	6
0.132246	6
0.132268	6
0.132291	6
0.132313	6
0.132335	6
0.132358	6
0.13238	6
0.132402	6
0.132425	6
0.132447	6
0.13247	6
0.132492	6
0.132514	6
0.132537	6
0.132559	6
0.132582	6
0.132604	6
0.132626	6
0.132649	6
0.132671	6
0.132694	6
0.132716	6
0.132738	6
0.132761	6
0.132783	6
0.132805	6
0.132828	6
0.13285	6
0.132873	6
0.132895	6
0.132917	6
0.13294	6
0.132962	6
0.132985	6
0.133007	6
0.133029	6
0.133052	6
0.133074	6
0.133096	6
0.133119	6
0.133141	6
0.133164	6
0.133186	6
0.133208	6
0.133231	6
0.133253	6
0.133275	6
0.133298	6
0.13332	6
0.133343	6
0.133365	6
0.133387	6
0.13341	6
0.133432	6
0.133454	6
0.133477	6
0.133499	6
0.133521	6
0.133544	6
0.133566	6
0.133589	6
0.133611	6
0.133633	6
0.133656	6
0.133678	6
0.1337	6
0.133723	6
0.133745	6
0.133767	6
0.13379	6
0.133812	6
0.133835	6
0.133857	6
0.133879	6
0.133902	6
0.133924	6
0.133946	6
0.133969	6
0.133991	6
0.134013	6
0.134036	6
0.134058	6
0.134081	6
0.134103	6
0.134125	6
0.134148	6
0.13417	6
0.134192	6
0.134215	6
0.134237	6
0.134259	6
0.134282	6
0.134304	6
0.134326	6
0.134349	6
0.134371	6
0.134393	6
0.134416	6
0.134438	6
0.134461	6
0.134483	6
0.134505	6
0.134528	6
0.13455	6
0.134572	6
0.134595	6
0.134617	6
0.134639	6
0.134662	6
0.134684	6
0.134706	6
0.134729	6
0.134751	6
0.134773	6
0.134796	6
0.134818	6
0.134841	6
0.134863	6
0.134885	6
0.134908	6
0.13493	6
0.134952	6
0.134975	6
0.134997	6
0.135019	6
0.135042	6
0.135064	6
0.135086	6
0.135109	6
0.135131	6
0.135153	6
0.135176	6
0.135198	6
0.13522	6
0.135243	6
0.135265	6
0.135288	6
0.13531	6
0.135332	6
0.135355	6
0.135377	6
0.135399	6
0.135422	6
0.135444	6
0.135466	6
0.135489	6
0.135511	6
0.135533	6
0.135556	6
0.135578	6
0.1356	6
0.135623	6
0.135645	6
0.135667	6
0.13569	6
0.135712	6
0.135735	6
0.135757	6
0.135779	6
0.135802	6
0.135824	6
0.135846	6
0.135869	6
0.135891	6
0.135913	6
0.135936	6
0.135958	6
0.13598	6
0.136003	6
0.136025	6
0.136048	6
0.13607	6
0.136092	6
0.136115	6
0.136137	6
0.136159	6
0.136182	6
0.136204	6
0.136226	6
0.136249	6
0.136271	6
0.136293	6
0.136316	6
0.136338	6
0.136361	6
0.136383	6
0.136405	6
0.136428	6
0.13645	6
0.136472	6
0.136495	6
0.136517	6
0.136539	6
0.136562	6
0.136584	6
0.136607	6
0.136629	6
0.136651	6
0.136674	6
0.136696	6
0.136718	6
0.136741	6
0.136763	6
0.136785	6
0.136808	6
0.13683	6
0.136853	6
0.136875	6
0.136897	6
0.13692	6
0.136942	6
0.136964	6
0.136987	6
0.137009	6
0.137032	6
0.137054	6
0.137076	6
0.137099	6
0.137121	6
0.137143	6
0.137166	6
0.137188	6
0.137211	6
0.137233	6
0.137255	6
0.137278	6
0.1373	6
0.137322	6
0.137345	6
0.137367	6
0.13739	6
0.137412	6
0.137434	6
0.137457	6
0.137479	6
0.137502	6
0.137524	6
0.137546	6
0.137569	6
0.137591	6
0.137613	6
0.137636	6
0.137658	6
0.137681	6
0.137703	6
0.137725	6
0.137748	6
0.13777	6
0.137793	6
0.137815	6
0.137837	6
0.13786	6
0.137882	6
0.137905	6
0.137927	6
0.137949	6
0.137972	6
0.137994	6
0.138017	6
0.138039	6
0.138061	6
0.138084	6
0.138106	6
0.138129	6
0.138151	6
0.138173	6
0.138196	6
0.138218	6
0.138241	6
0.138263	6
0.138286	6
0.138308	6
0.13833	6
0.138353	6
0.138375	6
0.138398	6
0.13842	6
0.138442	6
0.138465	6
0.138487	6
0.13851	6
0.138532	6
0.138555	6
0.138577	6
0.138599	6
0.138622	6
0.138644	6
0.138667	6
0.138689	6
0.138712	6
0.138734	6
0.138756	6
0.138779	6
0.138801	6
0.138824	6
0.138846	6
0.138869	6
0.138891	6
0.138913	6
0.138936	6
0.138958	6
0.138981	6
0.139003	6
0.139026	6
0.139048	6
0.139071	6
0.139093	6
0.139115	6
0.139138	6
0.13916	6
0.139183	6
0.139205	6
0.139228	6
0.13925	6
0.139273	6
0.139295	6
0.139318	6
0.13934	6
0.139362	6
0.139385	6
0.139407	6
0.13943	6
0.139452	6
0.139475	6
0.139497	6
0.13952	6
0.139542	6
0.139565	6
0.139587	6
0.13961	6
0.139632	6
0.139655	6
0.139677	6
0.139699	6
0.139722	6
0.139744	6
0.139767	6
0.139789	6
0.139812	6
0.139834	6
0.139857	6
0.139879	6
0.139902	6
0.139924	6
0.139947	6
0.139969	6
0.139992	6
0.140014	6
0.140037	6
0.140059	6
0.140082	6
0.140104	6
0.140127	6
0.140149	6
0.140172	6
0.140194	6
0.140217	6
0.140239	6
0.140262	6
0.140284	6
0.140307	6
0.140329	6
0.140352	6
0.140374	6
0.140397	6
0.140419	6
0.140442	6
0.140464	6
0.140487	6
0.140509	6
0.140532	6
0.140554	6
0.140577	6
0.140599	6
0.140621	6
0.140644	6
0.140666	6
0.140689	6
0.140711	6
0.140734	6
0.140756	6
0.140779	6
0.140801	6
0.140824	6
0.140846	6
0.140869	6
0.140891	6
0.140914	6
0.140936	6
0.140958	6
0.140981	6
0.141003	6
0.141026	6
0.141048	6
0.141071	6
0.141093	6
0.141116	6
0.141138	6
0.14116	6
0.141183	6
0.141205	6
0.141228	6
0.14125	6
0.141273	6
0.141295	6
0.141317	6
0.14134	6
0.141362	6
0.141385	6
0.141407	6
0.14143	6
0.141452	6
0.141474	6
0.141497	6
0.141519	6
0.141542	6
0.141564	6
0.141586	6
0.141609	6
0.141631	6
0.141654	6
0.141676	6
0.141698	6
0.141721	6
0.141743	6
0.141766	6
0.141788	6
0.14181	6
0.141833	6
0.141855	6
0.141878	6
0.1419	6
0.141922	6
0.141945	6
0.141967	6
0.141989	6
0.142012	6
0.142034	6
0.142057	6
0.142079	6
0.142101	6
0.142124	6
0.142146	6
0.142168	6
0.142191	6
0.142213	6
0.142236	6
0.142258	6
0.14228	6
0.142303	6
0.142325	6
0.142347	6
0.14237	6
0.142392	6
0.142414	6
0.142437	6
0.142459	6
0.142481	6
0.142504	6
0.142526	6
0.142548	6
0.142571	6
0.142593	6
0.142615	6
0.142638	6
0.14266	6
0.142682	6
0.142705	6
0.142727	6
0.142749	6
0.142772	6
0.142794	6
0.142816	6
0.142839	6
0.142861	6
0.142883	6
0.142906	6
0.142928	6
0.14295	6
0.142973	6
0.142995	6
0.143017	6
0.14304	6
0.143062	6
0.143084	6
0.143106	6
0.143129	6
0.143151	6
0.143173	6
0.143196	6
0.143218	6
0.14324	6
0.143263	6
0.143285	6
0.143307	6
0.143329	6
0.143352	6
0.143374	6
0.143396	6
0.143419	6
0.143441	6
0.143463	6
0.143485	6
0.143508	6
0.14353	6
0.143552	6
0.143575	6
0.143597	6
0.143619	6
0.143641	6
0.143664	6
0.143686	6
0.143708	6
0.14373	6
0.143753	6
0.143775	6
0.143797	6
0.14382	6
0.143842	6
0.143864	6
0.143886	6
0.143909	6
0.143931	6
0.143953	6
0.143975	6
0.143998	6
0.14402	6
0.144042	6
0.144064	6
0.144087	6
0.144109	6
0.144131	6
0.144153	6
0.144176	6
0.144198	6
0.14422	6
0.144242	6
0.144265	6
0.144287	6
0.144309	6
0.144331	6
0.144354	6
0.144376	6
0.144398	6
0.14442	6
0.144443	6
0.144465	6
0.144487	6
0.144509	6
0.144531	6
0.144554	6
0.144576	6
0.144598	6
0.14462	6
0.144643	6
0.144665	6
0.144687	6
0.144709	6
0.144731	6
0.144754	6
0.144776	6
0.144798	6
0.14482	6
0.144843	6
0.144865	6
0.144887	6
0.144909	6
0.144931	6
0.144954	6
0.144976	6
0.144998	6
0.14502	6
0.145042	6
0.145065	6
0.145087	6
0.145109	6
0.145131	6
0.145154	6
0.145176	6
0.145198	6
0.14522	6
0.145242	6
0.145265	6
0.145287	6
0.145309	6
0.145331	6
0.145353	6
0.145376	6
0.145398	6
0.14542	6
0.145442	6
0.145464	6
0.145487	6
0.145509	6
0.145531	6
0.145553	6
0.145575	6
0.145597	6
0.14562	6
0.145642	6
0.145664	6
0.145686	6
0.145708	6
0.145731	6
0.145753	6
0.145775	6
0.145797	6
0.145819	6
0.145842	6
0.145864	6
0.145886	6
0.145908	6
0.14593	6
0.145952	6
0.145975	6
0.145997	6
0.146019	6
0.146041	6
0.146063	6
0.146086	6
0.146108	6
0.14613	6
0.146152	6
0.146174	6
0.146196	6
0.146219	6
0.146241	6
0.146263	6
0.146285	6
0.146307	6
0.146329	6
0.146352	6
0.146374	6
0.146396	6
0.146418	6
0.14644	6
0.146462	6
0.146485	6
0.146507	6
0.146529	6
0.146551	6
0.146573	6
0.146596	6
0.146618	6
0.14664	6
0.146662	6
0.146684	6
0.146706	6
0.146729	6
0.146751	6
0.146773	6
0.146795	6
0.146817	6
0.146839	6
0.146862	6
0.146884	6
0.146906	6
0.146928	6
0.14695	6
0.146972	6
0.146995	6
0.147017	6
0.147039	6
0.147061	6
0.147083	6
0.147105	6
0.147128	6
0.14715	6
0.147172	6
0.147194	6
0.147216	6
0.147238	6
0.147261	6
0.147283	6
0.147305	6
0.147327	6
0.147349	6
0.147371	6
0.147393	6
0.147416	6
0.147438	6
0.14746	6
0.147482	6
0.147504	6
0.147526	6
0.147549	6
0.147571	6
0.147593	6
0.147615	6
0.147637	6
0.147659	6
0.147682	6
0.147704	6
0.147726	6
0.147748	6
0.14777	6
0.147792	6
0.147815	6
0.147837	6
0.147859	6
0.147881	6
0.147903	6
0.147925	6
0.147948	6
0.14797	6
0.147992	6
0.148014	6
0.148036	6
0.148058	6
0.148081	6
0.148103	6
0.148125	6
0.148147	6
0.148169	6
0.148191	6
0.148214	6
0.148236	6
0.148258	6
0.14828	6
0.148302	6
0.148324	6
0.148347	6
0.148369	6
0.148391	6
0.148413	6
0.148435	6
0.148458	6
0.14848	6
0.148502	6
0.148524	6
0.148546	6
0.148568	6
0.148591	6
0.148613	6
0.148635	6
0.148657	6
0.148679	6
0.148701	6
0.148724	6
0.148746	6
0.148768	6
0.14879	6
0.148812	6
0.148835	6
0.148857	6
0.148879	6
0.148901	6
0.148923	6
0.148945	6
0.148968	6
0.14899	6
0.149012	6
0.149034	6
0.149056	6
0.149079	6
0.149101	6
0.149123	6
0.149145	6
0.149167	6
0.149189	6
0.149212	6
0.149234	6
0.149256	6
0.149278	6
0.1493	6
0.149323	6
0.149345	6
0.149367	6
0.149389	6
0.149411	6
0.149434	6
0.149456	6
0.149478	6
0.1495	6
0.149522	6
0.149545	6
0.149567	6
0.149589	6
0.149611	6
0.149633	6
0.149656	6
0.149678	6
0.1497	6
0.149722	6
0.149744	6
0.149767	6
0.149789	6
0.149811	6
0.149833	6
0.149856	6
0.149878	6
0.1499	6
0.149922	6
0.149944	6
0.149967	6
0.149989	6
0.150011	6
