0.100017	8
0.10004	8
0.100063	8
0.100086	8
0.100109	8
0.100132	8
0.100154	8
0.100177	8
0.1002	8
0.100223	8
0.100246	8
0.100269	8
0.100292	8
0.100314	8
0.100337	8
0.10036	8
0.100383	8
0.100406	8
0.100429	8
0.100451	8
0.100474	8
0.100497	8
0.10052	8
0.100543	8
0.100566	8
0.100588	8
0.100611	8
0.100634	8
0.100657	8
0.10068	8
0.100703	8
0.100725	8
0.100748	8
0.100771	8
0.100794	8
0.100817	8
0.10084	8
0.100862	8
0.100885	8
0.100908	8
0.100931	8
0.100954	8
0.100976	8
0.100999	8
0.101022	8
0.101045	8
0.101068	8
0.10109	8
0.101113	8
0.101136	8
0.101159	8
0.101182	8
0.101205	8
0.101227	8
0.10125	8
0.101273	8
0.101296	8
0.101319	8
0.101341	8
0.101364	8
0.101387	8
0.10141	8
0.101432	8
0.101455	8
0.101478	8
0.101501	8
0.101524	8
0.101546	8
0.101569	8
0.101592	8
0.101615	8
0.101638	8
0.10166	8
0.101683	8
0.101706	8
0.101729	8
0.101751	8
0.101774	8
0.101797	8
0.10182	8
0.101843	8
0.101865	8
0.101888	8
0.101911	8
0.101934	8
0.101956	8
0.101979	8
0.102002	8
0.102025	8
0.102047	8
0.10207	8
0.102093	8
0.102116	8
0.102138	8
0.102161	8
0.102184	8
0.102207	8
0.102229	8
0.102252	8
0.102275	8
0.102298	8
0.102321	8
0.102343	8
0.102366	8
0.102389	8
0.102411	8
0.102434	8
0.102457	8
0.10248	8
0.102502	8
0.102525	8
0.102548	8
0.102571	8
0.102593	8
0.102616	8
0.102639	8
0.102662	8
0.102684	8
0.102707	8
0.10273	8
0.102753	8
0.102775	8
0.102798	8
0.102821	8
0.102844	8
0.102866	8
0.102889	8
0.102912	8
0.102934	8
0.102957	8
0.10298	8
0.103003	8
0.103025	8
0.103048	8
0.103071	8
0.103093	8
0.103116	8
0.103139	8
0.103162	8
0.103184	8
0.103207	8
0.10323	8
0.103252	8
0.103275	8
0.103298	8
0.103321	8
0.103343	8
0.103366	8
0.103389	8
0.103411	8
0.103434	8
0.103457	8
0.10348	8
0.103502	8
0.103525	8
0.103548	8
0.10357	8
0.103593	8
0.103616	8
0.103638	8
0.103661	8
0.103684	8
0.103707	8
0.103729	8
0.103752	8
0.103775	8
0.103797	8
0.10382	8
0.103843	8
0.103865	8
0.103888	8
0.103911	8
0.103933	8
0.103956	8
0.103979	8
0.104001	8
0.104024	8
0.104047	8
0.10407	8
0.104092	8
0.104115	8
0.104138	8
0.10416	8
0.104183	8
0.104206	8
0.104228	8
0.104251	8
0.104274	8
0.104296	8
0.104319	8
0.104342	8
0.104364	8
0.104387	8
0.10441	9
0.104432	9
0.104455	9
0.104478	9
0.1045	9
0.104523	9
0.104546	9
0.104568	9
0.104591	9
0.104614	9
0.104636	9
0.104659	9
0.104682	9
0.104704	9
0.104727	9
0.10475	9
0.104772	9
0.104795	9
0.104818	9
0.10484	9
0.104863	9
0.104886	9
0.104908	9
0.104931	9
0.104954	9
0.104976	9
0.104999	9
0.105022	9
0.105044	9
0.105067	9
0.105089	9
0.105112	9
0.105135	9
0.105157	9
0.10518	9
0.105203	9
0.105225	9
0.105248	9
0.105271	9
0.105293	9
0.105316	9
0.105339	9
0.105361	9
0.105384	9
0.105407	9
0.105429	9
0.105452	9
0.105474	9
0.105497	9
0.10552	9
0.105542	9
0.105565	9
0.105588	9
0.10561	9
0.105633	9
0.105656	9
0.105678	9
0.105701	9
0.105724	9
0.105746	9
0.105769	9
0.105791	9
0.105814	9
0.105837	9
0.105859	9
0.105882	9
0.105905	9
0.105927	9
0.10595	9
0.105972	9
0.105995	9
0.106018	9
0.10604	9
0.106063	9
0.106086	9
0.106108	9
0.106131	9
0.106154	9
0.106176	9
0.106199	9
0.106221	9
0.106244	9
0.106267	9
0.106289	9
0.106312	9
0.106335	9
0.106357	9
0.10638	9
0.106402	9
0.106425	9
0.106448	9
0.10647	9
0.106493	9
0.106516	9
0.106538	9
0.106561	9
0.106583	9
0.106606	9
0.106629	9
0.106651	9
0.106674	9
0.106696	9
0.106719	9
0.106742	9
0.106764	9
0.106787	9
0.10681	9
0.106832	9
0.106855	9
0.106877	9
0.1069	9
0.106923	9
0.106945	9
0.106968	9
0.106991	9
0.107013	9
0.107036	9
0.107058	9
0.107081	9
0.107104	9
0.107126	9
0.107149	9
0.107171	9
0.107194	9
0.107217	9
0.107239	9
0.107262	9
0.107285	9
0.107307	9
0.10733	9
0.107352	9
0.107375	9
0.107398	9
0.10742	9
0.107443	9
0.107465	9
0.107488	9
0.107511	9
0.107533	9
0.107556	9
0.107579	9
0.107601	9
0.107624	9
0.107646	9
0.107669	9
0.107692	9
0.107714	9
0.107737	9
0.107759	9
0.107782	9
0.107805	9
0.107827	9
0.10785	9
0.107872	9
0.107895	9
0.107918	9
0.10794	9
0.107963	9
0.107986	9
0.108008	9
0.108031	9
0.108053	9
0.108076	9
0.108099	9
0.108121	9
0.108144	9
0.108166	10
0.108189	9
0.108212	10
0.108234	9
0.108257	10
0.108279	9
0.108302	10
0.108325	9
0.108347	10
0.10837	9
0.108393	10
0.108415	9
0.108438	10
0.10846	9
0.108483	10
0.108506	10
0.108528	10
0.108551	10
0.108573	10
0.108596	10
0.108619	10
0.108641	10
0.108664	10
0.108687	10
0.108709	10
0.108732	10
0.108754	10
0.108777	10
0.1088	10
0.108822	10
0.108845	10
0.108867	10
0.10889	10
0.108913	10
0.108935	10
0.108958	10
0.10898	10
0.109003	10
0.109026	10
0.109048	10
0.109071	10
0.109094	10
0.109116	10
0.109139	10
0.109161	10
0.109184	10
0.109207	10
0.109229	10
0.109252	10
0.109275	10
0.109297	10
0.10932	10
0.109342	10
0.109365	10
0.109388	10
0.10941	10
0.109433	10
0.109455	10
0.109478	10
0.109501	10
0.109523	10
0.109546	10
0.109569	10
0.109591	10
0.109614	10
0.109636	10
0.109659	10
0.109682	10
0.109704	10
0.109727	10
0.10975	10
0.109772	10
0.109795	10
0.109817	10
0.10984	10
0.109863	10
0.109885	10
0.109908	10
0.109931	10
0.109953	10
0.109976	10
0.109998	10
0.110021	10
0.110044	10
0.110066	10
0.110089	10
0.110112	10
0.110134	10
0.110157	10
0.11018	10
0.110202	10
0.110225	10
0.110247	10
0.11027	10
0.110293	10
0.110315	10
0.110338	10
0.110361	10
0.110383	10
0.110406	10
0.110428	10
0.110451	10
0.110474	10
0.110496	10
0.110519	10
0.110542	10
0.110564	10
0.110587	10
0.11061	10
0.110632	10
0.110655	10
0.110678	10
0.1107	10
0.110723	10
0.110745	10
0.110768	10
0.110791	10
0.110813	10
0.110836	10
0.110859	9
0.110881	10
0.110904	10
0.110927	10
0.110949	9
0.110972	9
0.110995	9
0.111017	9
0.11104	9
0.111063	9
0.111085	9
0.111108	9
0.11113	9
0.111153	9
0.111176	9
0.111198	9
0.111221	9
0.111244	9
0.111266	9
0.111289	9
0.111312	9
0.111334	9
0.111357	9
0.11138	9
0.111402	9
0.111425	9
0.111448	9
0.11147	9
0.111493	9
0.111516	9
0.111538	9
0.111561	9
0.111584	9
0.111606	9
0.111629	9
0.111652	9
0.111674	9
0.111697	9
0.11172	9
0.111742	9
0.111765	9
0.111788	9
0.11181	9
0.111833	9
0.111856	9
0.111878	9
0.111901	9
0.111924	9
0.111946	9
0.111969	9
0.111992	9
0.112014	9
0.112037	9
0.11206	9
0.112082	9
0.112105	9
0.112128	9
0.11215	9
0.112173	9
0.112196	9
0.112219	9
0.112241	9
0.112264	9
0.112287	9
0.112309	9
0.112332	9
0.112355	9
0.112377	9
0.1124	9
0.112423	9
0.112445	9
0.112468	9
0.112491	9
0.112513	9
0.112536	9
0.112559	9
0.112582	8
0.112604	8
0.112627	8
0.11265	8
0.112672	8
0.112695	8
0.112718	8
0.11274	8
0.112763	8
0.112786	8
0.112809	8
0.112831	8
0.112854	8
0.112877	8
0.112899	8
0.112922	8
0.112945	8
0.112967	8
0.11299	8
0.113013	8
0.113036	8
0.113058	8
0.113081	8
0.113104	8
0.113126	8
0.113149	8
0.113172	8
0.113195	8
0.113217	8
0.11324	8
0.113263	8
0.113285	8
0.113308	8
0.113331	8
0.113354	8
0.113376	8
0.113399	8
0.113422	8
0.113445	8
0.113467	8
0.11349	8
0.113513	8
0.113535	8
0.113558	8
0.113581	8
0.113604	8
0.113626	8
0.113649	8
0.113672	8
0.113695	8
0.113717	8
0.11374	8
0.113763	8
0.113786	8
0.113808	8
0.113831	8
0.113854	8
0.113876	8
0.113899	8
0.113922	8
0.113945	8
0.113967	8
0.11399	8
0.114013	8
0.114036	8
0.114058	8
0.114081	8
0.114104	8
0.114126	8
0.114149	8
0.114172	8
0.114195	8
0.114217	8
0.11424	8
0.114263	8
0.114286	8
0.114308	8
0.114331	8
0.114354	8
0.114376	8
0.114399	8
0.114422	8
0.114444	8
0.114467	8
0.11449	8
0.114513	8
0.114535	8
0.114558	8
0.114581	8
0.114603	8
0.114626	8
0.114649	8
0.114671	8
0.114694	8
0.114717	8
0.11474	8
0.114762	8
0.114785	8
0.114808	8
0.11483	7
0.114853	7
0.114876	7
0.114898	7
0.114921	7
0.114944	7
0.114966	7
0.114989	7
0.115012	7
0.115034	7
0.115057	7
0.11508	7
0.115102	7
0.115125	7
0.115148	7
0.11517	7
0.115193	7
0.115216	7
0.115238	7
0.115261	7
0.115284	7
0.115306	7
0.115329	7
0.115352	7
0.115374	7
0.115397	7
0.11542	7
0.115442	7
0.115465	7
0.115488	7
0.11551	7
0.115533	7
0.115556	7
0.115578	7
0.115601	7
0.115624	7
0.115646	7
0.115669	7
0.115691	7
0.115714	7
0.115737	7
0.115759	7
0.115782	7
0.115805	7
0.115827	7
0.11585	7
0.115873	7
0.115895	7
0.115918	7
0.11594	7
0.115963	7
0.115986	7
0.116008	7
0.116031	7
0.116054	7
0.116076	7
0.116099	7
0.116121	8
0.116144	8
0.116167	8
0.116189	8
0.116212	8
0.116235	8
0.116257	8
0.11628	8
0.116302	8
0.116325	8
0.116348	8
0.11637	8
0.116393	8
0.116415	8
0.116438	8
0.116461	8
0.116483	8
0.116506	8
0.116528	8
0.116551	8
0.116574	8
0.116596	8
0.116619	8
0.116641	8
0.116664	8
0.116687	8
0.116709	8
0.116732	8
0.116754	8
0.116777	8
0.1168	8
0.116822	8
0.116845	8
0.116867	8
0.11689	8
0.116912	8
0.116935	8
0.116958	8
0.11698	8
0.117003	8
0.117025	8
0.117048	8
0.11707	8
0.117093	8
0.117116	8
0.117138	8
0.117161	8
0.117183	8
0.117206	8
0.117228	8
0.117251	8
0.117274	8
0.117296	8
0.117319	8
0.117341	8
0.117364	8
0.117386	8
0.117409	8
0.117432	8
0.117454	8
0.117477	8
0.117499	8
0.117522	8
0.117544	8
0.117567	8
0.117589	8
0.117612	8
0.117635	8
0.117657	8
0.11768	8
0.117702	8
0.117725	8
0.117747	8
0.11777	8
0.117792	8
0.117815	8
0.117837	8
0.11786	8
0.117883	8
0.117905	8
0.117928	8
0.11795	8
0.117973	8
0.117995	8
0.118018	8
0.11804	8
0.118063	8
0.118085	8
0.118108	8
0.11813	8
0.118153	8
0.118175	8
0.118198	8
0.118221	8
0.118243	8
0.118266	8
0.118288	8
0.118311	8
0.118333	8
0.118356	8
0.118378	8
0.118401	8
0.118423	8
0.118446	8
0.118468	8
0.118491	8
0.118513	8
0.118536	8
0.118558	8
0.118581	8
0.118603	8
0.118626	8
0.118648	8
0.118671	9
0.118693	9
0.118716	9
0.118738	9
0.118761	9
0.118783	9
0.118806	9
0.118829	9
0.118851	9
0.118874	9
0.118896	9
0.118919	9
0.118941	9
0.118964	9
0.118986	9
0.119009	9
0.119031	9
0.119054	9
0.119076	9
0.119099	9
0.119121	9
0.119144	9
0.119166	9
0.119189	9
0.119211	9
0.119234	9
0.119256	9
0.119279	9
0.119301	9
0.119324	9
0.119346	9
0.119369	9
0.119391	9
0.119414	9
0.119436	9
0.119459	9
0.119481	9
0.119504	9
0.119526	9
0.119548	9
0.119571	9
0.119593	9
0.119616	9
0.119638	9
0.119661	9
0.119683	9
0.119706	9
0.119728	9
0.119751	9
0.119773	9
0.119796	9
0.119818	9
0.119841	9
0.119863	9
0.119886	9
0.119908	9
0.119931	9
0.119953	9
0.119976	9
0.119998	9
0.120021	9
0.120043	9
0.120066	9
0.120088	9
0.120111	9
0.120133	9
0.120156	9
0.120178	9
0.120201	9
0.120223	9
0.120245	9
0.120268	9
0.12029	9
0.120313	9
0.120335	9
0.120358	9
0.12038	9
0.120403	9
0.120425	9
0.120448	9
0.12047	9
0.120493	9
0.120515	9
0.120538	9
0.12056	9
0.120583	9
0.120605	9
0.120628	9
0.12065	9
0.120673	9
0.120695	9
0.120717	9
0.12074	9
0.120762	9
0.120785	9
0.120807	9
0.12083	9
0.120852	9
0.120875	9
0.120897	9
0.12092	9
0.120942	9
0.120965	9
0.120987	9
0.12101	9
0.121032	9
0.121055	9
0.121077	9
0.1211	9
0.121122	9
0.121144	9
0.121167	9
0.121189	9
0.121212	9
0.121234	9
0.121257	9
0.121279	9
0.121302	9
0.121324	9
0.121347	9
0.121369	9
0.121392	9
0.121414	9
0.121437	9
0.121459	9
0.121482	9
0.121504	9
0.121526	9
0.121549	9
0.121571	9
0.121594	9
0.121616	9
0.121639	9
0.121661	9
0.121684	9
0.121706	9
0.121729	9
0.121751	9
0.121774	9
0.121796	9
0.121819	9
0.121841	9
0.121864	9
0.121886	9
0.121908	9
0.121931	9
0.121953	9
0.121976	9
0.121998	9
0.122021	9
0.122043	9
0.122066	9
0.122088	9
0.122111	9
0.122133	9
0.122156	9
0.122178	9
0.122201	9
0.122223	9
0.122246	9
0.122268	9
0.122291	9
0.122313	9
0.122335	9
0.122358	9
0.12238	9
0.122403	9
0.122425	9
0.122448	9
0.12247	9
0.122493	9
0.122515	9
0.122538	9
0.12256	9
0.122583	9
0.122605	9
0.122628	9
0.12265	9
0.122673	9
0.122695	9
0.122718	9
0.12274	9
0.122763	9
0.122785	9
0.122808	8
0.12283	8
0.122853	8
0.122875	8
0.122897	8
0.12292	8
0.122942	8
0.122965	8
0.122987	8
0.12301	8
0.123032	8
0.123055	8
0.123077	8
0.1231	8
0.123122	8
0.123145	8
0.123167	8
0.12319	8
0.123212	8
0.123235	8
0.123257	8
0.12328	8
0.123302	8
0.123325	8
0.123347	8
0.12337	8
0.123392	8
0.123415	8
0.123437	8
0.12346	8
0.123482	8
0.123505	8
0.123527	8
0.12355	8
0.123572	8
0.123595	8
0.123617	8
0.12364	8
0.123662	8
0.123685	8
0.123707	8
0.12373	8
0.123752	8
0.123775	8
0.123797	8
0.12382	8
0.123842	8
0.123865	8
0.123887	8
0.12391	8
0.123932	8
0.123955	8
0.123977	8
0.124	8
0.124022	8
0.124045	8
0.124067	8
0.12409	8
0.124112	8
0.124135	8
0.124157	8
0.12418	8
0.124202	8
0.124225	8
0.124247	8
0.12427	8
0.124292	8
0.124315	8
0.124338	8
0.12436	8
0.124383	8
0.124405	8
0.124428	9
0.12445	9
0.124473	9
0.124495	9
0.124518	9
0.12454	9
0.124563	9
0.124585	9
0.124608	9
0.12463	9
0.124653	9
0.124675	9
0.124698	9
0.12472	9
0.124743	9
0.124766	9
0.124788	9
0.124811	9
0.124833	9
0.124856	9
0.124878	9
0.124901	9
0.124923	9
0.124946	9
0.124968	9
0.124991	9
0.125013	9
0.125036	9
0.125059	9
0.125081	9
0.125104	9
0.125126	9
0.125149	9
0.125171	9
0.125194	9
0.125216	9
0.125239	9
0.125261	9
0.125284	9
0.125307	9
0.125329	9
0.125352	9
0.125374	9
0.125397	9
0.125419	9
0.125442	9
0.125464	9
0.125487	9
0.12551	9
0.125532	9
0.125555	9
0.125577	9
0.1256	9
0.125622	9
0.125645	9
0.125668	9
0.12569	9
0.125713	9
0.125735	9
0.125758	9
0.12578	9
0.125803	9
0.125826	9
0.125848	9
0.125871	9
0.125893	9
0.125916	9
0.125938	9
0.125961	9
0.125984	9
0.126006	9
0.126029	9
0.126051	9
0.126074	9
0.126097	9
0.126119	9
0.126142	9
0.126164	9
0.126187	9
0.126209	9
0.126232	9
0.126255	9
0.126277	9
0.1263	9
0.126322	9
0.126345	9
0.126368	9
0.12639	9
0.126413	9
0.126435	9
0.126458	9
0.126481	9
0.126503	9
0.126526	9
0.126548	9
0.126571	9
0.126594	9
0.126616	9
0.126639	9
0.126662	9
0.126684	9
0.126707	9
0.126729	9
0.126752	9
0.126775	9
0.126797	9
0.12682	9
0.126842	9
0.126865	9
0.126888	9
0.12691	9
0.126933	9
0.126956	9
0.126978	9
0.127001	9
0.127023	9
0.127046	9
0.127069	9
0.127091	9
0.127114	9
0.127137	9
0.127159	9
0.127182	9
0.127205	9
0.127227	9
0.12725	9
0.127272	9
0.127295	9
0.127318	9
0.12734	9
0.127363	9
0.127386	9
0.127408	9
0.127431	9
0.127453	9
0.127476	9
0.127499	9
0.127521	9
0.127544	9
0.127567	9
0.127589	9
0.127612	9
0.127634	9
0.127657	9
0.12768	9
0.127702	9
0.127725	9
0.127748	9
0.12777	9
0.127793	9
0.127815	9
0.127838	9
0.127861	9
0.127883	9
0.127906	9
0.127928	9
0.127951	9
0.127974	9
0.127996	9
0.128019	9
0.128041	9
0.128064	9
0.128087	9
0.128109	9
0.128132	9
0.128154	9
0.128177	9
0.128199	9
0.128222	9
0.128245	9
0.128267	9
0.12829	9
0.128312	9
0.128335	9
0.128358	9
0.12838	9
0.128403	9
0.128425	9
0.128448	9
0.12847	9
0.128493	9
0.128516	9
0.128538	9
0.128561	9
0.128583	9
0.128606	9
0.128628	9
0.128651	9
0.128673	9
0.128696	9
0.128719	9
0.128741	9
0.128764	9
0.128786	9
0.128809	9
0.128831	9
0.128854	9
0.128876	9
0.128899	9
0.128921	9
0.128944	9
0.128967	9
0.128989	9
0.129012	9
0.129034	9
0.129057	9
0.129079	9
0.129102	9
0.129124	9
0.129147	9
0.129169	9
0.129192	9
0.129214	9
0.129237	9
0.129259	9
0.129282	9
0.129305	9
0.129327	9
0.12935	9
0.129372	9
0.129395	9
0.129417	8
0.12944	8
0.129462	8
0.129485	8
0.129507	8
0.12953	8
0.129552	8
0.129575	8
0.129597	8
0.12962	8
0.129642	8
0.129665	8
0.129687	8
0.12971	8
0.129732	8
0.129755	8
0.129777	8
0.1298	8
0.129822	8
0.129845	8
0.129867	8
0.12989	8
0.129912	8
0.129935	8
0.129957	8
0.12998	8
0.130002	8
0.130025	8
0.130047	8
0.13007	8
0.130092	8
0.130114	8
0.130137	8
0.130159	8
0.130182	8
0.130204	8
0.130227	8
0.130249	8
0.130272	8
0.130294	8
0.130317	8
0.130339	8
0.130362	8
0.130384	8
0.130407	8
0.130429	8
0.130452	8
0.130474	8
0.130496	8
0.130519	8
0.130541	8
0.130564	8
0.130586	8
0.130609	8
0.130631	8
0.130654	8
0.130676	7
0.130699	7
0.130721	7
0.130743	7
0.130766	7
0.130788	7
0.130811	7
0.130833	7
0.130856	7
0.130878	7
0.130901	7
0.130923	7
0.130945	7
0.130968	7
0.13099	7
0.131013	7
0.131035	7
0.131058	7
0.13108	7
0.131103	7
0.131125	7
0.131147	7
0.13117	7
0.131192	7
0.131215	7
0.131237	7
0.13126	7
0.131282	7
0.131304	7
0.131327	7
0.131349	7
0.131372	7
0.131394	7
0.131417	7
0.131439	7
0.131461	7
0.131484	7
0.131506	7
0.131529	7
0.131551	7
0.131573	7
0.131596	7
0.131618	7
0.131641	7
0.131663	7
0.131686	7
0.131708	7
0.13173	7
0.131753	7
0.131775	7
0.131798	7
0.13182	7
0.131842	7
0.131865	7
0.131887	7
0.13191	7
0.131932	7
0.131954	7
0.131977	7
0.131999	7
0.132022	7
0.132044	7
0.132067	7
0.132089	7
0.132111	7
0.132134	7
0.132156	7
0.132179	7
0.132201	7
0.132223	7
0.132246	7
0.132268	7
0.132291	7
0.132313	7
0.132335	7
0.132358	7
0.13238	7
0.132402	7
0.132425	7
0.132447	7
0.13247	7
0.132492	7
0.132514	7
0.132537	7
0.132559	7
0.132582	7
0.132604	7
0.132626	7
0.132649	7
0.132671	7
0.132694	7
0.132716	7
0.132738	7
0.132761	7
0.132783	7
0.132805	7
0.132828	7
0.13285	7
0.132873	7
0.132895	7
0.132917	7
0.13294	7
0.132962	7
0.132985	7
0.133007	7
0.133029	7
0.133052	7
0.133074	7
0.133096	7
0.133119	7
0.133141	7
0.133164	7
0.133186	7
0.133208	7
0.133231	8
0.133253	8
0.133275	8
0.133298	8
0.13332	8
0.133343	8
0.133365	8
0.133387	8
0.13341	8
0.133432	8
0.133454	8
0.133477	8
0.133499	8
0.133521	8
0.133544	8
0.133566	8
0.133589	8
0.133611	8
0.133633	8
0.133656	8
0.133678	8
0.1337	8
0.133723	8
0.133745	8
0.133767	8
0.13379	8
0.133812	8
0.133835	8
0.133857	8
0.133879	8
0.133902	8
0.133924	8
0.133946	8
0.133969	8
0.133991	8
0.134013	8
0.134036	8
0.134058	8
0.134081	8
0.134103	8
0.134125	8
0.134148	8
0.13417	8
0.134192	8
0.134215	8
0.134237	8
0.134259	8
0.134282	8
0.134304	8
0.134326	8
0.134349	8
0.134371	8
0.134393	8
0.134416	8
0.134438	8
0.134461	8
0.134483	8
0.134505	8
0.134528	8
0.13455	8
0.134572	8
0.134595	8
0.134617	8
0.134639	8
0.134662	8
0.134684	8
0.134706	8
0.134729	8
0.134751	8
0.134773	8
0.134796	8
0.134818	8
0.134841	8
0.134863	8
0.134885	8
0.134908	8
0.13493	8
0.134952	8
0.134975	8
0.134997	8
0.135019	8
0.135042	8
0.135064	8
0.135086	8
0.135109	8
0.135131	8
0.135153	8
0.135176	8
0.135198	8
0.13522	8
0.135243	8
0.135265	8
0.135288	8
0.13531	8
0.135332	8
0.135355	8
0.135377	8
0.135399	8
0.135422	8
0.135444	8
0.135466	8
0.135489	8
0.135511	8
0.135533	8
0.135556	8
0.135578	8
0.1356	8
0.135623	8
0.135645	8
0.135667	8
0.13569	8
0.135712	8
0.135735	8
0.135757	8
0.135779	8
0.135802	8
0.135824	8
0.135846	8
0.135869	8
0.135891	8
0.135913	8
0.135936	8
0.135958	8
0.13598	8
0.136003	8
0.136025	8
0.136048	8
0.13607	8
0.136092	8
0.136115	8
0.136137	8
0.136159	8
0.136182	8
0.136204	8
0.136226	8
0.136249	8
0.136271	8
0.136293	8
0.136316	8
0.136338	8
0.136361	8
0.136383	8
0.136405	8
0.136428	8
0.13645	8
0.136472	8
0.136495	8
0.136517	8
0.136539	8
0.136562	8
0.136584	8
0.136607	8
0.136629	8
0.136651	8
0.136674	8
0.136696	8
0.136718	8
0.136741	8
0.136763	8
0.136785	8
0.136808	8
0.13683	8
0.136853	8
0.136875	8
0.136897	8
0.13692	8
0.136942	8
0.136964	8
0.136987	8
0.137009	8
0.137032	8
0.137054	8
0.137076	8
0.137099	8
0.137121	8
0.137143	8
0.137166	8
0.137188	8
0.137211	8
0.137233	8
0.137255	8
0.137278	8
0.1373	8
0.137322	8
0.137345	8
0.137367	8
0.13739	8
0.137412	8
0.137434	8
0.137457	8
0.137479	8
0.137502	8
0.137524	8
0.137546	8
0.137569	8
0.137591	8
0.137613	8
0.137636	8
0.137658	8
0.137681	8
0.137703	8
0.137725	8
0.137748	8
0.13777	8
0.137793	8
0.137815	8
0.137837	8
0.13786	8
0.137882	8
0.137905	8
0.137927	8
0.137949	8
0.137972	8
0.137994	8
0.138017	8
0.138039	8
0.138061	8
0.138084	8
0.138106	8
0.138129	8
0.138151	8
0.138173	8
0.138196	8
0.138218	8
0.138241	8
0.138263	8
0.138286	8
0.138308	8
0.13833	8
0.138353	8
0.138375	8
0.138398	9
0.13842	9
0.138442	9
0.138465	9
0.138487	9
0.13851	9
0.138532	9
0.138555	9
0.138577	9
0.138599	9
0.138622	9
0.138644	9
0.138667	9
0.138689	9
0.138712	9
0.138734	9
0.138756	9
0.138779	9
0.138801	9
0.138824	9
0.138846	9
0.138869	9
0.138891	9
0.138913	9
0.138936	9
0.138958	9
0.138981	9
0.139003	9
0.139026	9
0.139048	9
0.139071	9
0.139093	9
0.139115	9
0.139138	9
0.13916	9
0.139183	9
0.139205	9
0.139228	9
0.13925	9
0.139273	9
0.139295	9
0.139318	9
0.13934	9
0.139362	9
0.139385	9
0.139407	9
0.13943	9
0.139452	9
0.139475	9
0.139497	9
0.13952	9
0.139542	9
0.139565	9
0.139587	9
0.13961	9
0.139632	9
0.139655	9
0.139677	9
0.139699	9
0.139722	9
0.139744	9
0.139767	9
0.139789	9
0.139812	9
0.139834	9
0.139857	9
0.139879	9
0.139902	9
0.139924	9
0.139947	9
0.139969	9
0.139992	9
0.140014	9
0.140037	9
0.140059	9
0.140082	9
0.140104	9
0.140127	9
0.140149	9
0.140172	9
0.140194	9
0.140217	9
0.140239	9
0.140262	9
0.140284	9
0.140307	9
0.140329	9
0.140352	9
0.140374	9
0.140397	9
0.140419	9
0.140442	9
0.140464	9
0.140487	9
0.140509	9
0.140532	9
0.140554	9
0.140577	9
0.140599	9
0.140621	9
0.140644	9
0.140666	9
0.140689	9
0.140711	9
0.140734	9
0.140756	9
0.140779	9
0.140801	9
0.140824	9
0.140846	9
0.140869	9
0.140891	9
0.140914	9
0.140936	9
0.140958	9
0.140981	9
0.141003	9
0.141026	9
0.141048	9
0.141071	9
0.141093	9
0.141116	9
0.141138	9
0.14116	9
0.141183	9
0.141205	9
0.141228	9
0.14125	9
0.141273	9
0.141295	9
0.141317	9
0.14134	9
0.141362	9
0.141385	9
0.141407	9
0.14143	9
0.141452	9
0.141474	9
0.141497	9
0.141519	9
0.141542	9
0.141564	9
0.141586	9
0.141609	9
0.141631	9
0.141654	9
0.141676	9
0.141698	9
0.141721	9
0.141743	9
0.141766	9
0.141788	9
0.14181	9
0.141833	9
0.141855	9
0.141878	9
0.1419	9
0.141922	9
0.141945	9
0.141967	9
0.141989	9
0.142012	9
0.142034	9
0.142057	9
0.142079	8
0.142101	8
0.142124	8
0.142146	8
0.142168	8
0.142191	8
0.142213	8
0.142236	8
0.142258	8
0.14228	8
0.142303	8
0.142325	8
0.142347	8
0.14237	8
0.142392	8
0.142414	8
0.142437	8
0.142459	8
0.142481	8
0.142504	8
0.142526	8
0.142548	8
0.142571	8
0.142593	8
0.142615	8
0.142638	8
0.14266	8
0.142682	8
0.142705	8
0.142727	8
0.142749	8
0.142772	8
0.142794	8
0.142816	8
0.142839	8
0.142861	8
0.142883	8
0.142906	8
0.142928	8
0.14295	8
0.142973	8
0.142995	8
0.143017	8
0.14304	8
0.143062	8
0.143084	8
0.143106	8
0.143129	8
0.143151	8
0.143173	8
0.143196	8
0.143218	8
0.14324	8
0.143263	8
0.143285	8
0.143307	8
0.143329	8
0.143352	8
0.143374	8
0.143396	8
0.143419	8
0.143441	8
0.143463	8
0.143485	8
0.143508	8
0.14353	8
0.143552	8
0.143575	8
0.143597	8
0.143619	8
0.143641	8
0.143664	8
0.143686	8
0.143708	8
0.14373	8
0.143753	8
0.143775	8
0.143797	8
0.14382	8
0.143842	8
0.143864	8
0.143886	8
0.143909	8
0.143931	8
0.143953	8
0.143975	8
0.143998	8
0.14402	8
0.144042	7
0.144064	7
0.144087	7
0.144109	7
0.144131	7
0.144153	7
0.144176	7
0.144198	7
0.14422	7
0.144242	7
0.144265	7
0.144287	7
0.144309	7
0.144331	7
0.144354	7
0.144376	7
0.144398	7
0.14442	7
0.144443	7
0.144465	7
0.144487	7
0.144509	7
0.144531	7
0.144554	7
0.144576	7
0.144598	7
0.14462	7
0.144643	7
0.144665	7
0.144687	7
0.144709	7
0.144731	7
0.144754	7
0.144776	7
0.144798	7
0.14482	7
0.144843	7
0.144865	7
0.144887	7
0.144909	7
0.144931	7
0.144954	7
0.144976	7
0.144998	7
0.14502	7
0.145042	7
0.145065	7
0.145087	7
0.145109	7
0.145131	7
0.145154	7
0.145176	7
0.145198	7
0.14522	7
0.145242	7
0.145265	7
0.145287	7
0.145309	7
0.145331	7
0.145353	7
0.145376	7
0.145398	7
0.14542	7
0.145442	7
0.145464	7
0.145487	7
0.145509	7
0.145531	7
0.145553	7
0.145575	7
0.145597	7
0.14562	7
0.145642	7
0.145664	7
0.145686	7
0.145708	7
0.145731	7
0.145753	7
0.145775	7
0.145797	7
0.145819	7
0.145842	7
0.145864	7
0.145886	7
0.145908	7
0.14593	7
0.145952	7
0.145975	7
0.145997	7
0.146019	7
0.146041	7
0.146063	7
0.146086	7
0.146108	7
0.14613	7
0.146152	7
0.146174	7
0.146196	7
0.146219	7
0.146241	7
0.146263	7
0.146285	7
0.146307	7
0.146329	7
0.146352	7
0.146374	7
0.146396	7
0.146418	7
0.14644	7
0.146462	7
0.146485	7
0.146507	7
0.146529	7
0.146551	7
0.146573	7
0.146596	7
0.146618	7
0.14664	7
0.146662	7
0.146684	7
0.146706	7
0.146729	7
0.146751	7
0.146773	7
0.146795	7
0.146817	7
0.146839	7
0.146862	7
0.146884	7
0.146906	7
0.146928	7
0.14695	7
0.146972	7
0.146995	7
0.147017	7
0.147039	8
0.147061	8
0.147083	8
0.147105	8
0.147128	8
0.14715	8
0.147172	8
0.147194	8
0.147216	8
0.147238	8
0.147261	8
0.147283	8
0.147305	8
0.147327	8
0.147349	8
0.147371	8
0.147393	8
0.147416	8
0.147438	8
0.14746	8
0.147482	8
0.147504	8
0.147526	8
0.147549	8
0.147571	8
0.147593	8
0.147615	8
0.147637	8
0.147659	8
0.147682	8
0.147704	8
0.147726	8
0.147748	8
0.14777	8
0.147792	8
0.147815	8
0.147837	8
0.147859	8
0.147881	8
0.147903	8
0.147925	8
0.147948	8
0.14797	8
0.147992	8
0.148014	8
0.148036	8
0.148058	8
0.148081	8
0.148103	8
0.148125	8
0.148147	8
0.148169	8
0.148191	8
0.148214	8
0.148236	8
0.148258	8
0.14828	8
0.148302	8
0.148324	8
0.148347	8
0.148369	8
0.148391	8
0.148413	8
0.148435	8
0.148458	8
0.14848	8
0.148502	8
0.148524	8
0.148546	8
0.148568	8
0.148591	8
0.148613	8
0.148635	8
0.148657	8
0.148679	8
0.148701	8
0.148724	8
0.148746	8
0.148768	8
0.14879	8
0.148812	8
0.148835	8
0.148857	8
0.148879	8
0.148901	8
0.148923	8
0.148945	8
0.148968	8
0.14899	8
0.149012	8
0.149034	8
0.149056	8
0.149079	8
0.149101	8
0.149123	8
0.149145	8
0.149167	8
0.149189	8
0.149212	8
0.149234	8
0.149256	8
0.149278	8
0.1493	8
0.149323	8
0.149345	8
0.149367	8
0.149389	8
0.149411	8
0.149434	8
0.149456	8
0.149478	8
0.1495	8
0.149522	8
0.149545	8
0.149567	8
0.149589	8
0.149611	8
0.149633	8
0.149656	8
0.149678	8
0.1497	8
0.149722	8
0.149744	8
0.149767	8
0.149789	8
0.149811	8
0.149833	8
0.149856	8
0.149878	8
0.1499	8
0.149922	8
0.149944	8
0.149967	8
0.149989	8
0.150011	8
