0.100017	4
0.10004	4
0.100063	5
0.100086	5
0.100109	5
0.100132	5
0.100154	5
0.100177	5
0.1002	5
0.100223	5
0.100246	5
0.100269	5
0.100292	5
0.100314	5
0.100337	5
0.10036	5
0.100383	5
0.100406	5
0.100429	5
0.100451	5
0.100474	5
0.100497	5
0.10052	5
0.100543	5
0.100566	5
0.100588	5
0.100611	5
0.100634	5
0.100657	5
0.10068	5
0.100703	5
0.100725	5
0.100748	5
0.100771	5
0.100794	5
0.100817	5
0.10084	5
0.100862	5
0.100885	5
0.100908	5
0.100931	5
0.100954	5
0.100976	5
0.100999	5
0.101022	5
0.101045	5
0.101068	5
0.10109	5
0.101113	5
0.101136	5
0.101159	5
0.101182	5
0.101205	5
0.101227	5
0.10125	5
0.101273	5
0.101296	5
0.101319	5
0.101341	5
0.101364	5
0.101387	5
0.10141	5
0.101432	5
0.101455	5
0.101478	5
0.101501	5
0.101524	5
0.101546	5
0.101569	5
0.101592	5
0.101615	5
0.101638	5
0.10166	5
0.101683	5
0.101706	5
0.101729	5
0.101751	5
0.101774	5
0.101797	5
0.10182	5
0.101843	5
0.101865	5
0.101888	5
0.101911	5
0.101934	5
0.101956	5
0.101979	5
0.102002	5
0.102025	5
0.102047	5
0.10207	5
0.102093	5
0.102116	5
0.102138	5
0.102161	5
0.102184	5
0.102207	5
0.102229	5
0.102252	5
0.102275	5
0.102298	5
0.102321	5
0.102343	5
0.102366	5
0.102389	5
0.102411	5
0.102434	5
0.102457	5
0.10248	5
0.102502	5
0.102525	5
0.102548	5
0.102571	5
0.102593	5
0.102616	5
0.102639	5
0.102662	5
0.102684	5
0.102707	5
0.10273	5
0.102753	5
0.102775	5
0.102798	5
0.102821	5
0.102844	5
0.102866	5
0.102889	5
0.102912	5
0.102934	5
0.102957	5
0.10298	5
0.103003	5
0.103025	5
0.103048	5
0.103071	5
0.103093	5
0.103116	5
0.103139	5
0.103162	5
0.103184	5
0.103207	5
0.10323	5
0.103252	5
0.103275	6
0.103298	5
0.103321	6
0.103343	5
0.103366	6
0.103389	6
0.103411	6
0.103434	6
0.103457	6
0.10348	5
0.103502	6
0.103525	5
0.103548	6
0.10357	6
0.103593	6
0.103616	6
0.103638	6
0.103661	6
0.103684	6
0.103707	6
0.103729	6
0.103752	6
0.103775	6
0.103797	6
0.10382	6
0.103843	6
0.103865	6
0.103888	6
0.103911	6
0.103933	6
0.103956	6
0.103979	6
0.104001	6
0.104024	6
0.104047	6
0.10407	6
0.104092	6
0.104115	6
0.104138	6
0.10416	6
0.104183	6
0.104206	6
0.104228	6
0.104251	6
0.104274	6
0.104296	6
0.104319	6
0.104342	6
0.104364	6
0.104387	6
0.10441	6
0.104432	6
0.104455	6
0.104478	6
0.1045	6
0.104523	6
0.104546	6
0.104568	6
0.104591	6
0.104614	6
0.104636	6
0.104659	6
0.104682	6
0.104704	6
0.104727	6
0.10475	6
0.104772	6
0.104795	6
0.104818	6
0.10484	6
0.104863	6
0.104886	6
0.104908	6
0.104931	6
0.104954	6
0.104976	6
0.104999	6
0.105022	6
0.105044	6
0.105067	6
0.105089	6
0.105112	6
0.105135	6
0.105157	6
0.10518	6
0.105203	6
0.105225	6
0.105248	6
0.105271	6
0.105293	6
0.105316	6
0.105339	6
0.105361	6
0.105384	6
0.105407	6
0.105429	6
0.105452	6
0.105474	6
0.105497	6
0.10552	6
0.105542	6
0.105565	6
0.105588	6
0.10561	6
0.105633	6
0.105656	6
0.105678	6
0.105701	6
0.105724	6
0.105746	6
0.105769	6
0.105791	6
0.105814	6
0.105837	6
0.105859	6
0.105882	6
0.105905	6
0.105927	6
0.10595	6
0.105972	6
0.105995	6
0.106018	6
0.10604	6
0.106063	6
0.106086	6
0.106108	6
0.106131	6
0.106154	6
0.106176	6
0.106199	6
0.106221	6
0.106244	6
0.106267	6
0.106289	6
0.106312	6
0.106335	6
0.106357	6
0.10638	6
0.106402	6
0.106425	6
0.106448	6
0.10647	6
0.106493	6
0.106516	6
0.106538	6
0.106561	6
0.106583	6
0.106606	6
0.106629	6
0.106651	6
0.106674	6
0.106696	6
0.106719	6
0.106742	6
0.106764	6
0.106787	6
0.10681	6
0.106832	6
0.106855	6
0.106877	6
0.1069	6
0.106923	6
0.106945	6
0.106968	6
0.106991	6
0.107013	6
0.107036	6
0.107058	6
0.107081	6
0.107104	6
0.107126	6
0.107149	6
0.107171	6
0.107194	6
0.107217	6
0.107239	6
0.107262	6
0.107285	6
0.107307	6
0.10733	6
0.107352	6
0.107375	6
0.107398	6
0.10742	6
0.107443	6
0.107465	6
0.107488	6
0.107511	6
0.107533	6
0.107556	6
0.107579	6
0.107601	6
0.107624	6
0.107646	6
0.107669	6
0.107692	6
0.107714	6
0.107737	6
0.107759	6
0.107782	6
0.107805	6
0.107827	6
0.10785	6
0.107872	6
0.107895	6
0.107918	6
0.10794	6
0.107963	6
0.107986	6
0.108008	6
0.108031	6
0.108053	6
0.108076	6
0.108099	6
0.108121	6
0.108144	6
0.108166	6
0.108189	6
0.108212	6
0.108234	6
0.108257	6
0.108279	6
0.108302	6
0.108325	6
0.108347	6
0.10837	6
0.108393	6
0.108415	6
0.108438	6
0.10846	6
0.108483	6
0.108506	6
0.108528	6
0.108551	6
0.108573	6
0.108596	6
0.108619	6
0.108641	6
0.108664	6
0.108687	6
0.108709	6
0.108732	6
0.108754	6
0.108777	6
0.1088	6
0.108822	6
0.108845	6
0.108867	6
0.10889	6
0.108913	6
0.108935	6
0.108958	6
0.10898	6
0.109003	6
0.109026	6
0.109048	6
0.109071	6
0.109094	6
0.109116	6
0.109139	6
0.109161	6
0.109184	6
0.109207	6
0.109229	6
0.109252	6
0.109275	6
0.109297	6
0.10932	6
0.109342	6
0.109365	6
0.109388	6
0.10941	6
0.109433	6
0.109455	6
0.109478	6
0.109501	6
0.109523	6
0.109546	6
0.109569	6
0.109591	6
0.109614	6
0.109636	6
0.109659	6
0.109682	6
0.109704	6
0.109727	6
0.10975	6
0.109772	6
0.109795	6
0.109817	6
0.10984	6
0.109863	6
0.109885	6
0.109908	6
0.109931	6
0.109953	6
0.109976	6
0.109998	6
0.110021	6
0.110044	6
0.110066	6
0.110089	6
0.110112	6
0.110134	6
0.110157	6
0.11018	6
0.110202	6
0.110225	6
0.110247	6
0.11027	6
0.110293	6
0.110315	6
0.110338	6
0.110361	6
0.110383	6
0.110406	6
0.110428	6
0.110451	6
0.110474	6
0.110496	6
0.110519	6
0.110542	6
0.110564	6
0.110587	6
0.11061	6
0.110632	6
0.110655	6
0.110678	6
0.1107	6
0.110723	6
0.110745	6
0.110768	6
0.110791	6
0.110813	6
0.110836	6
0.110859	6
0.110881	6
0.110904	6
0.110927	6
0.110949	6
0.110972	6
0.110995	6
0.111017	6
0.11104	6
0.111063	6
0.111085	6
0.111108	6
0.11113	6
0.111153	6
0.111176	6
0.111198	6
0.111221	6
0.111244	6
0.111266	6
0.111289	6
0.111312	6
0.111334	6
0.111357	6
0.11138	6
0.111402	6
0.111425	6
0.111448	6
0.11147	6
0.111493	6
0.111516	6
0.111538	6
0.111561	6
0.111584	6
0.111606	6
0.111629	6
0.111652	6
0.111674	6
0.111697	6
0.11172	6
0.111742	6
0.111765	6
0.111788	6
0.11181	6
0.111833	6
0.111856	6
0.111878	6
0.111901	6
0.111924	6
0.111946	6
0.111969	6
0.111992	6
0.112014	6
0.112037	6
0.11206	6
0.112082	6
0.112105	6
0.112128	6
0.11215	6
0.112173	6
0.112196	6
0.112219	6
0.112241	6
0.112264	6
0.112287	6
0.112309	6
0.112332	6
0.112355	6
0.112377	6
0.1124	6
0.112423	6
0.112445	6
0.112468	6
0.112491	6
0.112513	6
0.112536	6
0.112559	6
0.112582	6
0.112604	6
0.112627	6
0.11265	6
0.112672	6
0.112695	6
0.112718	6
0.11274	6
0.112763	6
0.112786	6
0.112809	6
0.112831	6
0.112854	6
0.112877	6
0.112899	6
0.112922	6
0.112945	6
0.112967	6
0.11299	6
0.113013	6
0.113036	6
0.113058	6
0.113081	6
0.113104	6
0.113126	6
0.113149	6
0.113172	6
0.113195	6
0.113217	6
0.11324	6
0.113263	6
0.113285	6
0.113308	6
0.113331	6
0.113354	6
0.113376	6
0.113399	6
0.113422	6
0.113445	6
0.113467	6
0.11349	5
0.113513	5
0.113535	6
0.113558	6
0.113581	6
0.113604	5
0.113626	5
0.113649	5
0.113672	6
0.113695	5
0.113717	5
0.11374	5
0.113763	5
0.113786	5
0.113808	5
0.113831	5
0.113854	5
0.113876	5
0.113899	5
0.113922	5
0.113945	5
0.113967	5
0.11399	5
0.114013	5
0.114036	5
0.114058	5
0.114081	5
0.114104	5
0.114126	5
0.114149	5
0.114172	5
0.114195	5
0.114217	5
0.11424	5
0.114263	5
0.114286	5
0.114308	5
0.114331	5
0.114354	5
0.114376	5
0.114399	5
0.114422	5
0.114444	5
0.114467	5
0.11449	5
0.114513	5
0.114535	5
0.114558	5
0.114581	5
0.114603	5
0.114626	5
0.114649	5
0.114671	5
0.114694	5
0.114717	5
0.11474	5
0.114762	5
0.114785	5
0.114808	5
0.11483	5
0.114853	5
0.114876	5
0.114898	5
0.114921	5
0.114944	5
0.114966	5
0.114989	5
0.115012	5
0.115034	5
0.115057	5
0.11508	5
0.115102	5
0.115125	5
0.115148	5
0.11517	5
0.115193	5
0.115216	5
0.115238	5
0.115261	5
0.115284	5
0.115306	5
0.115329	5
0.115352	5
0.115374	5
0.115397	5
0.11542	5
0.115442	5
0.115465	5
0.115488	5
0.11551	5
0.115533	5
0.115556	5
0.115578	5
0.115601	5
0.115624	5
0.115646	5
0.115669	5
0.115691	5
0.115714	5
0.115737	5
0.115759	5
0.115782	5
0.115805	5
0.115827	5
0.11585	5
0.115873	5
0.115895	5
0.115918	5
0.11594	5
0.115963	5
0.115986	5
0.116008	5
0.116031	5
0.116054	5
0.116076	5
0.116099	5
0.116121	5
0.116144	5
0.116167	5
0.116189	5
0.116212	5
0.116235	5
0.116257	5
0.11628	5
0.116302	5
0.116325	5
0.116348	5
0.11637	5
0.116393	5
0.116415	5
0.116438	5
0.116461	5
0.116483	5
0.116506	5
0.116528	5
0.116551	5
0.116574	5
0.116596	5
0.116619	5
0.116641	5
0.116664	5
0.116687	5
0.116709	5
0.116732	5
0.116754	5
0.116777	5
0.1168	5
0.116822	5
0.116845	5
0.116867	5
0.11689	5
0.116912	5
0.116935	5
0.116958	5
0.11698	5
0.117003	5
0.117025	5
0.117048	5
0.11707	5
0.117093	5
0.117116	5
0.117138	5
0.117161	5
0.117183	5
0.117206	5
0.117228	5
0.117251	5
0.117274	5
0.117296	5
0.117319	5
0.117341	5
0.117364	5
0.117386	5
0.117409	5
0.117432	5
0.117454	5
0.117477	5
0.117499	5
0.117522	5
0.117544	5
0.117567	5
0.117589	5
0.117612	5
0.117635	5
0.117657	5
0.11768	5
0.117702	5
0.117725	5
0.117747	5
0.11777	5
0.117792	5
0.117815	5
0.117837	5
0.11786	5
0.117883	5
0.117905	5
0.117928	5
0.11795	5
0.117973	5
0.117995	5
0.118018	5
0.11804	5
0.118063	5
0.118085	5
0.118108	5
0.11813	5
0.118153	5
0.118175	5
0.118198	5
0.118221	5
0.118243	5
0.118266	5
0.118288	5
0.118311	5
0.118333	5
0.118356	5
0.118378	5
0.118401	5
0.118423	5
0.118446	5
0.118468	5
0.118491	5
0.118513	5
0.118536	5
0.118558	5
0.118581	5
0.118603	5
0.118626	5
0.118648	5
0.118671	5
0.118693	5
0.118716	5
0.118738	5
0.118761	5
0.118783	5
0.118806	5
0.118829	5
0.118851	5
0.118874	5
0.118896	5
0.118919	5
0.118941	5
0.118964	5
0.118986	5
0.119009	5
0.119031	5
0.119054	5
0.119076	5
0.119099	5
0.119121	5
0.119144	5
0.119166	5
0.119189	5
0.119211	5
0.119234	5
0.119256	5
0.119279	5
0.119301	5
0.119324	5
0.119346	5
0.119369	5
0.119391	5
0.119414	5
0.119436	5
0.119459	5
0.119481	5
0.119504	5
0.119526	5
0.119548	5
0.119571	5
0.119593	5
0.119616	5
0.119638	5
0.119661	5
0.119683	5
0.119706	5
0.119728	5
0.119751	5
0.119773	5
0.119796	5
0.119818	5
0.119841	5
0.119863	5
0.119886	5
0.119908	5
0.119931	5
0.119953	5
0.119976	5
0.119998	5
0.120021	5
0.120043	5
0.120066	5
0.120088	5
0.120111	5
0.120133	5
0.120156	5
0.120178	5
0.120201	5
0.120223	5
0.120245	5
0.120268	5
0.12029	5
0.120313	5
0.120335	5
0.120358	5
0.12038	5
0.120403	5
0.120425	5
0.120448	5
0.12047	5
0.120493	5
0.120515	5
0.120538	5
0.12056	5
0.120583	5
0.120605	5
0.120628	5
0.12065	5
0.120673	5
0.120695	5
0.120717	5
0.12074	5
0.120762	5
0.120785	5
0.120807	5
0.12083	5
0.120852	5
0.120875	5
0.120897	5
0.12092	5
0.120942	5
0.120965	5
0.120987	5
0.12101	5
0.121032	5
0.121055	5
0.121077	5
0.1211	5
0.121122	5
0.121144	5
0.121167	5
0.121189	5
0.121212	5
0.121234	5
0.121257	5
0.121279	5
0.121302	5
0.121324	5
0.121347	5
0.121369	5
0.121392	5
0.121414	5
0.121437	5
0.121459	5
0.121482	5
0.121504	5
0.121526	5
0.121549	5
0.121571	5
0.121594	5
0.121616	5
0.121639	5
0.121661	5
0.121684	5
0.121706	5
0.121729	5
0.121751	5
0.121774	5
0.121796	5
0.121819	5
0.121841	5
0.121864	5
0.121886	5
0.121908	5
0.121931	5
0.121953	5
0.121976	5
0.121998	5
0.122021	5
0.122043	5
0.122066	5
0.122088	5
0.122111	5
0.122133	5
0.122156	5
0.122178	5
0.122201	5
0.122223	5
0.122246	5
0.122268	5
0.122291	5
0.122313	5
0.122335	5
0.122358	5
0.12238	5
0.122403	5
0.122425	5
0.122448	5
0.12247	5
0.122493	5
0.122515	5
0.122538	5
0.12256	5
0.122583	5
0.122605	5
0.122628	5
0.12265	5
0.122673	5
0.122695	5
0.122718	5
0.12274	5
0.122763	5
0.122785	5
0.122808	5
0.12283	5
0.122853	5
0.122875	5
0.122897	5
0.12292	5
0.122942	5
0.122965	5
0.122987	5
0.12301	5
0.123032	5
0.123055	5
0.123077	5
0.1231	5
0.123122	5
0.123145	5
0.123167	5
0.12319	5
0.123212	5
0.123235	5
0.123257	5
0.12328	5
0.123302	5
0.123325	5
0.123347	5
0.12337	5
0.123392	5
0.123415	5
0.123437	5
0.12346	5
0.123482	5
0.123505	5
0.123527	5
0.12355	5
0.123572	5
0.123595	5
0.123617	5
0.12364	5
0.123662	5
0.123685	5
0.123707	5
0.12373	5
0.123752	5
0.123775	5
0.123797	5
0.12382	5
0.123842	5
0.123865	5
0.123887	5
0.12391	5
0.123932	5
0.123955	5
0.123977	5
0.124	5
0.124022	5
0.124045	5
0.124067	5
0.12409	5
0.124112	5
0.124135	5
0.124157	5
0.12418	5
0.124202	5
0.124225	5
0.124247	5
0.12427	5
0.124292	5
0.124315	5
0.124338	5
0.12436	5
0.124383	5
0.124405	5
0.124428	5
0.12445	5
0.124473	5
0.124495	5
0.124518	5
0.12454	5
0.124563	5
0.124585	5
0.124608	5
0.12463	5
0.124653	5
0.124675	5
0.124698	5
0.12472	5
0.124743	5
0.124766	5
0.124788	5
0.124811	5
0.124833	5
0.124856	5
0.124878	5
0.124901	5
0.124923	5
0.124946	5
0.124968	5
0.124991	5
0.125013	5
0.125036	5
0.125059	5
0.125081	5
0.125104	5
0.125126	5
0.125149	5
0.125171	5
0.125194	5
0.125216	5
0.125239	5
0.125261	5
0.125284	5
0.125307	5
0.125329	5
0.125352	5
0.125374	5
0.125397	5
0.125419	5
0.125442	5
0.125464	5
0.125487	5
0.12551	5
0.125532	5
0.125555	5
0.125577	5
0.1256	5
0.125622	5
0.125645	5
0.125668	5
0.12569	5
0.125713	5
0.125735	5
0.125758	5
0.12578	5
0.125803	5
0.125826	5
0.125848	5
0.125871	5
0.125893	5
0.125916	5
0.125938	5
0.125961	5
0.125984	5
0.126006	5
0.126029	5
0.126051	5
0.126074	5
0.126097	5
0.126119	5
0.126142	5
0.126164	5
0.126187	5
0.126209	5
0.126232	5
0.126255	5
0.126277	5
0.1263	5
0.126322	5
0.126345	5
0.126368	5
0.12639	5
0.126413	5
0.126435	5
0.126458	5
0.126481	5
0.126503	5
0.126526	5
0.126548	5
0.126571	5
0.126594	5
0.126616	5
0.126639	5
0.126662	5
0.126684	5
0.126707	5
0.126729	5
0.126752	5
0.126775	5
0.126797	5
0.12682	5
0.126842	5
0.126865	5
0.126888	5
0.12691	5
0.126933	5
0.126956	5
0.126978	5
0.127001	5
0.127023	5
0.127046	5
0.127069	5
0.127091	5
0.127114	5
0.127137	5
0.127159	5
0.127182	5
0.127205	5
0.127227	5
0.12725	5
0.127272	5
0.127295	5
0.127318	5
0.12734	5
0.127363	5
0.127386	5
0.127408	5
0.127431	5
0.127453	5
0.127476	5
0.127499	5
0.127521	5
0.127544	5
0.127567	5
0.127589	5
0.127612	5
0.127634	5
0.127657	5
0.12768	5
0.127702	5
0.127725	5
0.127748	5
0.12777	5
0.127793	5
0.127815	5
0.127838	5
0.127861	5
0.127883	5
0.127906	5
0.127928	5
0.127951	5
0.127974	5
0.127996	5
0.128019	5
0.128041	5
0.128064	5
0.128087	5
0.128109	5
0.128132	5
0.128154	5
0.128177	5
0.128199	5
0.128222	5
0.128245	5
0.128267	5
0.12829	5
0.128312	5
0.128335	5
0.128358	5
0.12838	5
0.128403	5
0.128425	5
0.128448	5
0.12847	5
0.128493	5
0.128516	5
0.128538	5
0.128561	5
0.128583	5
0.128606	5
0.128628	5
0.128651	5
0.128673	5
0.128696	5
0.128719	5
0.128741	5
0.128764	5
0.128786	5
0.128809	5
0.128831	5
0.128854	5
0.128876	5
0.128899	5
0.128921	5
0.128944	5
0.128967	5
0.128989	5
0.129012	5
0.129034	5
0.129057	5
0.129079	5
0.129102	5
0.129124	5
0.129147	5
0.129169	5
0.129192	5
0.129214	5
0.129237	5
0.129259	5
0.129282	5
0.129305	5
0.129327	5
0.12935	5
0.129372	5
0.129395	5
0.129417	5
0.12944	5
0.129462	5
0.129485	5
0.129507	5
0.12953	5
0.129552	5
0.129575	5
0.129597	5
0.12962	5
0.129642	5
0.129665	5
0.129687	5
0.12971	5
0.129732	5
0.129755	5
0.129777	5
0.1298	5
0.129822	5
0.129845	5
0.129867	5
0.12989	5
0.129912	5
0.129935	5
0.129957	5
0.12998	5
0.130002	5
0.130025	5
0.130047	5
0.13007	5
0.130092	5
0.130114	5
0.130137	5
0.130159	5
0.130182	5
0.130204	5
0.130227	5
0.130249	5
0.130272	5
0.130294	5
0.130317	5
0.130339	5
0.130362	5
0.130384	5
0.130407	5
0.130429	5
0.130452	5
0.130474	5
0.130496	5
0.130519	5
0.130541	5
0.130564	5
0.130586	5
0.130609	5
0.130631	5
0.130654	5
0.130676	5
0.130699	5
0.130721	5
0.130743	5
0.130766	5
0.130788	5
0.130811	5
0.130833	5
0.130856	5
0.130878	5
0.130901	5
0.130923	5
0.130945	5
0.130968	5
0.13099	5
0.131013	5
0.131035	5
0.131058	5
0.13108	5
0.131103	5
0.131125	5
0.131147	5
0.13117	5
0.131192	5
0.131215	5
0.131237	5
0.13126	5
0.131282	5
0.131304	5
0.131327	5
0.131349	5
0.131372	5
0.131394	5
0.131417	5
0.131439	5
0.131461	5
0.131484	5
0.131506	5
0.131529	5
0.131551	5
0.131573	5
0.131596	5
0.131618	5
0.131641	5
0.131663	5
0.131686	5
0.131708	5
0.13173	5
0.131753	5
0.131775	5
0.131798	5
0.13182	5
0.131842	5
0.131865	5
0.131887	5
0.13191	5
0.131932	5
0.131954	5
0.131977	5
0.131999	5
0.132022	5
0.132044	5
0.132067	5
0.132089	5
0.132111	5
0.132134	5
0.132156	5
0.132179	5
0.132201	5
0.132223	5
0.132246	5
0.132268	5
0.132291	5
0.132313	5
0.132335	5
0.132358	5
0.13238	5
0.132402	5
0.132425	5
0.132447	5
0.13247	5
0.132492	5
0.132514	5
0.132537	5
0.132559	5
0.132582	5
0.132604	5
0.132626	5
0.132649	5
0.132671	5
0.132694	5
0.132716	5
0.132738	5
0.132761	5
0.132783	5
0.132805	5
0.132828	5
0.13285	5
0.132873	5
0.132895	5
0.132917	5
0.13294	5
0.132962	5
0.132985	5
0.133007	5
0.133029	5
0.133052	5
0.133074	5
0.133096	5
0.133119	5
0.133141	5
0.133164	5
0.133186	5
0.133208	5
0.133231	5
0.133253	5
0.133275	5
0.133298	5
0.13332	5
0.133343	5
0.133365	5
0.133387	5
0.13341	5
0.133432	5
0.133454	5
0.133477	5
0.133499	5
0.133521	5
0.133544	5
0.133566	5
0.133589	5
0.133611	5
0.133633	5
0.133656	5
0.133678	5
0.1337	5
0.133723	5
0.133745	5
0.133767	5
0.13379	5
0.133812	5
0.133835	5
0.133857	5
0.133879	5
0.133902	5
0.133924	5
0.133946	5
0.133969	5
0.133991	5
0.134013	5
0.134036	5
0.134058	5
0.134081	5
0.134103	5
0.134125	5
0.134148	5
0.13417	5
0.134192	5
0.134215	5
0.134237	5
0.134259	5
0.134282	5
0.134304	5
0.134326	5
0.134349	5
0.134371	5
0.134393	5
0.134416	5
0.134438	5
0.134461	5
0.134483	5
0.134505	5
0.134528	5
0.13455	5
0.134572	5
0.134595	5
0.134617	5
0.134639	5
0.134662	5
0.134684	5
0.134706	5
0.134729	5
0.134751	5
0.134773	5
0.134796	5
0.134818	5
0.134841	5
0.134863	5
0.134885	5
0.134908	5
0.13493	5
0.134952	5
0.134975	5
0.134997	5
0.135019	5
0.135042	5
0.135064	5
0.135086	5
0.135109	5
0.135131	5
0.135153	5
0.135176	5
0.135198	5
0.13522	5
0.135243	5
0.135265	5
0.135288	5
0.13531	5
0.135332	5
0.135355	5
0.135377	5
0.135399	5
0.135422	5
0.135444	5
0.135466	5
0.135489	5
0.135511	5
0.135533	5
0.135556	5
0.135578	5
0.1356	5
0.135623	5
0.135645	5
0.135667	5
0.13569	5
0.135712	5
0.135735	5
0.135757	5
0.135779	5
0.135802	5
0.135824	5
0.135846	5
0.135869	5
0.135891	5
0.135913	5
0.135936	5
0.135958	5
0.13598	5
0.136003	5
0.136025	5
0.136048	5
0.13607	5
0.136092	5
0.136115	5
0.136137	5
0.136159	5
0.136182	5
0.136204	5
0.136226	5
0.136249	5
0.136271	5
0.136293	5
0.136316	5
0.136338	5
0.136361	5
0.136383	5
0.136405	5
0.136428	5
0.13645	5
0.136472	5
0.136495	5
0.136517	5
0.136539	5
0.136562	5
0.136584	5
0.136607	5
0.136629	5
0.136651	5
0.136674	5
0.136696	5
0.136718	5
0.136741	5
0.136763	5
0.136785	5
0.136808	5
0.13683	5
0.136853	5
0.136875	5
0.136897	5
0.13692	5
0.136942	5
0.136964	5
0.136987	5
0.137009	5
0.137032	5
0.137054	5
0.137076	5
0.137099	5
0.137121	5
0.137143	5
0.137166	5
0.137188	5
0.137211	5
0.137233	5
0.137255	5
0.137278	5
0.1373	5
0.137322	5
0.137345	5
0.137367	5
0.13739	5
0.137412	5
0.137434	5
0.137457	5
0.137479	5
0.137502	5
0.137524	5
0.137546	5
0.137569	5
0.137591	5
0.137613	5
0.137636	5
0.137658	5
0.137681	5
0.137703	5
0.137725	5
0.137748	5
0.13777	5
0.137793	5
0.137815	5
0.137837	5
0.13786	5
0.137882	5
0.137905	5
0.137927	5
0.137949	5
0.137972	5
0.137994	5
0.138017	5
0.138039	5
0.138061	5
0.138084	5
0.138106	5
0.138129	5
0.138151	5
0.138173	5
0.138196	5
0.138218	5
0.138241	5
0.138263	5
0.138286	5
0.138308	5
0.13833	5
0.138353	5
0.138375	5
0.138398	5
0.13842	5
0.138442	5
0.138465	5
0.138487	5
0.13851	5
0.138532	5
0.138555	5
0.138577	5
0.138599	5
0.138622	5
0.138644	5
0.138667	5
0.138689	5
0.138712	5
0.138734	5
0.138756	5
0.138779	5
0.138801	5
0.138824	5
0.138846	5
0.138869	5
0.138891	5
0.138913	5
0.138936	5
0.138958	5
0.138981	5
0.139003	5
0.139026	5
0.139048	5
0.139071	5
0.139093	5
0.139115	5
0.139138	5
0.13916	5
0.139183	5
0.139205	5
0.139228	5
0.13925	5
0.139273	5
0.139295	5
0.139318	5
0.13934	5
0.139362	5
0.139385	5
0.139407	5
0.13943	5
0.139452	5
0.139475	5
0.139497	5
0.13952	5
0.139542	5
0.139565	5
0.139587	5
0.13961	5
0.139632	5
0.139655	5
0.139677	5
0.139699	5
0.139722	5
0.139744	5
0.139767	5
0.139789	5
0.139812	5
0.139834	5
0.139857	5
0.139879	5
0.139902	5
0.139924	5
0.139947	5
0.139969	5
0.139992	5
0.140014	5
0.140037	5
0.140059	5
0.140082	5
0.140104	5
0.140127	5
0.140149	5
0.140172	5
0.140194	5
0.140217	5
0.140239	5
0.140262	5
0.140284	5
0.140307	5
0.140329	5
0.140352	5
0.140374	5
0.140397	5
0.140419	5
0.140442	5
0.140464	5
0.140487	5
0.140509	5
0.140532	5
0.140554	5
0.140577	5
0.140599	5
0.140621	5
0.140644	5
0.140666	5
0.140689	5
0.140711	5
0.140734	5
0.140756	5
0.140779	5
0.140801	5
0.140824	5
0.140846	5
0.140869	5
0.140891	5
0.140914	5
0.140936	5
0.140958	5
0.140981	5
0.141003	5
0.141026	5
0.141048	5
0.141071	5
0.141093	5
0.141116	5
0.141138	5
0.14116	5
0.141183	5
0.141205	5
0.141228	5
0.14125	5
0.141273	5
0.141295	5
0.141317	5
0.14134	5
0.141362	5
0.141385	5
0.141407	5
0.14143	5
0.141452	5
0.141474	5
0.141497	5
0.141519	5
0.141542	5
0.141564	5
0.141586	5
0.141609	5
0.141631	5
0.141654	5
0.141676	5
0.141698	5
0.141721	5
0.141743	5
0.141766	5
0.141788	5
0.14181	5
0.141833	5
0.141855	5
0.141878	5
0.1419	5
0.141922	5
0.141945	5
0.141967	5
0.141989	5
0.142012	5
0.142034	5
0.142057	5
0.142079	5
0.142101	5
0.142124	5
0.142146	5
0.142168	5
0.142191	5
0.142213	5
0.142236	5
0.142258	5
0.14228	5
0.142303	5
0.142325	5
0.142347	5
0.14237	5
0.142392	5
0.142414	5
0.142437	5
0.142459	5
0.142481	4
0.142504	4
0.142526	4
0.142548	4
0.142571	4
0.142593	4
0.142615	4
0.142638	4
0.14266	4
0.142682	4
0.142705	4
0.142727	4
0.142749	4
0.142772	4
0.142794	4
0.142816	4
0.142839	4
0.142861	4
0.142883	4
0.142906	4
0.142928	4
0.14295	4
0.142973	4
0.142995	4
0.143017	4
0.14304	4
0.143062	4
0.143084	4
0.143106	4
0.143129	4
0.143151	4
0.143173	4
0.143196	4
0.143218	4
0.14324	4
0.143263	4
0.143285	4
0.143307	4
0.143329	4
0.143352	4
0.143374	4
0.143396	4
0.143419	4
0.143441	4
0.143463	4
0.143485	4
0.143508	4
0.14353	4
0.143552	4
0.143575	4
0.143597	4
0.143619	4
0.143641	4
0.143664	4
0.143686	4
0.143708	4
0.14373	4
0.143753	4
0.143775	4
0.143797	4
0.14382	4
0.143842	4
0.143864	4
0.143886	4
0.143909	4
0.143931	4
0.143953	4
0.143975	4
0.143998	4
0.14402	4
0.144042	4
0.144064	4
0.144087	4
0.144109	4
0.144131	4
0.144153	4
0.144176	4
0.144198	4
0.14422	4
0.144242	4
0.144265	4
0.144287	4
0.144309	4
0.144331	4
0.144354	4
0.144376	4
0.144398	4
0.14442	4
0.144443	4
0.144465	4
0.144487	4
0.144509	4
0.144531	4
0.144554	4
0.144576	4
0.144598	4
0.14462	4
0.144643	4
0.144665	4
0.144687	4
0.144709	4
0.144731	4
0.144754	4
0.144776	4
0.144798	4
0.14482	4
0.144843	4
0.144865	4
0.144887	4
0.144909	4
0.144931	4
0.144954	4
0.144976	4
0.144998	4
0.14502	4
0.145042	4
0.145065	4
0.145087	4
0.145109	4
0.145131	4
0.145154	4
0.145176	4
0.145198	4
0.14522	4
0.145242	4
0.145265	4
0.145287	4
0.145309	4
0.145331	4
0.145353	4
0.145376	4
0.145398	4
0.14542	4
0.145442	4
0.145464	4
0.145487	4
0.145509	4
0.145531	4
0.145553	4
0.145575	4
0.145597	4
0.14562	4
0.145642	4
0.145664	4
0.145686	4
0.145708	4
0.145731	4
0.145753	4
0.145775	4
0.145797	4
0.145819	4
0.145842	4
0.145864	4
0.145886	4
0.145908	4
0.14593	4
0.145952	4
0.145975	4
0.145997	4
0.146019	4
0.146041	4
0.146063	4
0.146086	4
0.146108	4
0.14613	4
0.146152	4
0.146174	4
0.146196	4
0.146219	4
0.146241	4
0.146263	4
0.146285	4
0.146307	4
0.146329	4
0.146352	4
0.146374	4
0.146396	4
0.146418	4
0.14644	4
0.146462	4
0.146485	4
0.146507	4
0.146529	4
0.146551	4
0.146573	4
0.146596	4
0.146618	4
0.14664	4
0.146662	4
0.146684	4
0.146706	4
0.146729	4
0.146751	4
0.146773	4
0.146795	4
0.146817	4
0.146839	4
0.146862	4
0.146884	4
0.146906	4
0.146928	4
0.14695	4
0.146972	4
0.146995	4
0.147017	4
0.147039	4
0.147061	4
0.147083	4
0.147105	4
0.147128	4
0.14715	4
0.147172	4
0.147194	4
0.147216	4
0.147238	4
0.147261	4
0.147283	4
0.147305	4
0.147327	4
0.147349	4
0.147371	4
0.147393	4
0.147416	4
0.147438	4
0.14746	4
0.147482	4
0.147504	4
0.147526	4
0.147549	4
0.147571	4
0.147593	4
0.147615	4
0.147637	4
0.147659	4
0.147682	4
0.147704	4
0.147726	4
0.147748	4
0.14777	4
0.147792	4
0.147815	4
0.147837	4
0.147859	4
0.147881	4
0.147903	4
0.147925	4
0.147948	4
0.14797	4
0.147992	4
0.148014	4
0.148036	4
0.148058	5
0.148081	5
0.148103	5
0.148125	5
0.148147	5
0.148169	5
0.148191	5
0.148214	5
0.148236	5
0.148258	5
0.14828	5
0.148302	5
0.148324	5
0.148347	5
0.148369	5
0.148391	5
0.148413	5
0.148435	5
0.148458	5
0.14848	5
0.148502	5
0.148524	5
0.148546	5
0.148568	5
0.148591	5
0.148613	5
0.148635	5
0.148657	5
0.148679	5
0.148701	5
0.148724	5
0.148746	5
0.148768	5
0.14879	5
0.148812	5
0.148835	5
0.148857	5
0.148879	5
0.148901	5
0.148923	5
0.148945	5
0.148968	5
0.14899	5
0.149012	5
0.149034	5
0.149056	5
0.149079	5
0.149101	5
0.149123	5
0.149145	5
0.149167	5
0.149189	5
0.149212	5
0.149234	5
0.149256	5
0.149278	5
0.1493	5
0.149323	5
0.149345	5
0.149367	5
0.149389	5
0.149411	5
0.149434	5
0.149456	5
0.149478	5
0.1495	5
0.149522	5
0.149545	5
0.149567	5
0.149589	5
0.149611	5
0.149633	5
0.149656	5
0.149678	5
0.1497	5
0.149722	5
0.149744	5
0.149767	5
0.149789	5
0.149811	5
0.149833	5
0.149856	5
0.149878	5
0.1499	5
0.149922	5
0.149944	5
0.149967	5
0.149989	5
0.150011	5
