0.100017	0.100017
0.10004	0.10004
0.100063	0.100063
0.100086	0.100086
0.100109	0.100109
0.100132	0.100132
0.100154	0.100154
0.100177	0.100177
0.1002	0.1002
0.100223	0.100223
0.100246	0.100246
0.100269	0.100269
0.100292	0.100292
0.100314	0.100314
0.100337	0.100337
0.10036	0.10036
0.100383	0.100383
0.100406	0.100406
0.100429	0.100429
0.100451	0.100451
0.100474	0.100474
0.100497	0.100497
0.10052	0.10052
0.100543	0.100543
0.100566	0.100566
0.100588	0.100588
0.100611	0.100611
0.100634	0.100634
0.100657	0.100657
0.10068	0.10068
0.100703	0.100703
0.100725	0.100725
0.100748	0.100748
0.100771	0.100771
0.100794	0.100794
0.100817	0.100817
0.10084	0.10084
0.100862	0.100862
0.100885	0.100885
0.100908	0.100908
0.100931	0.100931
0.100954	0.100954
0.100976	0.100976
0.100999	0.100999
0.101022	0.101022
0.101045	0.101045
0.101068	0.101068
0.10109	0.10109
0.101113	0.101113
0.101136	0.101136
0.101159	0.101159
0.101182	0.101182
0.101205	0.101205
0.101227	0.101227
0.10125	0.10125
0.101273	0.101273
0.101296	0.101296
0.101319	0.101319
0.101341	0.101341
0.101364	0.101364
0.101387	0.101387
0.10141	0.10141
0.101432	0.101432
0.101455	0.101455
0.101478	0.101478
0.101501	0.101501
0.101524	0.101524
0.101546	0.101546
0.101569	0.101569
0.101592	0.101592
0.101615	0.101615
0.101638	0.101638
0.10166	0.10166
0.101683	0.101683
0.101706	0.101706
0.101729	0.101729
0.101751	0.101751
0.101774	0.101774
0.101797	0.101797
0.10182	0.10182
0.101843	0.101843
0.101865	0.101865
0.101888	0.101888
0.101911	0.101911
0.101934	0.101934
0.101956	0.101956
0.101979	0.101979
0.102002	0.102002
0.102025	0.102025
0.102047	0.102047
0.10207	0.10207
0.102093	0.102093
0.102116	0.102116
0.102138	0.102138
0.102161	0.102161
0.102184	0.102184
0.102207	0.102207
0.102229	0.102229
0.102252	0.102252
0.102275	0.102275
0.102298	0.102298
0.102321	0.102321
0.102343	0.102343
0.102366	0.102366
0.102389	0.102389
0.102411	0.102411
0.102434	0.102434
0.102457	0.102457
0.10248	0.10248
0.102502	0.102502
0.102525	0.102525
0.102548	0.102548
0.102571	0.102571
0.102593	0.102593
0.102616	0.102616
0.102639	0.102639
0.102662	0.102662
0.102684	0.102684
0.102707	0.102707
0.10273	0.10273
0.102753	0.102753
0.102775	0.102775
0.102798	0.102798
0.102821	0.102821
0.102844	0.102844
0.102866	0.102866
0.102889	0.102889
0.102912	0.102912
0.102934	0.102934
0.102957	0.102957
0.10298	0.10298
0.103003	0.103003
0.103025	0.103025
0.103048	0.103048
0.103071	0.103071
0.103093	0.103093
0.103116	0.103116
0.103139	0.103139
0.103162	0.103162
0.103184	0.103184
0.103207	0.103207
0.10323	0.10323
0.103252	0.103252
0.103275	0.103275
0.103298	0.103298
0.103321	0.103321
0.103343	0.103343
0.103366	0.103366
0.103389	0.103389
0.103411	0.103411
0.103434	0.103434
0.103457	0.103457
0.10348	0.10348
0.103502	0.103502
0.103525	0.103525
0.103548	0.103548
0.10357	0.10357
0.103593	0.103593
0.103616	0.103616
0.103638	0.103638
0.103661	0.103661
0.103684	0.103684
0.103707	0.103707
0.103729	0.103729
0.103752	0.103752
0.103775	0.103775
0.103797	0.103797
0.10382	0.10382
0.103843	0.103843
0.103865	0.103865
0.103888	0.103888
0.103911	0.103911
0.103933	0.103933
0.103956	0.103956
0.103979	0.103979
0.104001	0.104001
0.104024	0.104024
0.104047	0.104047
0.10407	0.10407
0.104092	0.104092
0.104115	0.104115
0.104138	0.104138
0.10416	0.10416
0.104183	0.104183
0.104206	0.104206
0.104228	0.104228
0.104251	0.104251
0.104274	0.104274
0.104296	0.104296
0.104319	0.104319
0.104342	0.104342
0.104364	0.104364
0.104387	0.104387
0.10441	0.10441
0.104432	0.104432
0.104455	0.104455
0.104478	0.104478
0.1045	0.1045
0.104523	0.104523
0.104546	0.104546
0.104568	0.104568
0.104591	0.104591
0.104614	0.104614
0.104636	0.104636
0.104659	0.104659
0.104682	0.104682
0.104704	0.104704
0.104727	0.104727
0.10475	0.10475
0.104772	0.104772
0.104795	0.104795
0.104818	0.104818
0.10484	0.10484
0.104863	0.104863
0.104886	0.104886
0.104908	0.104908
0.104931	0.104931
0.104954	0.104954
0.104976	0.104976
0.104999	0.104999
0.105022	0.105022
0.105044	0.105044
0.105067	0.105067
0.105089	0.105089
0.105112	0.105112
0.105135	0.105135
0.105157	0.105157
0.10518	0.10518
0.105203	0.105203
0.105225	0.105225
0.105248	0.105248
0.105271	0.105271
0.105293	0.105293
0.105316	0.105316
0.105339	0.105339
0.105361	0.105361
0.105384	0.105384
0.105407	0.105407
0.105429	0.105429
0.105452	0.105452
0.105474	0.105474
0.105497	0.105497
0.10552	0.10552
0.105542	0.105542
0.105565	0.105565
0.105588	0.105588
0.10561	0.10561
0.105633	0.105633
0.105656	0.105656
0.105678	0.105678
0.105701	0.105701
0.105724	0.105724
0.105746	0.105746
0.105769	0.105769
0.105791	0.105791
0.105814	0.105814
0.105837	0.105837
0.105859	0.105859
0.105882	0.105882
0.105905	0.105905
0.105927	0.105927
0.10595	0.10595
0.105972	0.105972
0.105995	0.105995
0.106018	0.106018
0.10604	0.10604
0.106063	0.106063
0.106086	0.106086
0.106108	0.106108
0.106131	0.106131
0.106154	0.106154
0.106176	0.106176
0.106199	0.106199
0.106221	0.106221
0.106244	0.106244
0.106267	0.106267
0.106289	0.106289
0.106312	0.106312
0.106335	0.106335
0.106357	0.106357
0.10638	0.10638
0.106402	0.106402
0.106425	0.106425
0.106448	0.106448
0.10647	0.10647
0.106493	0.106493
0.106516	0.106516
0.106538	0.106538
0.106561	0.106561
0.106583	0.106583
0.106606	0.106606
0.106629	0.106629
0.106651	0.106651
0.106674	0.106674
0.106696	0.106696
0.106719	0.106719
0.106742	0.106742
0.106764	0.106764
0.106787	0.106787
0.10681	0.10681
0.106832	0.106832
0.106855	0.106855
0.106877	0.106877
0.1069	0.1069
0.106923	0.106923
0.106945	0.106945
0.106968	0.106968
0.106991	0.106991
0.107013	0.107013
0.107036	0.107036
0.107058	0.107058
0.107081	0.107081
0.107104	0.107104
0.107126	0.107126
0.107149	0.107149
0.107171	0.107171
0.107194	0.107194
0.107217	0.107217
0.107239	0.107239
0.107262	0.107262
0.107285	0.107285
0.107307	0.107307
0.10733	0.10733
0.107352	0.107352
0.107375	0.107375
0.107398	0.107398
0.10742	0.10742
0.107443	0.107443
0.107465	0.107465
0.107488	0.107488
0.107511	0.107511
0.107533	0.107533
0.107556	0.107556
0.107579	0.107579
0.107601	0.107601
0.107624	0.107624
0.107646	0.107646
0.107669	0.107669
0.107692	0.107692
0.107714	0.107714
0.107737	0.107737
0.107759	0.107759
0.107782	0.107782
0.107805	0.107805
0.107827	0.107827
0.10785	0.10785
0.107872	0.107872
0.107895	0.107895
0.107918	0.107918
0.10794	0.10794
0.107963	0.107963
0.107986	0.107986
0.108008	0.108008
0.108031	0.108031
0.108053	0.108053
0.108076	0.108076
0.108099	0.108099
0.108121	0.108121
0.108144	0.108144
0.108166	0.108166
0.108189	0.108189
0.108212	0.108212
0.108234	0.108234
0.108257	0.108257
0.108279	0.108279
0.108302	0.108302
0.108325	0.108325
0.108347	0.108347
0.10837	0.10837
0.108393	0.108393
0.108415	0.108415
0.108438	0.108438
0.10846	0.10846
0.108483	0.108483
0.108506	0.108506
0.108528	0.108528
0.108551	0.108551
0.108573	0.108573
0.108596	0.108596
0.108619	0.108619
0.108641	0.108641
0.108664	0.108664
0.108687	0.108687
0.108709	0.108709
0.108732	0.108732
0.108754	0.108754
0.108777	0.108777
0.1088	0.1088
0.108822	0.108822
0.108845	0.108845
0.108867	0.108867
0.10889	0.10889
0.108913	0.108913
0.108935	0.108935
0.108958	0.108958
0.10898	0.10898
0.109003	0.109003
0.109026	0.109026
0.109048	0.109048
0.109071	0.109071
0.109094	0.109094
0.109116	0.109116
0.109139	0.109139
0.109161	0.109161
0.109184	0.109184
0.109207	0.109207
0.109229	0.109229
0.109252	0.109252
0.109275	0.109275
0.109297	0.109297
0.10932	0.10932
0.109342	0.109342
0.109365	0.109365
0.109388	0.109388
0.10941	0.10941
0.109433	0.109433
0.109455	0.109455
0.109478	0.109478
0.109501	0.109501
0.109523	0.109523
0.109546	0.109546
0.109569	0.109569
0.109591	0.109591
0.109614	0.109614
0.109636	0.109636
0.109659	0.109659
0.109682	0.109682
0.109704	0.109704
0.109727	0.109727
0.10975	0.10975
0.109772	0.109772
0.109795	0.109795
0.109817	0.109817
0.10984	0.10984
0.109863	0.109863
0.109885	0.109885
0.109908	0.109908
0.109931	0.109931
0.109953	0.109953
0.109976	0.109976
0.109998	0.109998
0.110021	0.110021
0.110044	0.110044
0.110066	0.110066
0.110089	0.110089
0.110112	0.110112
0.110134	0.110134
0.110157	0.110157
0.11018	0.11018
0.110202	0.110202
0.110225	0.110225
0.110247	0.110247
0.11027	0.11027
0.110293	0.110293
0.110315	0.110315
0.110338	0.110338
0.110361	0.110361
0.110383	0.110383
0.110406	0.110406
0.110428	0.110428
0.110451	0.110451
0.110474	0.110474
0.110496	0.110496
0.110519	0.110519
0.110542	0.110542
0.110564	0.110564
0.110587	0.110587
0.11061	0.11061
0.110632	0.110632
0.110655	0.110655
0.110678	0.110678
0.1107	0.1107
0.110723	0.110723
0.110745	0.110745
0.110768	0.110768
0.110791	0.110791
0.110813	0.110813
0.110836	0.110836
0.110859	0.110859
0.110881	0.110881
0.110904	0.110904
0.110927	0.110927
0.110949	0.110949
0.110972	0.110972
0.110995	0.110995
0.111017	0.111017
0.11104	0.11104
0.111063	0.111063
0.111085	0.111085
0.111108	0.111108
0.11113	0.11113
0.111153	0.111153
0.111176	0.111176
0.111198	0.111198
0.111221	0.111221
0.111244	0.111244
0.111266	0.111266
0.111289	0.111289
0.111312	0.111312
0.111334	0.111334
0.111357	0.111357
0.11138	0.11138
0.111402	0.111402
0.111425	0.111425
0.111448	0.111448
0.11147	0.11147
0.111493	0.111493
0.111516	0.111516
0.111538	0.111538
0.111561	0.111561
0.111584	0.111584
0.111606	0.111606
0.111629	0.111629
0.111652	0.111652
0.111674	0.111674
0.111697	0.111697
0.11172	0.11172
0.111742	0.111742
0.111765	0.111765
0.111788	0.111788
0.11181	0.11181
0.111833	0.111833
0.111856	0.111856
0.111878	0.111878
0.111901	0.111901
0.111924	0.111924
0.111946	0.111946
0.111969	0.111969
0.111992	0.111992
0.112014	0.112014
0.112037	0.112037
0.11206	0.11206
0.112082	0.112082
0.112105	0.112105
0.112128	0.112128
0.11215	0.11215
0.112173	0.112173
0.112196	0.112196
0.112219	0.112219
0.112241	0.112241
0.112264	0.112264
0.112287	0.112287
0.112309	0.112309
0.112332	0.112332
0.112355	0.112355
0.112377	0.112377
0.1124	0.1124
0.112423	0.112423
0.112445	0.112445
0.112468	0.112468
0.112491	0.112491
0.112513	0.112513
0.112536	0.112536
0.112559	0.112559
0.112582	0.112582
0.112604	0.112604
0.112627	0.112627
0.11265	0.11265
0.112672	0.112672
0.112695	0.112695
0.112718	0.112718
0.11274	0.11274
0.112763	0.112763
0.112786	0.112786
0.112809	0.112809
0.112831	0.112831
0.112854	0.112854
0.112877	0.112877
0.112899	0.112899
0.112922	0.112922
0.112945	0.112945
0.112967	0.112967
0.11299	0.11299
0.113013	0.113013
0.113036	0.113036
0.113058	0.113058
0.113081	0.113081
0.113104	0.113104
0.113126	0.113126
0.113149	0.113149
0.113172	0.113172
0.113195	0.113195
0.113217	0.113217
0.11324	0.11324
0.113263	0.113263
0.113285	0.113285
0.113308	0.113308
0.113331	0.113331
0.113354	0.113354
0.113376	0.113376
0.113399	0.113399
0.113422	0.113422
0.113445	0.113445
0.113467	0.113467
0.11349	0.11349
0.113513	0.113513
0.113535	0.113535
0.113558	0.113558
0.113581	0.113581
0.113604	0.113604
0.113626	0.113626
0.113649	0.113649
0.113672	0.113672
0.113695	0.113695
0.113717	0.113717
0.11374	0.11374
0.113763	0.113763
0.113786	0.113786
0.113808	0.113808
0.113831	0.113831
0.113854	0.113854
0.113876	0.113876
0.113899	0.113899
0.113922	0.113922
0.113945	0.113945
0.113967	0.113967
0.11399	0.11399
0.114013	0.114013
0.114036	0.114036
0.114058	0.114058
0.114081	0.114081
0.114104	0.114104
0.114126	0.114126
0.114149	0.114149
0.114172	0.114172
0.114195	0.114195
0.114217	0.114217
0.11424	0.11424
0.114263	0.114263
0.114286	0.114286
0.114308	0.114308
0.114331	0.114331
0.114354	0.114354
0.114376	0.114376
0.114399	0.114399
0.114422	0.114422
0.114444	0.114444
0.114467	0.114467
0.11449	0.11449
0.114513	0.114513
0.114535	0.114535
0.114558	0.114558
0.114581	0.114581
0.114603	0.114603
0.114626	0.114626
0.114649	0.114649
0.114671	0.114671
0.114694	0.114694
0.114717	0.114717
0.11474	0.11474
0.114762	0.114762
0.114785	0.114785
0.114808	0.114808
0.11483	0.11483
0.114853	0.114853
0.114876	0.114876
0.114898	0.114898
0.114921	0.114921
0.114944	0.114944
0.114966	0.114966
0.114989	0.114989
0.115012	0.115012
0.115034	0.115034
0.115057	0.115057
0.11508	0.11508
0.115102	0.115102
0.115125	0.115125
0.115148	0.115148
0.11517	0.11517
0.115193	0.115193
0.115216	0.115216
0.115238	0.115238
0.115261	0.115261
0.115284	0.115284
0.115306	0.115306
0.115329	0.115329
0.115352	0.115352
0.115374	0.115374
0.115397	0.115397
0.11542	0.11542
0.115442	0.115442
0.115465	0.115465
0.115488	0.115488
0.11551	0.11551
0.115533	0.115533
0.115556	0.115556
0.115578	0.115578
0.115601	0.115601
0.115624	0.115624
0.115646	0.115646
0.115669	0.115669
0.115691	0.115691
0.115714	0.115714
0.115737	0.115737
0.115759	0.115759
0.115782	0.115782
0.115805	0.115805
0.115827	0.115827
0.11585	0.11585
0.115873	0.115873
0.115895	0.115895
0.115918	0.115918
0.11594	0.11594
0.115963	0.115963
0.115986	0.115986
0.116008	0.116008
0.116031	0.116031
0.116054	0.116054
0.116076	0.116076
0.116099	0.116099
0.116121	0.116121
0.116144	0.116144
0.116167	0.116167
0.116189	0.116189
0.116212	0.116212
0.116235	0.116235
0.116257	0.116257
0.11628	0.11628
0.116302	0.116302
0.116325	0.116325
0.116348	0.116348
0.11637	0.11637
0.116393	0.116393
0.116415	0.116415
0.116438	0.116438
0.116461	0.116461
0.116483	0.116483
0.116506	0.116506
0.116528	0.116528
0.116551	0.116551
0.116574	0.116574
0.116596	0.116596
0.116619	0.116619
0.116641	0.116641
0.116664	0.116664
0.116687	0.116687
0.116709	0.116709
0.116732	0.116732
0.116754	0.116754
0.116777	0.116777
0.1168	0.1168
0.116822	0.116822
0.116845	0.116845
0.116867	0.116867
0.11689	0.11689
0.116912	0.116912
0.116935	0.116935
0.116958	0.116958
0.11698	0.11698
0.117003	0.117003
0.117025	0.117025
0.117048	0.117048
0.11707	0.11707
0.117093	0.117093
0.117116	0.117116
0.117138	0.117138
0.117161	0.117161
0.117183	0.117183
0.117206	0.117206
0.117228	0.117228
0.117251	0.117251
0.117274	0.117274
0.117296	0.117296
0.117319	0.117319
0.117341	0.117341
0.117364	0.117364
0.117386	0.117386
0.117409	0.117409
0.117432	0.117432
0.117454	0.117454
0.117477	0.117477
0.117499	0.117499
0.117522	0.117522
0.117544	0.117544
0.117567	0.117567
0.117589	0.117589
0.117612	0.117612
0.117635	0.117635
0.117657	0.117657
0.11768	0.11768
0.117702	0.117702
0.117725	0.117725
0.117747	0.117747
0.11777	0.11777
0.117792	0.117792
0.117815	0.117815
0.117837	0.117837
0.11786	0.11786
0.117883	0.117883
0.117905	0.117905
0.117928	0.117928
0.11795	0.11795
0.117973	0.117973
0.117995	0.117995
0.118018	0.118018
0.11804	0.11804
0.118063	0.118063
0.118085	0.118085
0.118108	0.118108
0.11813	0.11813
0.118153	0.118153
0.118175	0.118175
0.118198	0.118198
0.118221	0.118221
0.118243	0.118243
0.118266	0.118266
0.118288	0.118288
0.118311	0.118311
0.118333	0.118333
0.118356	0.118356
0.118378	0.118378
0.118401	0.118401
0.118423	0.118423
0.118446	0.118446
0.118468	0.118468
0.118491	0.118491
0.118513	0.118513
0.118536	0.118536
0.118558	0.118558
0.118581	0.118581
0.118603	0.118603
0.118626	0.118626
0.118648	0.118648
0.118671	0.118671
0.118693	0.118693
0.118716	0.118716
0.118738	0.118738
0.118761	0.118761
0.118783	0.118783
0.118806	0.118806
0.118829	0.118829
0.118851	0.118851
0.118874	0.118874
0.118896	0.118896
0.118919	0.118919
0.118941	0.118941
0.118964	0.118964
0.118986	0.118986
0.119009	0.119009
0.119031	0.119031
0.119054	0.119054
0.119076	0.119076
0.119099	0.119099
0.119121	0.119121
0.119144	0.119144
0.119166	0.119166
0.119189	0.119189
0.119211	0.119211
0.119234	0.119234
0.119256	0.119256
0.119279	0.119279
0.119301	0.119301
0.119324	0.119324
0.119346	0.119346
0.119369	0.119369
0.119391	0.119391
0.119414	0.119414
0.119436	0.119436
0.119459	0.119459
0.119481	0.119481
0.119504	0.119504
0.119526	0.119526
0.119548	0.119548
0.119571	0.119571
0.119593	0.119593
0.119616	0.119616
0.119638	0.119638
0.119661	0.119661
0.119683	0.119683
0.119706	0.119706
0.119728	0.119728
0.119751	0.119751
0.119773	0.119773
0.119796	0.119796
0.119818	0.119818
0.119841	0.119841
0.119863	0.119863
0.119886	0.119886
0.119908	0.119908
0.119931	0.119931
0.119953	0.119953
0.119976	0.119976
0.119998	0.119998
0.120021	0.120021
0.120043	0.120043
0.120066	0.120066
0.120088	0.120088
0.120111	0.120111
0.120133	0.120133
0.120156	0.120156
0.120178	0.120178
0.120201	0.120201
0.120223	0.120223
0.120245	0.120245
0.120268	0.120268
0.12029	0.12029
0.120313	0.120313
0.120335	0.120335
0.120358	0.120358
0.12038	0.12038
0.120403	0.120403
0.120425	0.120425
0.120448	0.120448
0.12047	0.12047
0.120493	0.120493
0.120515	0.120515
0.120538	0.120538
0.12056	0.12056
0.120583	0.120583
0.120605	0.120605
0.120628	0.120628
0.12065	0.12065
0.120673	0.120673
0.120695	0.120695
0.120717	0.120717
0.12074	0.12074
0.120762	0.120762
0.120785	0.120785
0.120807	0.120807
0.12083	0.12083
0.120852	0.120852
0.120875	0.120875
0.120897	0.120897
0.12092	0.12092
0.120942	0.120942
0.120965	0.120965
0.120987	0.120987
0.12101	0.12101
0.121032	0.121032
0.121055	0.121055
0.121077	0.121077
0.1211	0.1211
0.121122	0.121122
0.121144	0.121144
0.121167	0.121167
0.121189	0.121189
0.121212	0.121212
0.121234	0.121234
0.121257	0.121257
0.121279	0.121279
0.121302	0.121302
0.121324	0.121324
0.121347	0.121347
0.121369	0.121369
0.121392	0.121392
0.121414	0.121414
0.121437	0.121437
0.121459	0.121459
0.121482	0.121482
0.121504	0.121504
0.121526	0.121526
0.121549	0.121549
0.121571	0.121571
0.121594	0.121594
0.121616	0.121616
0.121639	0.121639
0.121661	0.121661
0.121684	0.121684
0.121706	0.121706
0.121729	0.121729
0.121751	0.121751
0.121774	0.121774
0.121796	0.121796
0.121819	0.121819
0.121841	0.121841
0.121864	0.121864
0.121886	0.121886
0.121908	0.121908
0.121931	0.121931
0.121953	0.121953
0.121976	0.121976
0.121998	0.121998
0.122021	0.122021
0.122043	0.122043
0.122066	0.122066
0.122088	0.122088
0.122111	0.122111
0.122133	0.122133
0.122156	0.122156
0.122178	0.122178
0.122201	0.122201
0.122223	0.122223
0.122246	0.122246
0.122268	0.122268
0.122291	0.122291
0.122313	0.122313
0.122335	0.122335
0.122358	0.122358
0.12238	0.12238
0.122403	0.122403
0.122425	0.122425
0.122448	0.122448
0.12247	0.12247
0.122493	0.122493
0.122515	0.122515
0.122538	0.122538
0.12256	0.12256
0.122583	0.122583
0.122605	0.122605
0.122628	0.122628
0.12265	0.12265
0.122673	0.122673
0.122695	0.122695
0.122718	0.122718
0.12274	0.12274
0.122763	0.122763
0.122785	0.122785
0.122808	0.122808
0.12283	0.12283
0.122853	0.122853
0.122875	0.122875
0.122897	0.122897
0.12292	0.12292
0.122942	0.122942
0.122965	0.122965
0.122987	0.122987
0.12301	0.12301
0.123032	0.123032
0.123055	0.123055
0.123077	0.123077
0.1231	0.1231
0.123122	0.123122
0.123145	0.123145
0.123167	0.123167
0.12319	0.12319
0.123212	0.123212
0.123235	0.123235
0.123257	0.123257
0.12328	0.12328
0.123302	0.123302
0.123325	0.123325
0.123347	0.123347
0.12337	0.12337
0.123392	0.123392
0.123415	0.123415
0.123437	0.123437
0.12346	0.12346
0.123482	0.123482
0.123505	0.123505
0.123527	0.123527
0.12355	0.12355
0.123572	0.123572
0.123595	0.123595
0.123617	0.123617
0.12364	0.12364
0.123662	0.123662
0.123685	0.123685
0.123707	0.123707
0.12373	0.12373
0.123752	0.123752
0.123775	0.123775
0.123797	0.123797
0.12382	0.12382
0.123842	0.123842
0.123865	0.123865
0.123887	0.123887
0.12391	0.12391
0.123932	0.123932
0.123955	0.123955
0.123977	0.123977
0.124	0.124
0.124022	0.124022
0.124045	0.124045
0.124067	0.124067
0.12409	0.12409
0.124112	0.124112
0.124135	0.124135
0.124157	0.124157
0.12418	0.12418
0.124202	0.124202
0.124225	0.124225
0.124247	0.124247
0.12427	0.12427
0.124292	0.124292
0.124315	0.124315
0.124338	0.124338
0.12436	0.12436
0.124383	0.124383
0.124405	0.124405
0.124428	0.124428
0.12445	0.12445
0.124473	0.124473
0.124495	0.124495
0.124518	0.124518
0.12454	0.12454
0.124563	0.124563
0.124585	0.124585
0.124608	0.124608
0.12463	0.12463
0.124653	0.124653
0.124675	0.124675
0.124698	0.124698
0.12472	0.12472
0.124743	0.124743
0.124766	0.124766
0.124788	0.124788
0.124811	0.124811
0.124833	0.124833
0.124856	0.124856
0.124878	0.124878
0.124901	0.124901
0.124923	0.124923
0.124946	0.124946
0.124968	0.124968
0.124991	0.124991
0.125013	0.125013
0.125036	0.125036
0.125059	0.125059
0.125081	0.125081
0.125104	0.125104
0.125126	0.125126
0.125149	0.125149
0.125171	0.125171
0.125194	0.125194
0.125216	0.125216
0.125239	0.125239
0.125261	0.125261
0.125284	0.125284
0.125307	0.125307
0.125329	0.125329
0.125352	0.125352
0.125374	0.125374
0.125397	0.125397
0.125419	0.125419
0.125442	0.125442
0.125464	0.125464
0.125487	0.125487
0.12551	0.12551
0.125532	0.125532
0.125555	0.125555
0.125577	0.125577
0.1256	0.1256
0.125622	0.125622
0.125645	0.125645
0.125668	0.125668
0.12569	0.12569
0.125713	0.125713
0.125735	0.125735
0.125758	0.125758
0.12578	0.12578
0.125803	0.125803
0.125826	0.125826
0.125848	0.125848
0.125871	0.125871
0.125893	0.125893
0.125916	0.125916
0.125938	0.125938
0.125961	0.125961
0.125984	0.125984
0.126006	0.126006
0.126029	0.126029
0.126051	0.126051
0.126074	0.126074
0.126097	0.126097
0.126119	0.126119
0.126142	0.126142
0.126164	0.126164
0.126187	0.126187
0.126209	0.126209
0.126232	0.126232
0.126255	0.126255
0.126277	0.126277
0.1263	0.1263
0.126322	0.126322
0.126345	0.126345
0.126368	0.126368
0.12639	0.12639
0.126413	0.126413
0.126435	0.126435
0.126458	0.126458
0.126481	0.126481
0.126503	0.126503
0.126526	0.126526
0.126548	0.126548
0.126571	0.126571
0.126594	0.126594
0.126616	0.126616
0.126639	0.126639
0.126662	0.126662
0.126684	0.126684
0.126707	0.126707
0.126729	0.126729
0.126752	0.126752
0.126775	0.126775
0.126797	0.126797
0.12682	0.12682
0.126842	0.126842
0.126865	0.126865
0.126888	0.126888
0.12691	0.12691
0.126933	0.126933
0.126956	0.126956
0.126978	0.126978
0.127001	0.127001
0.127023	0.127023
0.127046	0.127046
0.127069	0.127069
0.127091	0.127091
0.127114	0.127114
0.127137	0.127137
0.127159	0.127159
0.127182	0.127182
0.127205	0.127205
0.127227	0.127227
0.12725	0.12725
0.127272	0.127272
0.127295	0.127295
0.127318	0.127318
0.12734	0.12734
0.127363	0.127363
0.127386	0.127386
0.127408	0.127408
0.127431	0.127431
0.127453	0.127453
0.127476	0.127476
0.127499	0.127499
0.127521	0.127521
0.127544	0.127544
0.127567	0.127567
0.127589	0.127589
0.127612	0.127612
0.127634	0.127634
0.127657	0.127657
0.12768	0.12768
0.127702	0.127702
0.127725	0.127725
0.127748	0.127748
0.12777	0.12777
0.127793	0.127793
0.127815	0.127815
0.127838	0.127838
0.127861	0.127861
0.127883	0.127883
0.127906	0.127906
0.127928	0.127928
0.127951	0.127951
0.127974	0.127974
0.127996	0.127996
0.128019	0.128019
0.128041	0.128041
0.128064	0.128064
0.128087	0.128087
0.128109	0.128109
0.128132	0.128132
0.128154	0.128154
0.128177	0.128177
0.128199	0.128199
0.128222	0.128222
0.128245	0.128245
0.128267	0.128267
0.12829	0.12829
0.128312	0.128312
0.128335	0.128335
0.128358	0.128358
0.12838	0.12838
0.128403	0.128403
0.128425	0.128425
0.128448	0.128448
0.12847	0.12847
0.128493	0.128493
0.128516	0.128516
0.128538	0.128538
0.128561	0.128561
0.128583	0.128583
0.128606	0.128606
0.128628	0.128628
0.128651	0.128651
0.128673	0.128673
0.128696	0.128696
0.128719	0.128719
0.128741	0.128741
0.128764	0.128764
0.128786	0.128786
0.128809	0.128809
0.128831	0.128831
0.128854	0.128854
0.128876	0.128876
0.128899	0.128899
0.128921	0.128921
0.128944	0.128944
0.128967	0.128967
0.128989	0.128989
0.129012	0.129012
0.129034	0.129034
0.129057	0.129057
0.129079	0.129079
0.129102	0.129102
0.129124	0.129124
0.129147	0.129147
0.129169	0.129169
0.129192	0.129192
0.129214	0.129214
0.129237	0.129237
0.129259	0.129259
0.129282	0.129282
0.129305	0.129305
0.129327	0.129327
0.12935	0.12935
0.129372	0.129372
0.129395	0.129395
0.129417	0.129417
0.12944	0.12944
0.129462	0.129462
0.129485	0.129485
0.129507	0.129507
0.12953	0.12953
0.129552	0.129552
0.129575	0.129575
0.129597	0.129597
0.12962	0.12962
0.129642	0.129642
0.129665	0.129665
0.129687	0.129687
0.12971	0.12971
0.129732	0.129732
0.129755	0.129755
0.129777	0.129777
0.1298	0.1298
0.129822	0.129822
0.129845	0.129845
0.129867	0.129867
0.12989	0.12989
0.129912	0.129912
0.129935	0.129935
0.129957	0.129957
0.12998	0.12998
0.130002	0.130002
0.130025	0.130025
0.130047	0.130047
0.13007	0.13007
0.130092	0.130092
0.130114	0.130114
0.130137	0.130137
0.130159	0.130159
0.130182	0.130182
0.130204	0.130204
0.130227	0.130227
0.130249	0.130249
0.130272	0.130272
0.130294	0.130294
0.130317	0.130317
0.130339	0.130339
0.130362	0.130362
0.130384	0.130384
0.130407	0.130407
0.130429	0.130429
0.130452	0.130452
0.130474	0.130474
0.130496	0.130496
0.130519	0.130519
0.130541	0.130541
0.130564	0.130564
0.130586	0.130586
0.130609	0.130609
0.130631	0.130631
0.130654	0.130654
0.130676	0.130676
0.130699	0.130699
0.130721	0.130721
0.130743	0.130743
0.130766	0.130766
0.130788	0.130788
0.130811	0.130811
0.130833	0.130833
0.130856	0.130856
0.130878	0.130878
0.130901	0.130901
0.130923	0.130923
0.130945	0.130945
0.130968	0.130968
0.13099	0.13099
0.131013	0.131013
0.131035	0.131035
0.131058	0.131058
0.13108	0.13108
0.131103	0.131103
0.131125	0.131125
0.131147	0.131147
0.13117	0.13117
0.131192	0.131192
0.131215	0.131215
0.131237	0.131237
0.13126	0.13126
0.131282	0.131282
0.131304	0.131304
0.131327	0.131327
0.131349	0.131349
0.131372	0.131372
0.131394	0.131394
0.131417	0.131417
0.131439	0.131439
0.131461	0.131461
0.131484	0.131484
0.131506	0.131506
0.131529	0.131529
0.131551	0.131551
0.131573	0.131573
0.131596	0.131596
0.131618	0.131618
0.131641	0.131641
0.131663	0.131663
0.131686	0.131686
0.131708	0.131708
0.13173	0.13173
0.131753	0.131753
0.131775	0.131775
0.131798	0.131798
0.13182	0.13182
0.131842	0.131842
0.131865	0.131865
0.131887	0.131887
0.13191	0.13191
0.131932	0.131932
0.131954	0.131954
0.131977	0.131977
0.131999	0.131999
0.132022	0.132022
0.132044	0.132044
0.132067	0.132067
0.132089	0.132089
0.132111	0.132111
0.132134	0.132134
0.132156	0.132156
0.132179	0.132179
0.132201	0.132201
0.132223	0.132223
0.132246	0.132246
0.132268	0.132268
0.132291	0.132291
0.132313	0.132313
0.132335	0.132335
0.132358	0.132358
0.13238	0.13238
0.132402	0.132402
0.132425	0.132425
0.132447	0.132447
0.13247	0.13247
0.132492	0.132492
0.132514	0.132514
0.132537	0.132537
0.132559	0.132559
0.132582	0.132582
0.132604	0.132604
0.132626	0.132626
0.132649	0.132649
0.132671	0.132671
0.132694	0.132694
0.132716	0.132716
0.132738	0.132738
0.132761	0.132761
0.132783	0.132783
0.132805	0.132805
0.132828	0.132828
0.13285	0.13285
0.132873	0.132873
0.132895	0.132895
0.132917	0.132917
0.13294	0.13294
0.132962	0.132962
0.132985	0.132985
0.133007	0.133007
0.133029	0.133029
0.133052	0.133052
0.133074	0.133074
0.133096	0.133096
0.133119	0.133119
0.133141	0.133141
0.133164	0.133164
0.133186	0.133186
0.133208	0.133208
0.133231	0.133231
0.133253	0.133253
0.133275	0.133275
0.133298	0.133298
0.13332	0.13332
0.133343	0.133343
0.133365	0.133365
0.133387	0.133387
0.13341	0.13341
0.133432	0.133432
0.133454	0.133454
0.133477	0.133477
0.133499	0.133499
0.133521	0.133521
0.133544	0.133544
0.133566	0.133566
0.133589	0.133589
0.133611	0.133611
0.133633	0.133633
0.133656	0.133656
0.133678	0.133678
0.1337	0.1337
0.133723	0.133723
0.133745	0.133745
0.133767	0.133767
0.13379	0.13379
0.133812	0.133812
0.133835	0.133835
0.133857	0.133857
0.133879	0.133879
0.133902	0.133902
0.133924	0.133924
0.133946	0.133946
0.133969	0.133969
0.133991	0.133991
0.134013	0.134013
0.134036	0.134036
0.134058	0.134058
0.134081	0.134081
0.134103	0.134103
0.134125	0.134125
0.134148	0.134148
0.13417	0.13417
0.134192	0.134192
0.134215	0.134215
0.134237	0.134237
0.134259	0.134259
0.134282	0.134282
0.134304	0.134304
0.134326	0.134326
0.134349	0.134349
0.134371	0.134371
0.134393	0.134393
0.134416	0.134416
0.134438	0.134438
0.134461	0.134461
0.134483	0.134483
0.134505	0.134505
0.134528	0.134528
0.13455	0.13455
0.134572	0.134572
0.134595	0.134595
0.134617	0.134617
0.134639	0.134639
0.134662	0.134662
0.134684	0.134684
0.134706	0.134706
0.134729	0.134729
0.134751	0.134751
0.134773	0.134773
0.134796	0.134796
0.134818	0.134818
0.134841	0.134841
0.134863	0.134863
0.134885	0.134885
0.134908	0.134908
0.13493	0.13493
0.134952	0.134952
0.134975	0.134975
0.134997	0.134997
0.135019	0.135019
0.135042	0.135042
0.135064	0.135064
0.135086	0.135086
0.135109	0.135109
0.135131	0.135131
0.135153	0.135153
0.135176	0.135176
0.135198	0.135198
0.13522	0.13522
0.135243	0.135243
0.135265	0.135265
0.135288	0.135288
0.13531	0.13531
0.135332	0.135332
0.135355	0.135355
0.135377	0.135377
0.135399	0.135399
0.135422	0.135422
0.135444	0.135444
0.135466	0.135466
0.135489	0.135489
0.135511	0.135511
0.135533	0.135533
0.135556	0.135556
0.135578	0.135578
0.1356	0.1356
0.135623	0.135623
0.135645	0.135645
0.135667	0.135667
0.13569	0.13569
0.135712	0.135712
0.135735	0.135735
0.135757	0.135757
0.135779	0.135779
0.135802	0.135802
0.135824	0.135824
0.135846	0.135846
0.135869	0.135869
0.135891	0.135891
0.135913	0.135913
0.135936	0.135936
0.135958	0.135958
0.13598	0.13598
0.136003	0.136003
0.136025	0.136025
0.136048	0.136048
0.13607	0.13607
0.136092	0.136092
0.136115	0.136115
0.136137	0.136137
0.136159	0.136159
0.136182	0.136182
0.136204	0.136204
0.136226	0.136226
0.136249	0.136249
0.136271	0.136271
0.136293	0.136293
0.136316	0.136316
0.136338	0.136338
0.136361	0.136361
0.136383	0.136383
0.136405	0.136405
0.136428	0.136428
0.13645	0.13645
0.136472	0.136472
0.136495	0.136495
0.136517	0.136517
0.136539	0.136539
0.136562	0.136562
0.136584	0.136584
0.136607	0.136607
0.136629	0.136629
0.136651	0.136651
0.136674	0.136674
0.136696	0.136696
0.136718	0.136718
0.136741	0.136741
0.136763	0.136763
0.136785	0.136785
0.136808	0.136808
0.13683	0.13683
0.136853	0.136853
0.136875	0.136875
0.136897	0.136897
0.13692	0.13692
0.136942	0.136942
0.136964	0.136964
0.136987	0.136987
0.137009	0.137009
0.137032	0.137032
0.137054	0.137054
0.137076	0.137076
0.137099	0.137099
0.137121	0.137121
0.137143	0.137143
0.137166	0.137166
0.137188	0.137188
0.137211	0.137211
0.137233	0.137233
0.137255	0.137255
0.137278	0.137278
0.1373	0.1373
0.137322	0.137322
0.137345	0.137345
0.137367	0.137367
0.13739	0.13739
0.137412	0.137412
0.137434	0.137434
0.137457	0.137457
0.137479	0.137479
0.137502	0.137502
0.137524	0.137524
0.137546	0.137546
0.137569	0.137569
0.137591	0.137591
0.137613	0.137613
0.137636	0.137636
0.137658	0.137658
0.137681	0.137681
0.137703	0.137703
0.137725	0.137725
0.137748	0.137748
0.13777	0.13777
0.137793	0.137793
0.137815	0.137815
0.137837	0.137837
0.13786	0.13786
0.137882	0.137882
0.137905	0.137905
0.137927	0.137927
0.137949	0.137949
0.137972	0.137972
0.137994	0.137994
0.138017	0.138017
0.138039	0.138039
0.138061	0.138061
0.138084	0.138084
0.138106	0.138106
0.138129	0.138129
0.138151	0.138151
0.138173	0.138173
0.138196	0.138196
0.138218	0.138218
0.138241	0.138241
0.138263	0.138263
0.138286	0.138286
0.138308	0.138308
0.13833	0.13833
0.138353	0.138353
0.138375	0.138375
0.138398	0.138398
0.13842	0.13842
0.138442	0.138442
0.138465	0.138465
0.138487	0.138487
0.13851	0.13851
0.138532	0.138532
0.138555	0.138555
0.138577	0.138577
0.138599	0.138599
0.138622	0.138622
0.138644	0.138644
0.138667	0.138667
0.138689	0.138689
0.138712	0.138712
0.138734	0.138734
0.138756	0.138756
0.138779	0.138779
0.138801	0.138801
0.138824	0.138824
0.138846	0.138846
0.138869	0.138869
0.138891	0.138891
0.138913	0.138913
0.138936	0.138936
0.138958	0.138958
0.138981	0.138981
0.139003	0.139003
0.139026	0.139026
0.139048	0.139048
0.139071	0.139071
0.139093	0.139093
0.139115	0.139115
0.139138	0.139138
0.13916	0.13916
0.139183	0.139183
0.139205	0.139205
0.139228	0.139228
0.13925	0.13925
0.139273	0.139273
0.139295	0.139295
0.139318	0.139318
0.13934	0.13934
0.139362	0.139362
0.139385	0.139385
0.139407	0.139407
0.13943	0.13943
0.139452	0.139452
0.139475	0.139475
0.139497	0.139497
0.13952	0.13952
0.139542	0.139542
0.139565	0.139565
0.139587	0.139587
0.13961	0.13961
0.139632	0.139632
0.139655	0.139655
0.139677	0.139677
0.139699	0.139699
0.139722	0.139722
0.139744	0.139744
0.139767	0.139767
0.139789	0.139789
0.139812	0.139812
0.139834	0.139834
0.139857	0.139857
0.139879	0.139879
0.139902	0.139902
0.139924	0.139924
0.139947	0.139947
0.139969	0.139969
0.139992	0.139992
0.140014	0.140014
0.140037	0.140037
0.140059	0.140059
0.140082	0.140082
0.140104	0.140104
0.140127	0.140127
0.140149	0.140149
0.140172	0.140172
0.140194	0.140194
0.140217	0.140217
0.140239	0.140239
0.140262	0.140262
0.140284	0.140284
0.140307	0.140307
0.140329	0.140329
0.140352	0.140352
0.140374	0.140374
0.140397	0.140397
0.140419	0.140419
0.140442	0.140442
0.140464	0.140464
0.140487	0.140487
0.140509	0.140509
0.140532	0.140532
0.140554	0.140554
0.140577	0.140577
0.140599	0.140599
0.140621	0.140621
0.140644	0.140644
0.140666	0.140666
0.140689	0.140689
0.140711	0.140711
0.140734	0.140734
0.140756	0.140756
0.140779	0.140779
0.140801	0.140801
0.140824	0.140824
0.140846	0.140846
0.140869	0.140869
0.140891	0.140891
0.140914	0.140914
0.140936	0.140936
0.140958	0.140958
0.140981	0.140981
0.141003	0.141003
0.141026	0.141026
0.141048	0.141048
0.141071	0.141071
0.141093	0.141093
0.141116	0.141116
0.141138	0.141138
0.14116	0.14116
0.141183	0.141183
0.141205	0.141205
0.141228	0.141228
0.14125	0.14125
0.141273	0.141273
0.141295	0.141295
0.141317	0.141317
0.14134	0.14134
0.141362	0.141362
0.141385	0.141385
0.141407	0.141407
0.14143	0.14143
0.141452	0.141452
0.141474	0.141474
0.141497	0.141497
0.141519	0.141519
0.141542	0.141542
0.141564	0.141564
0.141586	0.141586
0.141609	0.141609
0.141631	0.141631
0.141654	0.141654
0.141676	0.141676
0.141698	0.141698
0.141721	0.141721
0.141743	0.141743
0.141766	0.141766
0.141788	0.141788
0.14181	0.14181
0.141833	0.141833
0.141855	0.141855
0.141878	0.141878
0.1419	0.1419
0.141922	0.141922
0.141945	0.141945
0.141967	0.141967
0.141989	0.141989
0.142012	0.142012
0.142034	0.142034
0.142057	0.142057
0.142079	0.142079
0.142101	0.142101
0.142124	0.142124
0.142146	0.142146
0.142168	0.142168
0.142191	0.142191
0.142213	0.142213
0.142236	0.142236
0.142258	0.142258
0.14228	0.14228
0.142303	0.142303
0.142325	0.142325
0.142347	0.142347
0.14237	0.14237
0.142392	0.142392
0.142414	0.142414
0.142437	0.142437
0.142459	0.142459
0.142481	0.142481
0.142504	0.142504
0.142526	0.142526
0.142548	0.142548
0.142571	0.142571
0.142593	0.142593
0.142615	0.142615
0.142638	0.142638
0.14266	0.14266
0.142682	0.142682
0.142705	0.142705
0.142727	0.142727
0.142749	0.142749
0.142772	0.142772
0.142794	0.142794
0.142816	0.142816
0.142839	0.142839
0.142861	0.142861
0.142883	0.142883
0.142906	0.142906
0.142928	0.142928
0.14295	0.14295
0.142973	0.142973
0.142995	0.142995
0.143017	0.143017
0.14304	0.14304
0.143062	0.143062
0.143084	0.143084
0.143106	0.143106
0.143129	0.143129
0.143151	0.143151
0.143173	0.143173
0.143196	0.143196
0.143218	0.143218
0.14324	0.14324
0.143263	0.143263
0.143285	0.143285
0.143307	0.143307
0.143329	0.143329
0.143352	0.143352
0.143374	0.143374
0.143396	0.143396
0.143419	0.143419
0.143441	0.143441
0.143463	0.143463
0.143485	0.143485
0.143508	0.143508
0.14353	0.14353
0.143552	0.143552
0.143575	0.143575
0.143597	0.143597
0.143619	0.143619
0.143641	0.143641
0.143664	0.143664
0.143686	0.143686
0.143708	0.143708
0.14373	0.14373
0.143753	0.143753
0.143775	0.143775
0.143797	0.143797
0.14382	0.14382
0.143842	0.143842
0.143864	0.143864
0.143886	0.143886
0.143909	0.143909
0.143931	0.143931
0.143953	0.143953
0.143975	0.143975
0.143998	0.143998
0.14402	0.14402
0.144042	0.144042
0.144064	0.144064
0.144087	0.144087
0.144109	0.144109
0.144131	0.144131
0.144153	0.144153
0.144176	0.144176
0.144198	0.144198
0.14422	0.14422
0.144242	0.144242
0.144265	0.144265
0.144287	0.144287
0.144309	0.144309
0.144331	0.144331
0.144354	0.144354
0.144376	0.144376
0.144398	0.144398
0.14442	0.14442
0.144443	0.144443
0.144465	0.144465
0.144487	0.144487
0.144509	0.144509
0.144531	0.144531
0.144554	0.144554
0.144576	0.144576
0.144598	0.144598
0.14462	0.14462
0.144643	0.144643
0.144665	0.144665
0.144687	0.144687
0.144709	0.144709
0.144731	0.144731
0.144754	0.144754
0.144776	0.144776
0.144798	0.144798
0.14482	0.14482
0.144843	0.144843
0.144865	0.144865
0.144887	0.144887
0.144909	0.144909
0.144931	0.144931
0.144954	0.144954
0.144976	0.144976
0.144998	0.144998
0.14502	0.14502
0.145042	0.145042
0.145065	0.145065
0.145087	0.145087
0.145109	0.145109
0.145131	0.145131
0.145154	0.145154
0.145176	0.145176
0.145198	0.145198
0.14522	0.14522
0.145242	0.145242
0.145265	0.145265
0.145287	0.145287
0.145309	0.145309
0.145331	0.145331
0.145353	0.145353
0.145376	0.145376
0.145398	0.145398
0.14542	0.14542
0.145442	0.145442
0.145464	0.145464
0.145487	0.145487
0.145509	0.145509
0.145531	0.145531
0.145553	0.145553
0.145575	0.145575
0.145597	0.145597
0.14562	0.14562
0.145642	0.145642
0.145664	0.145664
0.145686	0.145686
0.145708	0.145708
0.145731	0.145731
0.145753	0.145753
0.145775	0.145775
0.145797	0.145797
0.145819	0.145819
0.145842	0.145842
0.145864	0.145864
0.145886	0.145886
0.145908	0.145908
0.14593	0.14593
0.145952	0.145952
0.145975	0.145975
0.145997	0.145997
0.146019	0.146019
0.146041	0.146041
0.146063	0.146063
0.146086	0.146086
0.146108	0.146108
0.14613	0.14613
0.146152	0.146152
0.146174	0.146174
0.146196	0.146196
0.146219	0.146219
0.146241	0.146241
0.146263	0.146263
0.146285	0.146285
0.146307	0.146307
0.146329	0.146329
0.146352	0.146352
0.146374	0.146374
0.146396	0.146396
0.146418	0.146418
0.14644	0.14644
0.146462	0.146462
0.146485	0.146485
0.146507	0.146507
0.146529	0.146529
0.146551	0.146551
0.146573	0.146573
0.146596	0.146596
0.146618	0.146618
0.14664	0.14664
0.146662	0.146662
0.146684	0.146684
0.146706	0.146706
0.146729	0.146729
0.146751	0.146751
0.146773	0.146773
0.146795	0.146795
0.146817	0.146817
0.146839	0.146839
0.146862	0.146862
0.146884	0.146884
0.146906	0.146906
0.146928	0.146928
0.14695	0.14695
0.146972	0.146972
0.146995	0.146995
0.147017	0.147017
0.147039	0.147039
0.147061	0.147061
0.147083	0.147083
0.147105	0.147105
0.147128	0.147128
0.14715	0.14715
0.147172	0.147172
0.147194	0.147194
0.147216	0.147216
0.147238	0.147238
0.147261	0.147261
0.147283	0.147283
0.147305	0.147305
0.147327	0.147327
0.147349	0.147349
0.147371	0.147371
0.147393	0.147393
0.147416	0.147416
0.147438	0.147438
0.14746	0.14746
0.147482	0.147482
0.147504	0.147504
0.147526	0.147526
0.147549	0.147549
0.147571	0.147571
0.147593	0.147593
0.147615	0.147615
0.147637	0.147637
0.147659	0.147659
0.147682	0.147682
0.147704	0.147704
0.147726	0.147726
0.147748	0.147748
0.14777	0.14777
0.147792	0.147792
0.147815	0.147815
0.147837	0.147837
0.147859	0.147859
0.147881	0.147881
0.147903	0.147903
0.147925	0.147925
0.147948	0.147948
0.14797	0.14797
0.147992	0.147992
0.148014	0.148014
0.148036	0.148036
0.148058	0.148058
0.148081	0.148081
0.148103	0.148103
0.148125	0.148125
0.148147	0.148147
0.148169	0.148169
0.148191	0.148191
0.148214	0.148214
0.148236	0.148236
0.148258	0.148258
0.14828	0.14828
0.148302	0.148302
0.148324	0.148324
0.148347	0.148347
0.148369	0.148369
0.148391	0.148391
0.148413	0.148413
0.148435	0.148435
0.148458	0.148458
0.14848	0.14848
0.148502	0.148502
0.148524	0.148524
0.148546	0.148546
0.148568	0.148568
0.148591	0.148591
0.148613	0.148613
0.148635	0.148635
0.148657	0.148657
0.148679	0.148679
0.148701	0.148701
0.148724	0.148724
0.148746	0.148746
0.148768	0.148768
0.14879	0.14879
0.148812	0.148812
0.148835	0.148835
0.148857	0.148857
0.148879	0.148879
0.148901	0.148901
0.148923	0.148923
0.148945	0.148945
0.148968	0.148968
0.14899	0.14899
0.149012	0.149012
0.149034	0.149034
0.149056	0.149056
0.149079	0.149079
0.149101	0.149101
0.149123	0.149123
0.149145	0.149145
0.149167	0.149167
0.149189	0.149189
0.149212	0.149212
0.149234	0.149234
0.149256	0.149256
0.149278	0.149278
0.1493	0.1493
0.149323	0.149323
0.149345	0.149345
0.149367	0.149367
0.149389	0.149389
0.149411	0.149411
0.149434	0.149434
0.149456	0.149456
0.149478	0.149478
0.1495	0.1495
0.149522	0.149522
0.149545	0.149545
0.149567	0.149567
0.149589	0.149589
0.149611	0.149611
0.149633	0.149633
0.149656	0.149656
0.149678	0.149678
0.1497	0.1497
0.149722	0.149722
0.149744	0.149744
0.149767	0.149767
0.149789	0.149789
0.149811	0.149811
0.149833	0.149833
0.149856	0.149856
0.149878	0.149878
0.1499	0.1499
0.149922	0.149922
0.149944	0.149944
0.149967	0.149967
0.149989	0.149989
0.150011	0.150011
