0.100017	0.000273541
0.10004	0.000273577
0.100063	0.000273635
0.100086	0.000273722
0.100109	0.000273767
0.100132	0.00027381
0.100154	0.000273855
0.100177	0.000273896
0.1002	0.000273937
0.100223	0.000273975
0.100246	0.000274006
0.100269	0.000274036
0.100292	0.000274062
0.100314	0.000274073
0.100337	0.000274017
0.10036	0.000274176
0.100383	0.000274187
0.100406	0.000274132
0.100429	0.000274328
0.100451	0.000274369
0.100474	0.000274411
0.100497	0.000274441
0.10052	0.000274483
0.100543	0.000274514
0.100566	0.000274548
0.100588	0.000274585
0.100611	0.000274623
0.100634	0.000274662
0.100657	0.000274705
0.10068	0.000274744
0.100703	0.000274784
0.100725	0.000274827
0.100748	0.000274869
0.100771	0.000274911
0.100794	0.000274951
0.100817	0.000274985
0.10084	0.000275028
0.100862	0.000275071
0.100885	0.000275093
0.100908	0.000275178
0.100931	0.000275224
0.100954	0.000275268
0.100976	0.000275311
0.100999	0.00027537
0.101022	0.00027539
0.101045	0.000275432
0.101068	0.000275474
0.10109	0.000275513
0.101113	0.000275526
0.101136	0.000275588
0.101159	0.000275688
0.101182	0.000275777
0.101205	0.000275931
0.101227	0.000275808
0.10125	0.00027594
0.101273	0.000275892
0.101296	0.000276066
0.101319	0.000275811
0.101341	0.000275848
0.101364	0.000275943
0.101387	0.000275916
0.10141	0.000275924
0.101432	0.000275875
0.101455	0.000276013
0.101478	0.000276069
0.101501	0.000276105
0.101524	0.000276114
0.101546	0.000276175
0.101569	0.000276243
0.101592	0.000276286
0.101615	0.000276327
0.101638	0.000276368
0.10166	0.000276402
0.101683	0.00027644
0.101706	0.000276448
0.101729	0.000276461
0.101751	0.000276616
0.101774	0.00027664
0.101797	0.000276583
0.10182	0.000276808
0.101843	0.000276859
0.101865	0.000276906
0.101888	0.00027695
0.101911	0.000276995
0.101934	0.000277045
0.101956	0.000277086
0.101979	0.000277129
0.102002	0.000277168
0.102025	0.000277208
0.102047	0.000277243
0.10207	0.000277275
0.102093	0.000277308
0.102116	0.000277318
0.102138	0.000277278
0.102161	0.00027742
0.102184	0.000277377
0.102207	0.000277571
0.102229	0.000277617
0.102252	0.000277653
0.102275	0.000277691
0.102298	0.000277732
0.102321	0.000277764
0.102343	0.000277801
0.102366	0.000277837
0.102389	0.000277883
0.102411	0.000277926
0.102434	0.000277976
0.102457	0.000278028
0.10248	0.000278077
0.102502	0.000278126
0.102525	0.000278173
0.102548	0.00027822
0.102571	0.000278261
0.102593	0.000278301
0.102616	0.000278334
0.102639	0.000278372
0.102662	0.000278415
0.102684	0.00027847
0.102707	0.000278457
0.10273	0.000278579
0.102753	0.000278637
0.102775	0.00027866
0.102798	0.0002787
0.102821	0.000278741
0.102844	0.000278782
0.102866	0.000278821
0.102889	0.000278848
0.102912	0.000278972
0.102934	0.00027917
0.102957	0.000279008
0.10298	0.000279125
0.103003	0.0002792
0.103025	0.000279232
0.103048	0.000279128
0.103071	0.000279123
0.103093	0.000279247
0.103116	0.00027917
0.103139	0.000279194
0.103162	0.000279207
0.103184	0.000279233
0.103207	0.000279342
0.10323	0.000279385
0.103252	0.000279415
0.103275	0.000279451
0.103298	0.000279535
0.103321	0.000279585
0.103343	0.000279633
0.103366	0.000279684
0.103389	0.000279732
0.103411	0.000279778
0.103434	0.000279818
0.103457	0.000279851
0.10348	0.000279806
0.103502	0.000279966
0.103525	0.00028001
0.103548	0.000279938
0.10357	0.00028016
0.103593	0.000280216
0.103616	0.000280269
0.103638	0.000280316
0.103661	0.000280366
0.103684	0.000280413
0.103707	0.00028046
0.103729	0.000280504
0.103752	0.000280548
0.103775	0.000280595
0.103797	0.000280638
0.10382	0.00028068
0.103843	0.000280718
0.103865	0.000280761
0.103888	0.000280796
0.103911	0.000280812
0.103933	0.000280768
0.103956	0.000280845
0.103979	0.000281025
0.104001	0.000281077
0.104024	0.000281118
0.104047	0.00028116
0.10407	0.000281205
0.104092	0.000281254
0.104115	0.000281309
0.104138	0.000281363
0.10416	0.00028141
0.104183	0.000281464
0.104206	0.000281514
0.104228	0.000281566
0.104251	0.000281615
0.104274	0.000281663
0.104296	0.00028171
0.104319	0.000281755
0.104342	0.000281801
0.104364	0.000281845
0.104387	0.000281881
0.10441	0.000281924
0.104432	0.000281977
0.104455	0.000282015
0.104478	0.00028204
0.1045	0.000282072
0.104523	0.000282151
0.104546	0.000282217
0.104568	0.000282264
0.104591	0.000282311
0.104614	0.000282359
0.104636	0.000282408
0.104659	0.000282501
0.104682	0.000282552
0.104704	0.000282575
0.104727	0.000282669
0.10475	0.000282736
0.104772	0.000282894
0.104795	0.00028265
0.104818	0.000282695
0.10484	0.000282862
0.104863	0.000282744
0.104886	0.000282779
0.104908	0.000282809
0.104931	0.000282734
0.104954	0.000282928
0.104976	0.000282969
0.104999	0.000283018
0.105022	0.000282988
0.105044	0.000283144
0.105067	0.000283199
0.105089	0.000283253
0.105112	0.000283316
0.105135	0.000283354
0.105157	0.000283404
0.10518	0.000283452
0.105203	0.000283496
0.105225	0.000283532
0.105248	0.000283532
0.105271	0.000283585
0.105293	0.000283682
0.105316	0.000283628
0.105339	0.000283841
0.105361	0.000283893
0.105384	0.000283938
0.105407	0.000283987
0.105429	0.00028403
0.105452	0.000284076
0.105474	0.000284116
0.105497	0.000284159
0.10552	0.000284203
0.105542	0.000284248
0.105565	0.000284288
0.105588	0.00028433
0.10561	0.00028437
0.105633	0.000284409
0.105656	0.000284445
0.105678	0.000284476
0.105701	0.000284485
0.105724	0.000284427
0.105746	0.000284539
0.105769	0.000284705
0.105791	0.000284745
0.105814	0.000284801
0.105837	0.000284853
0.105859	0.000284904
0.105882	0.000284953
0.105905	0.000285002
0.105927	0.000285053
0.10595	0.000285097
0.105972	0.000285138
0.105995	0.000285182
0.106018	0.000285225
0.10604	0.000285269
0.106063	0.000285312
0.106086	0.000285357
0.106108	0.000285401
0.106131	0.000285444
0.106154	0.000285477
0.106176	0.000285528
0.106199	0.000285577
0.106221	0.000285624
0.106244	0.000285666
0.106267	0.000285709
0.106289	0.000285745
0.106312	0.000285673
0.106335	0.000285867
0.106357	0.000285919
0.10638	0.000285975
0.106402	0.000286134
0.106425	0.000286037
0.106448	0.000286134
0.10647	0.000286182
0.106493	0.000286321
0.106516	0.000286377
0.106538	0.000286196
0.106561	0.000286222
0.106583	0.000286306
0.106606	0.000286329
0.106629	0.000286332
0.106651	0.000286369
0.106674	0.0002864
0.106696	0.000286354
0.106719	0.00028654
0.106742	0.000286589
0.106764	0.00028662
0.106787	0.000286689
0.10681	0.000286756
0.106832	0.00028681
0.106855	0.000286866
0.106877	0.000286918
0.1069	0.000286968
0.106923	0.000287017
0.106945	0.000287063
0.106968	0.000287104
0.106991	0.000287152
0.107013	0.000287177
0.107036	0.000287116
0.107058	0.000287296
0.107081	0.000287236
0.107104	0.000287456
0.107126	0.000287504
0.107149	0.000287552
0.107171	0.000287598
0.107194	0.000287643
0.107217	0.000287689
0.107239	0.000287732
0.107262	0.000287779
0.107285	0.000287825
0.107307	0.000287869
0.10733	0.000287907
0.107352	0.000287947
0.107375	0.00028798
0.107398	0.000288013
0.10742	0.000288046
0.107443	0.000288085
0.107465	0.000288109
0.107488	0.00028813
0.107511	0.000288065
0.107533	0.000288264
0.107556	0.000288362
0.107579	0.00028841
0.107601	0.000288471
0.107624	0.000288509
0.107646	0.000288578
0.107669	0.000288609
0.107692	0.000288678
0.107714	0.000288701
0.107737	0.000288768
0.107759	0.000288805
0.107782	0.000288868
0.107805	0.000288892
0.107827	0.00028896
0.10785	0.000288984
0.107872	0.000289052
0.107895	0.000289075
0.107918	0.000289138
0.10794	0.000289168
0.107963	0.000289229
0.107986	0.000289262
0.108008	0.000289328
0.108031	0.000289349
0.108053	0.000289425
0.108076	0.000289424
0.108099	0.000289448
0.108121	0.000289522
0.108144	0.000289739
0.108166	0.000289591
0.108189	0.000289709
0.108212	0.000289775
0.108234	0.000289849
0.108257	0.000289961
0.108279	0.000289857
0.108302	0.000289831
0.108325	0.000289912
0.108347	0.000290069
0.10837	0.000289967
0.108393	0.000289993
0.108415	0.000290067
0.108438	0.000290084
0.10846	0.000290073
0.108483	0.000290222
0.108506	0.000290298
0.108528	0.000290302
0.108551	0.00029041
0.108573	0.000290447
0.108596	0.000290525
0.108619	0.000290554
0.108641	0.000290627
0.108664	0.000290652
0.108687	0.000290724
0.108709	0.000290743
0.108732	0.000290816
0.108754	0.000290833
0.108777	0.000290892
0.1088	0.000290869
0.108822	0.000290914
0.108845	0.000290934
0.108867	0.000291146
0.10889	0.000291181
0.108913	0.000291246
0.108935	0.000291276
0.108958	0.000291349
0.10898	0.000291372
0.109003	0.000291443
0.109026	0.000291465
0.109048	0.00029153
0.109071	0.000291546
0.109094	0.000291606
0.109116	0.00029162
0.109139	0.000291683
0.109161	0.000291697
0.109184	0.000291757
0.109207	0.000291772
0.109229	0.000291835
0.109252	0.000291847
0.109275	0.000291887
0.109297	0.000291806
0.10932	0.000292056
0.109342	0.000292112
0.109365	0.000292189
0.109388	0.000292218
0.10941	0.00029229
0.109433	0.000292316
0.109455	0.000292386
0.109478	0.000292411
0.109501	0.000292482
0.109523	0.000292506
0.109546	0.000292572
0.109569	0.000292598
0.109591	0.000292664
0.109614	0.000292689
0.109636	0.000292752
0.109659	0.00029279
0.109682	0.00029286
0.109704	0.000292888
0.109727	0.000292953
0.10975	0.000292984
0.109772	0.000293058
0.109795	0.000293089
0.109817	0.000293166
0.10984	0.000293188
0.109863	0.000293279
0.109885	0.000293274
0.109908	0.000293357
0.109931	0.00029334
0.109953	0.000293433
0.109976	0.000293499
0.109998	0.000293783
0.110021	0.000293625
0.110044	0.000293567
0.110066	0.000293613
0.110089	0.000293702
0.110112	0.000293815
0.110134	0.000293771
0.110157	0.000293817
0.11018	0.000293882
0.110202	0.000293919
0.110225	0.000293901
0.110247	0.000294051
0.11027	0.000294113
0.110293	0.00029414
0.110315	0.00029423
0.110338	0.000294281
0.110361	0.00029434
0.110383	0.000294388
0.110406	0.000294444
0.110428	0.000294492
0.110451	0.000294547
0.110474	0.000294596
0.110496	0.000294648
0.110519	0.000294696
0.110542	0.000294738
0.110564	0.000294766
0.110587	0.000294685
0.11061	0.000294852
0.110632	0.000294949
0.110655	0.000295045
0.110678	0.000295096
0.1107	0.000295145
0.110723	0.000295196
0.110745	0.000295242
0.110768	0.000295288
0.110791	0.000295332
0.110813	0.00029537
0.110836	0.000295409
0.110859	0.000295442
0.110881	0.000295498
0.110904	0.000295542
0.110927	0.000295585
0.110949	0.000295634
0.110972	0.00029568
0.110995	0.000295729
0.111017	0.00029577
0.11104	0.000295803
0.111063	0.000295782
0.111085	0.000295859
0.111108	0.000296011
0.11113	0.000296074
0.111153	0.000296127
0.111176	0.000296172
0.111198	0.000296215
0.111221	0.000296257
0.111244	0.000296302
0.111266	0.000296351
0.111289	0.000296399
0.111312	0.000296449
0.111334	0.000296498
0.111357	0.000296549
0.11138	0.000296591
0.111402	0.000296637
0.111425	0.00029668
0.111448	0.000296731
0.11147	0.000296775
0.111493	0.000296809
0.111516	0.000296869
0.111538	0.000296927
0.111561	0.000296988
0.111584	0.000297053
0.111606	0.000297208
0.111629	0.000297188
0.111652	0.000297201
0.111674	0.000297141
0.111697	0.000297283
0.11172	0.000297342
0.111742	0.000297551
0.111765	0.000297565
0.111788	0.000297472
0.11181	0.000297526
0.111833	0.000297587
0.111856	0.000297692
0.111878	0.000297705
0.111901	0.000297738
0.111924	0.000297793
0.111946	0.000297849
0.111969	0.0002979
0.111992	0.000297894
0.112014	0.000298023
0.112037	0.000298085
0.11206	0.000298125
0.112082	0.000298203
0.112105	0.000298263
0.112128	0.000298319
0.11215	0.000298374
0.112173	0.000298428
0.112196	0.000298483
0.112219	0.000298538
0.112241	0.000298591
0.112264	0.000298645
0.112287	0.000298693
0.112309	0.000298738
0.112332	0.000298772
0.112355	0.000298783
0.112377	0.000298727
0.1124	0.00029884
0.112423	0.000299035
0.112445	0.000299085
0.112468	0.000299134
0.112491	0.000299179
0.112513	0.000299222
0.112536	0.000299265
0.112559	0.000299309
0.112582	0.000299357
0.112604	0.000299405
0.112627	0.000299452
0.11265	0.000299501
0.112672	0.000299551
0.112695	0.0002996
0.112718	0.000299649
0.11274	0.000299693
0.112763	0.000299734
0.112786	0.000299773
0.112809	0.000299817
0.112831	0.000299828
0.112854	0.000299831
0.112877	0.000299921
0.112899	0.000300072
0.112922	0.000300122
0.112945	0.00030017
0.112967	0.000300216
0.11299	0.000300267
0.113013	0.000300312
0.113036	0.00030036
0.113058	0.000300405
0.113081	0.000300451
0.113104	0.000300497
0.113126	0.000300546
0.113149	0.000300593
0.113172	0.00030064
0.113195	0.000300688
0.113217	0.000300737
0.11324	0.000300776
0.113263	0.000300843
0.113285	0.000300908
0.113308	0.00030097
0.113331	0.000301059
0.113354	0.000301176
0.113376	0.000301172
0.113399	0.000301193
0.113422	0.000301193
0.113445	0.00030122
0.113467	0.000301386
0.11349	0.000301574
0.113513	0.000301458
0.113535	0.000301515
0.113558	0.00030155
0.113581	0.000301613
0.113604	0.000301687
0.113626	0.000301875
0.113649	0.000301775
0.113672	0.000301832
0.113695	0.000301889
0.113717	0.000301949
0.11374	0.000302003
0.113763	0.000302044
0.113786	0.000302114
0.113808	0.000302185
0.113831	0.000302233
0.113854	0.000302277
0.113876	0.000302308
0.113899	0.000302342
0.113922	0.00030237
0.113945	0.000302396
0.113967	0.000302422
0.11399	0.000302446
0.114013	0.00030247
0.114036	0.000302492
0.114058	0.000302514
0.114081	0.000302534
0.114104	0.000302549
0.114126	0.000302555
0.114149	0.000302535
0.114172	0.000302423
0.114195	0.000302598
0.114217	0.0003027
0.11424	0.00030272
0.114263	0.000302739
0.114286	0.000302755
0.114308	0.000302774
0.114331	0.000302793
0.114354	0.000302817
0.114376	0.000302839
0.114399	0.000302865
0.114422	0.000302889
0.114444	0.000302913
0.114467	0.000302935
0.11449	0.000302955
0.114513	0.000302975
0.114535	0.000302993
0.114558	0.000303009
0.114581	0.000303021
0.114603	0.000303019
0.114626	0.000302966
0.114649	0.00030308
0.114671	0.000303066
0.114694	0.000303173
0.114717	0.000303207
0.11474	0.000303227
0.114762	0.000303248
0.114785	0.000303268
0.114808	0.000303289
0.11483	0.000303306
0.114853	0.000303327
0.114876	0.000303349
0.114898	0.000303373
0.114921	0.000303397
0.114944	0.000303423
0.114966	0.000303441
0.114989	0.000303479
0.115012	0.000303513
0.115034	0.000303555
0.115057	0.000303602
0.11508	0.000303779
0.115102	0.000303634
0.115125	0.000303662
0.115148	0.000303758
0.11517	0.000303689
0.115193	0.000303726
0.115216	0.000303764
0.115238	0.00030382
0.115261	0.000303844
0.115284	0.000303955
0.115306	0.000303818
0.115329	0.000303907
0.115352	0.000303943
0.115374	0.000303991
0.115397	0.000304122
0.11542	0.000304015
0.115442	0.000304042
0.115465	0.00030407
0.115488	0.000304096
0.11551	0.000304121
0.115533	0.000304142
0.115556	0.000304101
0.115578	0.000304203
0.115601	0.000304225
0.115624	0.000304213
0.115646	0.000304283
0.115669	0.000304304
0.115691	0.000304329
0.115714	0.000304354
0.115737	0.000304381
0.115759	0.000304402
0.115782	0.000304428
0.115805	0.000304449
0.115827	0.000304461
0.11585	0.000304482
0.115873	0.000304504
0.115895	0.000304516
0.115918	0.000304511
0.11594	0.000304494
0.115963	0.000304414
0.115986	0.000304501
0.116008	0.000304642
0.116031	0.000304672
0.116054	0.00030469
0.116076	0.000304708
0.116099	0.000304728
0.116121	0.000304753
0.116144	0.000304777
0.116167	0.000304796
0.116189	0.00030482
0.116212	0.000304839
0.116235	0.00030486
0.116257	0.000304882
0.11628	0.000304898
0.116302	0.000304911
0.116325	0.000304927
0.116348	0.000304943
0.11637	0.000304951
0.116393	0.000304949
0.116415	0.000304907
0.116438	0.000305016
0.116461	0.000304998
0.116483	0.000305107
0.116506	0.000305128
0.116528	0.000305152
0.116551	0.000305169
0.116574	0.000305186
0.116596	0.000305209
0.116619	0.000305255
0.116641	0.000305279
0.116664	0.000305304
0.116687	0.000305331
0.116709	0.000305345
0.116732	0.000305397
0.116754	0.000305431
0.116777	0.000305474
0.1168	0.000305594
0.116822	0.00030558
0.116845	0.000305514
0.116867	0.000305555
0.11689	0.000305652
0.116912	0.000305614
0.116935	0.000305649
0.116958	0.000305768
0.11698	0.000305667
0.117003	0.000305672
0.117025	0.000305805
0.117048	0.000305804
0.11707	0.000305743
0.117093	0.000305787
0.117116	0.000305846
0.117138	0.000305885
0.117161	0.000305999
0.117183	0.000305898
0.117206	0.000305925
0.117228	0.00030595
0.117251	0.000305977
0.117274	0.000305997
0.117296	0.000306017
0.117319	0.000305998
0.117341	0.00030607
0.117364	0.000306091
0.117386	0.0003061
0.117409	0.000306136
0.117432	0.000306159
0.117454	0.000306182
0.117477	0.000306201
0.117499	0.000306222
0.117522	0.000306239
0.117544	0.000306255
0.117567	0.000306272
0.117589	0.000306289
0.117612	0.000306303
0.117635	0.000306315
0.117657	0.000306325
0.11768	0.000306323
0.117702	0.00030627
0.117725	0.000306233
0.117747	0.000306436
0.11777	0.000306451
0.117792	0.000306472
0.117815	0.000306505
0.117837	0.000306525
0.11786	0.000306548
0.117883	0.000306566
0.117905	0.000306586
0.117928	0.000306604
0.11795	0.000306621
0.117973	0.000306639
0.117995	0.000306654
0.118018	0.000306669
0.11804	0.000306682
0.118063	0.000306693
0.118085	0.000306706
0.118108	0.000306716
0.11813	0.000306723
0.118153	0.000306714
0.118175	0.00030668
0.118198	0.000306786
0.118221	0.000306756
0.118243	0.000306879
0.118266	0.000306903
0.118288	0.000306931
0.118311	0.000306956
0.118333	0.000306979
0.118356	0.000307004
0.118378	0.000307031
0.118401	0.000307056
0.118423	0.000307076
0.118446	0.000307079
0.118468	0.000307127
0.118491	0.000307171
0.118513	0.000307223
0.118536	0.000307272
0.118558	0.000307295
0.118581	0.000307224
0.118603	0.000307249
0.118626	0.000307284
0.118648	0.000307416
0.118671	0.00030731
0.118693	0.000307409
0.118716	0.000307402
0.118738	0.000307309
0.118761	0.000307306
0.118783	0.000307462
0.118806	0.000307414
0.118829	0.000307485
0.118851	0.000307369
0.118874	0.00030745
0.118896	0.000307474
0.118919	0.000307548
0.118941	0.000307522
0.118964	0.000307523
0.118986	0.000307536
0.119009	0.000307548
0.119031	0.00030756
0.119054	0.000307571
0.119076	0.000307572
0.119099	0.000307596
0.119121	0.000307612
0.119144	0.0003076
0.119166	0.000307633
0.119189	0.000307642
0.119211	0.000307652
0.119234	0.00030766
0.119256	0.00030767
0.119279	0.000307676
0.119301	0.000307686
0.119324	0.000307692
0.119346	0.0003077
0.119369	0.000307708
0.119391	0.000307709
0.119414	0.000307707
0.119436	0.000307701
0.119459	0.000307671
0.119481	0.000307499
0.119504	0.000307788
0.119526	0.000307803
0.119548	0.000307806
0.119571	0.000307808
0.119593	0.000307834
0.119616	0.000307842
0.119638	0.000307851
0.119661	0.00030786
0.119683	0.000307869
0.119706	0.000307877
0.119728	0.000307886
0.119751	0.000307892
0.119773	0.000307899
0.119796	0.000307907
0.119818	0.000307913
0.119841	0.000307918
0.119863	0.000307924
0.119886	0.00030793
0.119908	0.000307929
0.119931	0.000307884
0.119953	0.000307957
0.119976	0.00030797
0.119998	0.000307961
0.120021	0.000308055
0.120043	0.000308072
0.120066	0.000308092
0.120088	0.000308109
0.120111	0.000308125
0.120133	0.00030814
0.120156	0.000308155
0.120178	0.000308167
0.120201	0.000308201
0.120223	0.000308226
0.120245	0.000308289
0.120268	0.000308245
0.12029	0.000308239
0.120313	0.000308253
0.120335	0.000308248
0.120358	0.000308264
0.12038	0.000308287
0.120403	0.00030834
0.120425	0.000308367
0.120448	0.000308303
0.12047	0.000308359
0.120493	0.000308263
0.120515	0.000308245
0.120538	0.000308322
0.12056	0.000308354
0.120583	0.000308413
0.120605	0.000308304
0.120628	0.000308283
0.12065	0.000308356
0.120673	0.00030838
0.120695	0.000308398
0.120717	0.000308368
0.12074	0.000308372
0.120762	0.000308374
0.120785	0.000308379
0.120807	0.000308382
0.12083	0.000308384
0.120852	0.00030838
0.120875	0.000308374
0.120897	0.000308387
0.12092	0.000308387
0.120942	0.000308397
0.120965	0.000308399
0.120987	0.0003084
0.12101	0.000308402
0.121032	0.000308403
0.121055	0.000308405
0.121077	0.000308403
0.1211	0.000308405
0.121122	0.000308401
0.121144	0.000308403
0.121167	0.000308401
0.121189	0.000308395
0.121212	0.000308382
0.121234	0.000308328
0.121257	0.000308212
0.121279	0.000308448
0.121302	0.000308453
0.121324	0.000308448
0.121347	0.000308453
0.121369	0.000308467
0.121392	0.000308471
0.121414	0.000308474
0.121437	0.000308478
0.121459	0.000308481
0.121482	0.000308481
0.121504	0.000308487
0.121526	0.00030849
0.121549	0.000308491
0.121571	0.000308494
0.121594	0.000308496
0.121616	0.000308498
0.121639	0.000308503
0.121661	0.000308506
0.121684	0.000308502
0.121706	0.00030846
0.121729	0.000308516
0.121751	0.000308536
0.121774	0.000308496
0.121796	0.000308602
0.121819	0.00030861
0.121841	0.00030862
0.121864	0.000308632
0.121886	0.000308641
0.121908	0.000308636
0.121931	0.000308672
0.121953	0.000308691
0.121976	0.000308748
0.121998	0.000308682
0.122021	0.000308673
0.122043	0.000308706
0.122066	0.000308676
0.122088	0.000308674
0.122111	0.000308685
0.122133	0.000308702
0.122156	0.000308789
0.122178	0.000308734
0.122201	0.000308696
0.122223	0.00030872
0.122246	0.000308667
0.122268	0.000308667
0.122291	0.000308673
0.122313	0.0003087
0.122335	0.000308696
0.122358	0.000308745
0.12238	0.000308666
0.122403	0.000308651
0.122425	0.000308707
0.122448	0.000308729
0.12247	0.000308724
0.122493	0.000308705
0.122515	0.000308702
0.122538	0.000308699
0.12256	0.000308696
0.122583	0.000308694
0.122605	0.00030869
0.122628	0.000308687
0.12265	0.000308643
0.122673	0.000308689
0.122695	0.000308687
0.122718	0.000308686
0.12274	0.000308683
0.122763	0.000308677
0.122785	0.000308673
0.122808	0.000308665
0.12283	0.00030866
0.122853	0.000308656
0.122875	0.00030865
0.122897	0.000308649
0.12292	0.000308642
0.122942	0.000308635
0.122965	0.000308624
0.122987	0.000308593
0.12301	0.000308597
0.123032	0.000308542
0.123055	0.000308562
0.123077	0.000308646
0.1231	0.000308617
0.123122	0.00030866
0.123145	0.000308659
0.123167	0.000308659
0.12319	0.000308659
0.123212	0.000308657
0.123235	0.000308657
0.123257	0.000308662
0.12328	0.000308661
0.123302	0.000308661
0.123325	0.000308666
0.123347	0.000308671
0.12337	0.000308676
0.123392	0.000308677
0.123415	0.000308681
0.123437	0.000308682
0.12346	0.000308679
0.123482	0.00030866
0.123505	0.000308612
0.123527	0.000308712
0.12355	0.00030868
0.123572	0.00030873
0.123595	0.000308758
0.123617	0.000308759
0.12364	0.000308747
0.123662	0.000308784
0.123685	0.000308793
0.123707	0.000308801
0.12373	0.000308807
0.123752	0.000308762
0.123775	0.000308783
0.123797	0.000308758
0.12382	0.000308749
0.123842	0.000308754
0.123865	0.000308757
0.123887	0.000308774
0.12391	0.000308799
0.123932	0.000308859
0.123955	0.000308786
0.123977	0.000308688
0.124	0.000308688
0.124022	0.000308693
0.124045	0.000308687
0.124067	0.000308741
0.12409	0.000308681
0.124112	0.000308681
0.124135	0.000308695
0.124157	0.000308657
0.12418	0.000308647
0.124202	0.000308682
0.124225	0.000308694
0.124247	0.000308707
0.12427	0.000308667
0.124292	0.000308658
0.124315	0.000308651
0.124338	0.000308648
0.12436	0.00030864
0.124383	0.000308635
0.124405	0.00030863
0.124428	0.000308622
0.12445	0.000308614
0.124473	0.000308613
0.124495	0.000308605
0.124518	0.000308595
0.12454	0.000308582
0.124563	0.000308574
0.124585	0.000308564
0.124608	0.000308556
0.12463	0.000308547
0.124653	0.000308541
0.124675	0.00030853
0.124698	0.000308521
0.12472	0.000308508
0.124743	0.00030848
0.124766	0.000308486
0.124788	0.000308482
0.124811	0.000308456
0.124833	0.000308322
0.124856	0.000308496
0.124878	0.00030849
0.124901	0.000308516
0.124923	0.000308515
0.124946	0.000308512
0.124968	0.000308512
0.124991	0.00030851
0.125013	0.000308509
0.125036	0.000308506
0.125059	0.000308511
0.125081	0.000308516
0.125104	0.000308517
0.125126	0.000308519
0.125149	0.000308524
0.125171	0.000308525
0.125194	0.000308526
0.125216	0.000308529
0.125239	0.000308529
0.125261	0.000308523
0.125284	0.000308474
0.125307	0.000308545
0.125329	0.00030855
0.125352	0.000308485
0.125374	0.000308579
0.125397	0.000308624
0.125419	0.00030866
0.125442	0.000308637
0.125464	0.000308589
0.125487	0.000308588
0.12551	0.000308593
0.125532	0.000308672
0.125555	0.000308575
0.125577	0.000308583
0.1256	0.000308579
0.125622	0.000308607
0.125645	0.00030858
0.125668	0.000308582
0.12569	0.00030864
0.125713	0.00030859
0.125735	0.000308548
0.125758	0.000308541
0.12578	0.000308541
0.125803	0.000308533
0.125826	0.000308587
0.125848	0.000308485
0.125871	0.000308535
0.125893	0.000308535
0.125916	0.000308543
0.125938	0.00030852
0.125961	0.000308493
0.125984	0.000308524
0.126006	0.000308553
0.126029	0.00030855
0.126051	0.000308523
0.126074	0.00030852
0.126097	0.000308522
0.126119	0.000308519
0.126142	0.00030852
0.126164	0.000308519
0.126187	0.00030852
0.126209	0.000308516
0.126232	0.000308486
0.126255	0.000308511
0.126277	0.000308512
0.1263	0.000308506
0.126322	0.000308502
0.126345	0.000308498
0.126368	0.000308498
0.12639	0.000308491
0.126413	0.00030849
0.126435	0.000308482
0.126458	0.00030848
0.126481	0.000308473
0.126503	0.000308453
0.126526	0.000308467
0.126548	0.000308476
0.126571	0.000308466
0.126594	0.000308451
0.126616	0.000308348
0.126639	0.000308429
0.126662	0.00030852
0.126684	0.00030853
0.126707	0.000308531
0.126729	0.000308536
0.126752	0.000308537
0.126775	0.000308546
0.126797	0.00030855
0.12682	0.000308558
0.126842	0.000308561
0.126865	0.000308574
0.126888	0.000308583
0.12691	0.000308594
0.126933	0.000308599
0.126956	0.000308604
0.126978	0.00030861
0.127001	0.000308619
0.127023	0.000308622
0.127046	0.000308615
0.127069	0.000308548
0.127091	0.000308674
0.127114	0.000308702
0.127137	0.00030863
0.127159	0.000308755
0.127182	0.000308737
0.127205	0.000308737
0.127227	0.000308746
0.12725	0.000308757
0.127272	0.00030879
0.127295	0.000308774
0.127318	0.000308721
0.12734	0.000308674
0.127363	0.000308684
0.127386	0.000308613
0.127408	0.000308593
0.127431	0.000308578
0.127453	0.000308639
0.127476	0.000308564
0.127499	0.000308453
0.127521	0.000308423
0.127544	0.000308397
0.127567	0.000308374
0.127589	0.000308376
0.127612	0.00030827
0.127634	0.000308294
0.127657	0.000308269
0.12768	0.000308242
0.127702	0.000308226
0.127725	0.000308152
0.127748	0.000308153
0.12777	0.000308152
0.127793	0.000308174
0.127815	0.000308089
0.127838	0.000308053
0.127861	0.000308028
0.127883	0.000308001
0.127906	0.000307979
0.127928	0.000307947
0.127951	0.000307922
0.127974	0.000307892
0.127996	0.000307866
0.128019	0.000307837
0.128041	0.000307814
0.128064	0.000307793
0.128087	0.000307759
0.128109	0.000307729
0.128132	0.000307701
0.128154	0.00030767
0.128177	0.000307642
0.128199	0.000307614
0.128222	0.000307588
0.128245	0.000307556
0.128267	0.000307504
0.12829	0.000307509
0.128312	0.000307488
0.128335	0.000307458
0.128358	0.000307426
0.12838	0.000307382
0.128403	0.000307269
0.128425	0.000307301
0.128448	0.000307377
0.12847	0.000307356
0.128493	0.000307334
0.128516	0.000307311
0.128538	0.000307293
0.128561	0.000307274
0.128583	0.000307256
0.128606	0.00030723
0.128628	0.000307209
0.128651	0.000307193
0.128673	0.000307178
0.128696	0.000307161
0.128719	0.000307144
0.128741	0.000307121
0.128764	0.000307098
0.128786	0.000307123
0.128809	0.000307065
0.128831	0.000307015
0.128854	0.000307023
0.128876	0.000307057
0.128899	0.000307006
0.128921	0.000306944
0.128944	0.000307008
0.128967	0.000307021
0.128989	0.000306987
0.129012	0.000306987
0.129034	0.000307038
0.129057	0.00030693
0.129079	0.000306935
0.129102	0.000306893
0.129124	0.000306879
0.129147	0.000306864
0.129169	0.000306857
0.129192	0.000306916
0.129214	0.000306812
0.129237	0.000306868
0.129259	0.000306757
0.129282	0.000306739
0.129305	0.00030672
0.129327	0.000306707
0.12935	0.000306715
0.129372	0.000306658
0.129395	0.000306598
0.129417	0.000306636
0.12944	0.000306612
0.129462	0.000306609
0.129485	0.000306593
0.129507	0.00030658
0.12953	0.000306573
0.129552	0.000306567
0.129575	0.00030663
0.129597	0.000306517
0.12962	0.000306501
0.129642	0.000306487
0.129665	0.000306474
0.129687	0.000306457
0.12971	0.000306438
0.129732	0.000306423
0.129755	0.000306404
0.129777	0.000306383
0.1298	0.000306365
0.129822	0.000306343
0.129845	0.000306329
0.129867	0.000306309
0.12989	0.000306294
0.129912	0.000306275
0.129935	0.00030626
0.129957	0.000306236
0.12998	0.000306223
0.130002	0.0003062
0.130025	0.000306181
0.130047	0.000306128
0.13007	0.000306162
0.130092	0.000306141
0.130114	0.000306128
0.130137	0.000306103
0.130159	0.000306086
0.130182	0.000306042
0.130204	0.000305954
0.130227	0.000306001
0.130249	0.000306074
0.130272	0.000306056
0.130294	0.000306046
0.130317	0.000306031
0.130339	0.000306015
0.130362	0.000305995
0.130384	0.000305986
0.130407	0.000305976
0.130429	0.000305975
0.130452	0.000305955
0.130474	0.000305938
0.130496	0.00030593
0.130519	0.000305916
0.130541	0.000305898
0.130564	0.000305896
0.130586	0.000305922
0.130609	0.000305845
0.130631	0.000305805
0.130654	0.000305818
0.130676	0.000305826
0.130699	0.000305821
0.130721	0.000305752
0.130743	0.000305831
0.130766	0.000305856
0.130788	0.000305799
0.130811	0.000305773
0.130833	0.000305761
0.130856	0.000305755
0.130878	0.00030575
0.130901	0.000305751
0.130923	0.000305755
0.130945	0.000305703
0.130968	0.000305698
0.13099	0.000305733
0.131013	0.000305664
0.131035	0.000305645
0.131058	0.00030564
0.13108	0.00030563
0.131103	0.000305684
0.131125	0.000305584
0.131147	0.000305569
0.13117	0.000305542
0.131192	0.000305497
0.131215	0.00030554
0.131237	0.000305536
0.13126	0.00030552
0.131282	0.000305549
0.131304	0.000305488
0.131327	0.000305465
0.131349	0.000305571
0.131372	0.000305475
0.131394	0.000305467
0.131417	0.000305463
0.131439	0.00030545
0.131461	0.000305442
0.131484	0.000305426
0.131506	0.000305419
0.131529	0.000305404
0.131551	0.000305402
0.131573	0.000305378
0.131596	0.000305378
0.131618	0.000305356
0.131641	0.000305349
0.131663	0.000305324
0.131686	0.000305309
0.131708	0.000305286
0.13173	0.000305279
0.131753	0.000305258
0.131775	0.00030525
0.131798	0.000305228
0.13182	0.00030522
0.131842	0.000305188
0.131865	0.000305191
0.131887	0.000305193
0.13191	0.000305196
0.131932	0.000305177
0.131954	0.000305166
0.131977	0.000305145
0.131999	0.000305118
0.132022	0.00030509
0.132044	0.000305101
0.132067	0.000305136
0.132089	0.000305133
0.132111	0.00030512
0.132134	0.000305113
0.132156	0.000305102
0.132179	0.000305103
0.132201	0.000305092
0.132223	0.000305102
0.132246	0.000305118
0.132268	0.00030507
0.132291	0.000305053
0.132313	0.000305053
0.132335	0.000305039
0.132358	0.000305038
0.13238	0.000305027
0.132402	0.000305029
0.132425	0.000305024
0.132447	0.00030502
0.13247	0.000304956
0.132492	0.000305018
0.132514	0.000305009
0.132537	0.000305006
0.132559	0.000304956
0.132582	0.000305045
0.132604	0.000305093
0.132626	0.000305026
0.132649	0.000305019
0.132671	0.000305028
0.132694	0.000305024
0.132716	0.000305036
0.132738	0.000305072
0.132761	0.000304997
0.132783	0.00030499
0.132805	0.000304995
0.132828	0.000305018
0.13285	0.000304977
0.132873	0.000304963
0.132895	0.000304957
0.132917	0.000304949
0.13294	0.00030495
0.132962	0.000304948
0.132985	0.000304949
0.133007	0.00030494
0.133029	0.00030492
0.133052	0.000304956
0.133074	0.000304987
0.133096	0.000304951
0.133119	0.000305015
0.133141	0.000304931
0.133164	0.000304923
0.133186	0.000304896
0.133208	0.000304943
0.133231	0.000304946
0.133253	0.00030495
0.133275	0.000304953
0.133298	0.000304956
0.13332	0.000304957
0.133343	0.000304961
0.133365	0.000304965
0.133387	0.000304968
0.13341	0.000304971
0.133432	0.000304971
0.133454	0.000304987
0.133477	0.000304967
0.133499	0.000304965
0.133521	0.000304964
0.133544	0.000304964
0.133566	0.000304963
0.133589	0.000304963
0.133611	0.000304966
0.133633	0.000304946
0.133656	0.00030494
0.133678	0.00030494
0.1337	0.000304931
0.133723	0.000304943
0.133745	0.000304961
0.133767	0.000304962
0.13379	0.000304974
0.133812	0.000304967
0.133835	0.000304964
0.133857	0.000304969
0.133879	0.000304994
0.133902	0.000304919
0.133924	0.000305021
0.133946	0.000305023
0.133969	0.000305035
0.133991	0.000305036
0.134013	0.000305054
0.134036	0.000305065
0.134058	0.000305072
0.134081	0.000305063
0.134103	0.000305079
0.134125	0.000305116
0.134148	0.00030508
0.13417	0.000305079
0.134192	0.000305091
0.134215	0.000305095
0.134237	0.000305113
0.134259	0.000305163
0.134282	0.000305113
0.134304	0.000305112
0.134326	0.000305108
0.134349	0.000305114
0.134371	0.000305166
0.134393	0.000305175
0.134416	0.000305188
0.134438	0.000305195
0.134461	0.000305263
0.134483	0.000305251
0.134505	0.000305275
0.134528	0.000305305
0.13455	0.000305324
0.134572	0.000305319
0.134595	0.000305327
0.134617	0.000305345
0.134639	0.000305356
0.134662	0.000305375
0.134684	0.000305394
0.134706	0.000305413
0.134729	0.000305429
0.134751	0.000305446
0.134773	0.000305466
0.134796	0.000305486
0.134818	0.000305511
0.134841	0.000305557
0.134863	0.000305568
0.134885	0.000305597
0.134908	0.000305589
0.13493	0.00030561
0.134952	0.000305607
0.134975	0.000305679
0.134997	0.000305699
0.135019	0.000305735
0.135042	0.00030576
0.135064	0.000305795
0.135086	0.000305811
0.135109	0.000305825
0.135131	0.000305869
0.135153	0.000305914
0.135176	0.000305935
0.135198	0.000305964
0.13522	0.000305987
0.135243	0.000306023
0.135265	0.00030608
0.135288	0.000306086
0.13531	0.000306097
0.135332	0.000306123
0.135355	0.000306155
0.135377	0.000306185
0.135399	0.000306213
0.135422	0.000306241
0.135444	0.000306277
0.135466	0.000306296
0.135489	0.00030633
0.135511	0.000306357
0.135533	0.00030639
0.135556	0.000306423
0.135578	0.00030648
0.1356	0.000306488
0.135623	0.000306525
0.135645	0.000306557
0.135667	0.000306574
0.13569	0.000306641
0.135712	0.000306668
0.135735	0.000306696
0.135757	0.000306742
0.135779	0.000306773
0.135802	0.000306784
0.135824	0.000306861
0.135846	0.000306901
0.135869	0.000306939
0.135891	0.000306973
0.135913	0.00030703
0.135936	0.000307074
0.135958	0.000307109
0.13598	0.000307176
0.136003	0.000307182
0.136025	0.000307229
0.136048	0.000307301
0.13607	0.000307309
0.136092	0.000307343
0.136115	0.000307388
0.136137	0.000307427
0.136159	0.000307474
0.136182	0.000307514
0.136204	0.000307565
0.136226	0.000307605
0.136249	0.000307651
0.136271	0.000307671
0.136293	0.000307749
0.136316	0.000307806
0.136338	0.000307857
0.136361	0.000307897
0.136383	0.000307949
0.136405	0.000307981
0.136428	0.000308051
0.13645	0.000308132
0.136472	0.000308163
0.136495	0.000308196
0.136517	0.000308262
0.136539	0.000308302
0.136562	0.000308373
0.136584	0.000308411
0.136607	0.000308487
0.136629	0.000308527
0.136651	0.000308601
0.136674	0.00030864
0.136696	0.000308714
0.136718	0.00030876
0.136741	0.000308834
0.136763	0.000308886
0.136785	0.000308958
0.136808	0.000309011
0.13683	0.000309075
0.136853	0.000309142
0.136875	0.00030919
0.136897	0.000309265
0.13692	0.000309299
0.136942	0.000309397
0.136964	0.000309407
0.136987	0.00030953
0.137009	0.000309551
0.137032	0.00030964
0.137054	0.000309673
0.137076	0.000309769
0.137099	0.000309803
0.137121	0.00030989
0.137143	0.000309918
0.137166	0.000310024
0.137188	0.000310073
0.137211	0.000310169
0.137233	0.000310215
0.137255	0.000310303
0.137278	0.000310352
0.1373	0.000310441
0.137322	0.000310491
0.137345	0.000310585
0.137367	0.000310638
0.13739	0.000310726
0.137412	0.000310788
0.137434	0.000310871
0.137457	0.000310928
0.137479	0.000311015
0.137502	0.000311066
0.137524	0.00031116
0.137546	0.000311219
0.137569	0.000311294
0.137591	0.000311359
0.137613	0.000311419
0.137636	0.000311502
0.137658	0.000311575
0.137681	0.000311645
0.137703	0.00031172
0.137725	0.00031179
0.137748	0.000311865
0.13777	0.000311928
0.137793	0.000312018
0.137815	0.000312083
0.137837	0.000312158
0.13786	0.00031223
0.137882	0.000312302
0.137905	0.000312371
0.137927	0.00031244
0.137949	0.00031251
0.137972	0.000312582
0.137994	0.000312649
0.138017	0.000312716
0.138039	0.000312801
0.138061	0.000312879
0.138084	0.000312942
0.138106	0.000313026
0.138129	0.000313087
0.138151	0.000313172
0.138173	0.000313213
0.138196	0.000313354
0.138218	0.000313411
0.138241	0.000313515
0.138263	0.000313562
0.138286	0.000313664
0.138308	0.000313714
0.13833	0.000313818
0.138353	0.000313885
0.138375	0.000313987
0.138398	0.000314055
0.13842	0.000314177
0.138442	0.000314241
0.138465	0.000314343
0.138487	0.000314411
0.13851	0.000314517
0.138532	0.000314587
0.138555	0.000314693
0.138577	0.000314773
0.138599	0.000314882
0.138622	0.000314976
0.138644	0.000315076
0.138667	0.000315167
0.138689	0.000315258
0.138712	0.000315356
0.138734	0.000315443
0.138756	0.000315546
0.138779	0.000315626
0.138801	0.000315735
0.138824	0.000315807
0.138846	0.00031593
0.138869	0.000316002
0.138891	0.000316133
0.138913	0.000316196
0.138936	0.000316327
0.138958	0.00031637
0.138981	0.000316538
0.139003	0.000316608
0.139026	0.000316746
0.139048	0.000316818
0.139071	0.000316954
0.139093	0.000317022
0.139115	0.000317161
0.139138	0.000317236
0.13916	0.000317362
0.139183	0.000317435
0.139205	0.000317583
0.139228	0.000317658
0.13925	0.00031779
0.139273	0.000317878
0.139295	0.000318006
0.139318	0.000318093
0.13934	0.000318218
0.139362	0.000318305
0.139385	0.000318428
0.139407	0.000318525
0.13943	0.000318652
0.139452	0.000318752
0.139475	0.000318888
0.139497	0.000318977
0.13952	0.000319097
0.139542	0.000319197
0.139565	0.00031932
0.139587	0.000319426
0.13961	0.000319546
0.139632	0.000319658
0.139655	0.000319776
0.139677	0.000319889
0.139699	0.000319998
0.139722	0.000320112
0.139744	0.000320224
0.139767	0.000320336
0.139789	0.000320446
0.139812	0.000320567
0.139834	0.000320672
0.139857	0.000320793
0.139879	0.000320903
0.139902	0.000321018
0.139924	0.00032114
0.139947	0.000321263
0.139969	0.000321373
0.139992	0.000321496
0.140014	0.000321612
0.140037	0.00032174
0.140059	0.00032185
0.140082	0.000321988
0.140104	0.000322082
0.140127	0.000322219
0.140149	0.000322339
0.140172	0.000322452
0.140194	0.000322569
0.140217	0.0003227
0.140239	0.00032281
0.140262	0.000322933
0.140284	0.000323045
0.140307	0.000323149
0.140329	0.000323227
0.140352	0.000323316
0.140374	0.000323393
0.140397	0.000323484
0.140419	0.000323564
0.140442	0.000323656
0.140464	0.000323721
0.140487	0.000323812
0.140509	0.000323891
0.140532	0.000323969
0.140554	0.000324046
0.140577	0.000324136
0.140599	0.000324211
0.140621	0.000324299
0.140644	0.000324381
0.140666	0.000324467
0.140689	0.000324545
0.140711	0.000324628
0.140734	0.000324707
0.140756	0.000324792
0.140779	0.000324887
0.140801	0.000324976
0.140824	0.000325064
0.140846	0.000325151
0.140869	0.000325237
0.140891	0.000325331
0.140914	0.000325415
0.140936	0.0003255
0.140958	0.000325591
0.140981	0.000325674
0.141003	0.000325771
0.141026	0.000325851
0.141048	0.000325961
0.141071	0.000326037
0.141093	0.00032611
0.141116	0.00032619
0.141138	0.000326289
0.14116	0.000326365
0.141183	0.000326466
0.141205	0.000326539
0.141228	0.00032665
0.14125	0.000326729
0.141273	0.000326838
0.141295	0.000326907
0.141317	0.000327025
0.14134	0.000327085
0.141362	0.000327207
0.141385	0.000327254
0.141407	0.000327383
0.14143	0.000327435
0.141452	0.000327569
0.141474	0.000327611
0.141497	0.000327723
0.141519	0.000327781
0.141542	0.000327905
0.141564	0.000327964
0.141586	0.000328083
0.141609	0.000328144
0.141631	0.000328252
0.141654	0.000328299
0.141676	0.00032842
0.141698	0.000328489
0.141721	0.000328608
0.141743	0.000328677
0.141766	0.000328784
0.141788	0.000328848
0.14181	0.000328962
0.141833	0.000329024
0.141855	0.000329139
0.141878	0.000329195
0.1419	0.000329314
0.141922	0.000329363
0.141945	0.000329478
0.141967	0.00032953
0.141989	0.000329641
0.142012	0.0003297
0.142034	0.000329813
0.142057	0.00032987
0.142079	0.000329977
0.142101	0.000330048
0.142124	0.000330154
0.142146	0.000330214
0.142168	0.000330326
0.142191	0.000330385
0.142213	0.000330495
0.142236	0.000330574
0.142258	0.000330682
0.14228	0.000330724
0.142303	0.000330816
0.142325	0.000330886
0.142347	0.000330975
0.14237	0.00033105
0.142392	0.000331139
0.142414	0.000331214
0.142437	0.0003313
0.142459	0.000331382
0.142481	0.000331472
0.142504	0.000331545
0.142526	0.000331628
0.142548	0.000331705
0.142571	0.000331783
0.142593	0.000331866
0.142615	0.000331947
0.142638	0.000332028
0.14266	0.000332098
0.142682	0.000332184
0.142705	0.000332251
0.142727	0.000332344
0.142749	0.000332409
0.142772	0.00033249
0.142794	0.000332556
0.142816	0.000332635
0.142839	0.000332705
0.142861	0.000332783
0.142883	0.000332853
0.142906	0.000332929
0.142928	0.000332997
0.14295	0.000333076
0.142973	0.000333164
0.142995	0.000333237
0.143017	0.00033331
0.14304	0.000333375
0.143062	0.000333452
0.143084	0.000333518
0.143106	0.000333591
0.143129	0.000333659
0.143151	0.000333725
0.143173	0.000333804
0.143196	0.000333866
0.143218	0.000333943
0.14324	0.000334013
0.143263	0.000334077
0.143285	0.000334144
0.143307	0.000334204
0.143329	0.000334273
0.143352	0.000334323
0.143374	0.00033441
0.143396	0.000334473
0.143419	0.00033455
0.143441	0.000334603
0.143463	0.000334677
0.143485	0.000334731
0.143508	0.000334807
0.14353	0.000334852
0.143552	0.000334922
0.143575	0.00033496
0.143597	0.000335035
0.143619	0.000335084
0.143641	0.000335155
0.143664	0.000335201
0.143686	0.000335277
0.143708	0.000335332
0.14373	0.000335395
0.143753	0.000335448
0.143775	0.000335513
0.143797	0.000335568
0.14382	0.000335637
0.143842	0.000335693
0.143864	0.000335758
0.143886	0.000335826
0.143909	0.000335862
0.143931	0.000335915
0.143953	0.000335974
0.143975	0.000336024
0.143998	0.000336081
0.14402	0.000336127
0.144042	0.000336199
0.144064	0.000336252
0.144087	0.000336319
0.144109	0.000336373
0.144131	0.000336425
0.144153	0.000336476
0.144176	0.000336517
0.144198	0.000336535
0.14422	0.00033664
0.144242	0.000336695
0.144265	0.000336749
0.144287	0.000336816
0.144309	0.000336854
0.144331	0.000336915
0.144354	0.000336961
0.144376	0.000336998
0.144398	0.000337035
0.14442	0.000337091
0.144443	0.000337133
0.144465	0.000337194
0.144487	0.000337228
0.144509	0.000337282
0.144531	0.000337326
0.144554	0.000337379
0.144576	0.000337427
0.144598	0.000337481
0.14462	0.000337519
0.144643	0.00033757
0.144665	0.000337606
0.144687	0.000337653
0.144709	0.000337693
0.144731	0.000337746
0.144754	0.000337786
0.144776	0.000337832
0.144798	0.000337882
0.14482	0.000337923
0.144843	0.000337972
0.144865	0.000338012
0.144887	0.000338064
0.144909	0.0003381
0.144931	0.000338151
0.144954	0.000338188
0.144976	0.000338242
0.144998	0.000338266
0.14502	0.000338314
0.145042	0.000338353
0.145065	0.000338388
0.145087	0.000338425
0.145109	0.000338479
0.145131	0.000338521
0.145154	0.000338562
0.145176	0.000338595
0.145198	0.000338642
0.14522	0.000338662
0.145242	0.000338693
0.145265	0.000338748
0.145287	0.000338798
0.145309	0.00033882
0.145331	0.000338875
0.145353	0.000338895
0.145376	0.000338934
0.145398	0.000338967
0.14542	0.000339016
0.145442	0.000339046
0.145464	0.000339096
0.145487	0.000339127
0.145509	0.000339177
0.145531	0.000339213
0.145553	0.00033926
0.145575	0.000339294
0.145597	0.000339307
0.14562	0.000339335
0.145642	0.000339374
0.145664	0.000339395
0.145686	0.00033944
0.145708	0.000339472
0.145731	0.000339514
0.145753	0.000339513
0.145775	0.0003396
0.145797	0.000339618
0.145819	0.000339668
0.145842	0.000339691
0.145864	0.000339733
0.145886	0.000339746
0.145908	0.000339788
0.14593	0.000339812
0.145952	0.000339848
0.145975	0.000339868
0.145997	0.000339922
0.146019	0.000339947
0.146041	0.000339996
0.146063	0.000340009
0.146086	0.000340048
0.146108	0.000340068
0.14613	0.000340114
0.146152	0.000340139
0.146174	0.000340184
0.146196	0.000340209
0.146219	0.000340249
0.146241	0.000340271
0.146263	0.000340311
0.146285	0.000340336
0.146307	0.000340381
0.146329	0.000340402
0.146352	0.000340448
0.146374	0.00034047
0.146396	0.000340521
0.146418	0.00034053
0.14644	0.00034057
0.146462	0.000340591
0.146485	0.000340625
0.146507	0.000340641
0.146529	0.000340676
0.146551	0.000340696
0.146573	0.000340745
0.146596	0.000340769
0.146618	0.00034081
0.14664	0.000340826
0.146662	0.000340858
0.146684	0.000340881
0.146706	0.00034091
0.146729	0.000340923
0.146751	0.00034096
0.146773	0.00034097
0.146795	0.000340996
0.146817	0.000341034
0.146839	0.000341085
0.146862	0.000341114
0.146884	0.000341143
0.146906	0.000341168
0.146928	0.0003412
0.14695	0.000341222
0.146972	0.000341249
0.146995	0.00034127
0.147017	0.000341302
0.147039	0.000341326
0.147061	0.000341357
0.147083	0.000341378
0.147105	0.000341404
0.147128	0.000341424
0.14715	0.000341451
0.147172	0.000341476
0.147194	0.000341508
0.147216	0.000341525
0.147238	0.000341558
0.147261	0.00034157
0.147283	0.000341599
0.147305	0.000341645
0.147327	0.000341651
0.147349	0.000341677
0.147371	0.000341703
0.147393	0.0003417
0.147416	0.000341767
0.147438	0.000341792
0.14746	0.00034182
0.147482	0.000341845
0.147504	0.000341867
0.147526	0.000341889
0.147549	0.000341916
0.147571	0.000341937
0.147593	0.00034197
0.147615	0.000342007
0.147637	0.000342028
0.147659	0.000342057
0.147682	0.000342081
0.147704	0.000342093
0.147726	0.000342142
0.147748	0.000342171
0.14777	0.000342205
0.147792	0.000342238
0.147815	0.00034227
0.147837	0.000342298
0.147859	0.00034233
0.147881	0.000342354
0.147903	0.000342383
0.147925	0.000342415
0.147948	0.000342448
0.14797	0.000342479
0.147992	0.000342516
0.148014	0.000342544
0.148036	0.000342592
0.148058	0.000342614
0.148081	0.000342641
0.148103	0.000342667
0.148125	0.000342696
0.148147	0.000342725
0.148169	0.000342755
0.148191	0.000342778
0.148214	0.000342786
0.148236	0.000342845
0.148258	0.000342872
0.14828	0.000342901
0.148302	0.000342932
0.148324	0.000342962
0.148347	0.000342993
0.148369	0.00034303
0.148391	0.000343061
0.148413	0.000343091
0.148435	0.000343125
0.148458	0.000343155
0.14848	0.000343191
0.148502	0.00034322
0.148524	0.000343251
0.148546	0.000343281
0.148568	0.000343318
0.148591	0.000343332
0.148613	0.000343364
0.148635	0.000343385
0.148657	0.000343416
0.148679	0.00034344
0.148701	0.000343473
0.148724	0.000343505
0.148746	0.000343547
0.148768	0.000343568
0.14879	0.000343589
0.148812	0.000343615
0.148835	0.000343647
0.148857	0.000343675
0.148879	0.000343708
0.148901	0.00034374
0.148923	0.000343773
0.148945	0.000343803
0.148968	0.000343831
0.14899	0.000343855
0.149012	0.000343882
0.149034	0.000343904
0.149056	0.000343916
0.149079	0.000343951
0.149101	0.000343983
0.149123	0.000344017
0.149145	0.000344036
0.149167	0.000344064
0.149189	0.000344097
0.149212	0.000344134
0.149234	0.000344163
0.149256	0.000344192
0.149278	0.000344224
0.1493	0.000344259
0.149323	0.000344295
0.149345	0.000344325
0.149367	0.000344356
0.149389	0.000344384
0.149411	0.000344413
0.149434	0.000344452
0.149456	0.000344483
0.149478	0.000344519
0.1495	0.000344556
0.149522	0.000344577
0.149545	0.000344608
0.149567	0.000344639
0.149589	0.000344671
0.149611	0.000344706
0.149633	0.000344737
0.149656	0.000344771
0.149678	0.000344803
0.1497	0.000344839
0.149722	0.000344871
0.149744	0.000344909
0.149767	0.000344944
0.149789	0.000344985
0.149811	0.00034502
0.149833	0.000345054
0.149856	0.000345084
0.149878	0.000345125
0.1499	0.000345148
0.149922	0.000345169
0.149944	0.000345224
0.149967	0.00034526
0.149989	0.000345293
0.150011	0.00034532
