0.100017	5.29458e-06
0.10004	5.29566e-06
0.100063	5.29692e-06
0.100086	5.29812e-06
0.100109	5.29926e-06
0.100132	5.30037e-06
0.100154	5.30148e-06
0.100177	5.30263e-06
0.1002	5.30373e-06
0.100223	5.30484e-06
0.100246	5.30586e-06
0.100269	5.30694e-06
0.100292	5.30799e-06
0.100314	5.30906e-06
0.100337	5.31008e-06
0.10036	5.31109e-06
0.100383	5.31211e-06
0.100406	5.31312e-06
0.100429	5.31419e-06
0.100451	5.31519e-06
0.100474	5.3162e-06
0.100497	5.31723e-06
0.10052	5.31822e-06
0.100543	5.31924e-06
0.100566	5.32015e-06
0.100588	5.32112e-06
0.100611	5.32208e-06
0.100634	5.32299e-06
0.100657	5.32397e-06
0.10068	5.32489e-06
0.100703	5.32567e-06
0.100725	5.32656e-06
0.100748	5.32738e-06
0.100771	5.3282e-06
0.100794	5.3291e-06
0.100817	5.33003e-06
0.10084	5.3309e-06
0.100862	5.33182e-06
0.100885	5.33272e-06
0.100908	5.33353e-06
0.100931	5.33425e-06
0.100954	5.33507e-06
0.100976	5.33572e-06
0.100999	5.33666e-06
0.101022	5.33749e-06
0.101045	5.33823e-06
0.101068	5.33902e-06
0.10109	5.33982e-06
0.101113	5.34047e-06
0.101136	5.34102e-06
0.101159	5.34161e-06
0.101182	5.34229e-06
0.101205	5.34317e-06
0.101227	5.3439e-06
0.10125	5.34461e-06
0.101273	5.3451e-06
0.101296	5.34577e-06
0.101319	5.34631e-06
0.101341	5.34699e-06
0.101364	5.3477e-06
0.101387	5.34839e-06
0.10141	5.349e-06
0.101432	5.34963e-06
0.101455	5.35033e-06
0.101478	5.35102e-06
0.101501	5.35149e-06
0.101524	5.35192e-06
0.101546	5.35243e-06
0.101569	5.35293e-06
0.101592	5.35348e-06
0.101615	5.35401e-06
0.101638	5.35454e-06
0.10166	5.35489e-06
0.101683	5.35549e-06
0.101706	5.35589e-06
0.101729	5.35625e-06
0.101751	5.35669e-06
0.101774	5.3572e-06
0.101797	5.35762e-06
0.10182	5.3583e-06
0.101843	5.35881e-06
0.101865	5.35925e-06
0.101888	5.35978e-06
0.101911	5.3602e-06
0.101934	5.36049e-06
0.101956	5.36076e-06
0.101979	5.36113e-06
0.102002	5.36137e-06
0.102025	5.3618e-06
0.102047	5.36213e-06
0.10207	5.3624e-06
0.102093	5.36284e-06
0.102116	5.36314e-06
0.102138	5.36331e-06
0.102161	5.36347e-06
0.102184	5.36374e-06
0.102207	5.36394e-06
0.102229	5.36427e-06
0.102252	5.3645e-06
0.102275	5.36472e-06
0.102298	5.36496e-06
0.102321	5.36519e-06
0.102343	5.36531e-06
0.102366	5.36542e-06
0.102389	5.36563e-06
0.102411	5.36571e-06
0.102434	5.36586e-06
0.102457	5.36613e-06
0.10248	5.36628e-06
0.102502	5.36641e-06
0.102525	5.36661e-06
0.102548	5.36678e-06
0.102571	5.36682e-06
0.102593	5.36695e-06
0.102616	5.36705e-06
0.102639	5.36711e-06
0.102662	5.36725e-06
0.102684	5.36735e-06
0.102707	5.36737e-06
0.10273	5.36748e-06
0.102753	5.36755e-06
0.102775	5.36754e-06
0.102798	5.36749e-06
0.102821	5.36745e-06
0.102844	5.36744e-06
0.102866	5.36746e-06
0.102889	5.3675e-06
0.102912	5.36754e-06
0.102934	5.36752e-06
0.102957	5.36744e-06
0.10298	5.36748e-06
0.103003	5.36742e-06
0.103025	5.36735e-06
0.103048	5.36727e-06
0.103071	5.36719e-06
0.103093	5.36714e-06
0.103116	5.36706e-06
0.103139	5.36698e-06
0.103162	5.36689e-06
0.103184	5.36677e-06
0.103207	5.36664e-06
0.10323	5.36647e-06
0.103252	5.36633e-06
0.103275	5.36619e-06
0.103298	5.366e-06
0.103321	5.36585e-06
0.103343	5.36576e-06
0.103366	5.36565e-06
0.103389	5.36556e-06
0.103411	5.3655e-06
0.103434	5.36536e-06
0.103457	5.36523e-06
0.10348	5.36509e-06
0.103502	5.36495e-06
0.103525	5.36483e-06
0.103548	5.36469e-06
0.10357	5.36454e-06
0.103593	5.36444e-06
0.103616	5.36431e-06
0.103638	5.36415e-06
0.103661	5.36406e-06
0.103684	5.36394e-06
0.103707	5.36377e-06
0.103729	5.36367e-06
0.103752	5.3635e-06
0.103775	5.36334e-06
0.103797	5.36319e-06
0.10382	5.36302e-06
0.103843	5.3628e-06
0.103865	5.36265e-06
0.103888	5.36251e-06
0.103911	5.3623e-06
0.103933	5.36214e-06
0.103956	5.36196e-06
0.103979	5.36179e-06
0.104001	5.36168e-06
0.104024	5.36156e-06
0.104047	5.36142e-06
0.10407	5.36132e-06
0.104092	5.36116e-06
0.104115	5.36106e-06
0.104138	5.36095e-06
0.10416	5.36083e-06
0.104183	5.36076e-06
0.104206	5.36066e-06
0.104228	5.36048e-06
0.104251	5.36038e-06
0.104274	5.36023e-06
0.104296	5.3601e-06
0.104319	5.35999e-06
0.104342	5.35986e-06
0.104364	5.35969e-06
0.104387	5.35954e-06
0.10441	5.35938e-06
0.104432	5.35921e-06
0.104455	5.35903e-06
0.104478	5.35884e-06
0.1045	5.35869e-06
0.104523	5.35863e-06
0.104546	5.35854e-06
0.104568	5.35846e-06
0.104591	5.35838e-06
0.104614	5.35825e-06
0.104636	5.35815e-06
0.104659	5.35801e-06
0.104682	5.35787e-06
0.104704	5.35779e-06
0.104727	5.35763e-06
0.10475	5.35748e-06
0.104772	5.35738e-06
0.104795	5.35723e-06
0.104818	5.35712e-06
0.10484	5.35708e-06
0.104863	5.35692e-06
0.104886	5.35677e-06
0.104908	5.35663e-06
0.104931	5.35646e-06
0.104954	5.35637e-06
0.104976	5.35627e-06
0.104999	5.35613e-06
0.105022	5.35603e-06
0.105044	5.35593e-06
0.105067	5.35584e-06
0.105089	5.35579e-06
0.105112	5.35573e-06
0.105135	5.35564e-06
0.105157	5.35558e-06
0.10518	5.35552e-06
0.105203	5.35546e-06
0.105225	5.35542e-06
0.105248	5.35535e-06
0.105271	5.35527e-06
0.105293	5.35523e-06
0.105316	5.35518e-06
0.105339	5.35516e-06
0.105361	5.35512e-06
0.105384	5.35507e-06
0.105407	5.35508e-06
0.105429	5.35505e-06
0.105452	5.35505e-06
0.105474	5.35506e-06
0.105497	5.35511e-06
0.10552	5.3551e-06
0.105542	5.35508e-06
0.105565	5.35507e-06
0.105588	5.3551e-06
0.10561	5.35505e-06
0.105633	5.35501e-06
0.105656	5.35497e-06
0.105678	5.35492e-06
0.105701	5.35485e-06
0.105724	5.35484e-06
0.105746	5.35485e-06
0.105769	5.35487e-06
0.105791	5.35491e-06
0.105814	5.35499e-06
0.105837	5.35506e-06
0.105859	5.35522e-06
0.105882	5.35532e-06
0.105905	5.3555e-06
0.105927	5.35564e-06
0.10595	5.35575e-06
0.105972	5.35588e-06
0.105995	5.35601e-06
0.106018	5.3561e-06
0.10604	5.35626e-06
0.106063	5.35639e-06
0.106086	5.35656e-06
0.106108	5.3567e-06
0.106131	5.35686e-06
0.106154	5.35704e-06
0.106176	5.35728e-06
0.106199	5.35747e-06
0.106221	5.3577e-06
0.106244	5.35789e-06
0.106267	5.35802e-06
0.106289	5.35824e-06
0.106312	5.35845e-06
0.106335	5.35866e-06
0.106357	5.3589e-06
0.10638	5.35914e-06
0.106402	5.35938e-06
0.106425	5.35958e-06
0.106448	5.35985e-06
0.10647	5.36007e-06
0.106493	5.36041e-06
0.106516	5.36067e-06
0.106538	5.36102e-06
0.106561	5.36134e-06
0.106583	5.36173e-06
0.106606	5.36213e-06
0.106629	5.36259e-06
0.106651	5.36302e-06
0.106674	5.36351e-06
0.106696	5.36393e-06
0.106719	5.36443e-06
0.106742	5.36491e-06
0.106764	5.36541e-06
0.106787	5.36588e-06
0.10681	5.36641e-06
0.106832	5.3669e-06
0.106855	5.36742e-06
0.106877	5.36791e-06
0.1069	5.36844e-06
0.106923	5.36901e-06
0.106945	5.36956e-06
0.106968	5.37006e-06
0.106991	5.37064e-06
0.107013	5.37117e-06
0.107036	5.37175e-06
0.107058	5.37235e-06
0.107081	5.37298e-06
0.107104	5.37366e-06
0.107126	5.37436e-06
0.107149	5.37499e-06
0.107171	5.37571e-06
0.107194	5.37639e-06
0.107217	5.37704e-06
0.107239	5.37773e-06
0.107262	5.37844e-06
0.107285	5.37913e-06
0.107307	5.37989e-06
0.10733	5.38064e-06
0.107352	5.38139e-06
0.107375	5.38219e-06
0.107398	5.38299e-06
0.10742	5.38373e-06
0.107443	5.38453e-06
0.107465	5.38529e-06
0.107488	5.38606e-06
0.107511	5.38681e-06
0.107533	5.38766e-06
0.107556	5.3885e-06
0.107579	5.38936e-06
0.107601	5.39023e-06
0.107624	5.39108e-06
0.107646	5.39205e-06
0.107669	5.3929e-06
0.107692	5.39383e-06
0.107714	5.39473e-06
0.107737	5.39577e-06
0.107759	5.39665e-06
0.107782	5.39763e-06
0.107805	5.39856e-06
0.107827	5.39959e-06
0.10785	5.40052e-06
0.107872	5.40159e-06
0.107895	5.40253e-06
0.107918	5.40361e-06
0.10794	5.40459e-06
0.107963	5.40564e-06
0.107986	5.40661e-06
0.108008	5.4077e-06
0.108031	5.40865e-06
0.108053	5.40977e-06
0.108076	5.4108e-06
0.108099	5.41198e-06
0.108121	5.41308e-06
0.108144	5.41431e-06
0.108166	5.41537e-06
0.108189	5.41662e-06
0.108212	5.41775e-06
0.108234	5.419e-06
0.108257	5.42014e-06
0.108279	5.42137e-06
0.108302	5.42252e-06
0.108325	5.42377e-06
0.108347	5.42495e-06
0.10837	5.42625e-06
0.108393	5.42746e-06
0.108415	5.42875e-06
0.108438	5.42997e-06
0.10846	5.4313e-06
0.108483	5.43255e-06
0.108506	5.43388e-06
0.108528	5.43514e-06
0.108551	5.43653e-06
0.108573	5.43782e-06
0.108596	5.4392e-06
0.108619	5.44054e-06
0.108641	5.44198e-06
0.108664	5.44333e-06
0.108687	5.44477e-06
0.108709	5.4461e-06
0.108732	5.44756e-06
0.108754	5.44893e-06
0.108777	5.45039e-06
0.1088	5.45178e-06
0.108822	5.45327e-06
0.108845	5.45468e-06
0.108867	5.45617e-06
0.10889	5.45754e-06
0.108913	5.45895e-06
0.108935	5.46028e-06
0.108958	5.46171e-06
0.10898	5.46302e-06
0.109003	5.46446e-06
0.109026	5.46582e-06
0.109048	5.46726e-06
0.109071	5.46866e-06
0.109094	5.47019e-06
0.109116	5.4716e-06
0.109139	5.4731e-06
0.109161	5.47451e-06
0.109184	5.47598e-06
0.109207	5.47735e-06
0.109229	5.47877e-06
0.109252	5.48012e-06
0.109275	5.48157e-06
0.109297	5.48291e-06
0.10932	5.48433e-06
0.109342	5.48569e-06
0.109365	5.4871e-06
0.109388	5.48839e-06
0.10941	5.48974e-06
0.109433	5.49105e-06
0.109455	5.49241e-06
0.109478	5.49369e-06
0.109501	5.49505e-06
0.109523	5.49633e-06
0.109546	5.4977e-06
0.109569	5.49897e-06
0.109591	5.50031e-06
0.109614	5.5016e-06
0.109636	5.50301e-06
0.109659	5.50437e-06
0.109682	5.5058e-06
0.109704	5.50715e-06
0.109727	5.50858e-06
0.10975	5.50992e-06
0.109772	5.51131e-06
0.109795	5.51261e-06
0.109817	5.51395e-06
0.10984	5.51519e-06
0.109863	5.51646e-06
0.109885	5.51768e-06
0.109908	5.51902e-06
0.109931	5.52024e-06
0.109953	5.52153e-06
0.109976	5.52279e-06
0.109998	5.52415e-06
0.110021	5.52541e-06
0.110044	5.52674e-06
0.110066	5.52798e-06
0.110089	5.52934e-06
0.110112	5.5306e-06
0.110134	5.5319e-06
0.110157	5.53317e-06
0.11018	5.53448e-06
0.110202	5.53568e-06
0.110225	5.53693e-06
0.110247	5.53814e-06
0.11027	5.53942e-06
0.110293	5.54067e-06
0.110315	5.54195e-06
0.110338	5.54315e-06
0.110361	5.54447e-06
0.110383	5.54569e-06
0.110406	5.54697e-06
0.110428	5.54819e-06
0.110451	5.54941e-06
0.110474	5.55061e-06
0.110496	5.55188e-06
0.110519	5.55307e-06
0.110542	5.55436e-06
0.110564	5.55559e-06
0.110587	5.55689e-06
0.11061	5.55814e-06
0.110632	5.55944e-06
0.110655	5.56065e-06
0.110678	5.56192e-06
0.1107	5.56312e-06
0.110723	5.56439e-06
0.110745	5.56561e-06
0.110768	5.56688e-06
0.110791	5.56812e-06
0.110813	5.56937e-06
0.110836	5.57058e-06
0.110859	5.57184e-06
0.110881	5.57306e-06
0.110904	5.57431e-06
0.110927	5.57561e-06
0.110949	5.57692e-06
0.110972	5.57821e-06
0.110995	5.57957e-06
0.111017	5.58085e-06
0.11104	5.58221e-06
0.111063	5.58354e-06
0.111085	5.58489e-06
0.111108	5.58623e-06
0.11113	5.5876e-06
0.111153	5.5889e-06
0.111176	5.59025e-06
0.111198	5.59159e-06
0.111221	5.59292e-06
0.111244	5.59425e-06
0.111266	5.59561e-06
0.111289	5.59691e-06
0.111312	5.59829e-06
0.111334	5.59965e-06
0.111357	5.60105e-06
0.11138	5.60243e-06
0.111402	5.60385e-06
0.111425	5.60526e-06
0.111448	5.60669e-06
0.11147	5.60813e-06
0.111493	5.60963e-06
0.111516	5.61115e-06
0.111538	5.6127e-06
0.111561	5.61419e-06
0.111584	5.61572e-06
0.111606	5.61725e-06
0.111629	5.61879e-06
0.111652	5.62031e-06
0.111674	5.62187e-06
0.111697	5.62346e-06
0.11172	5.62506e-06
0.111742	5.62663e-06
0.111765	5.62824e-06
0.111788	5.62984e-06
0.11181	5.63149e-06
0.111833	5.63311e-06
0.111856	5.63484e-06
0.111878	5.63652e-06
0.111901	5.63827e-06
0.111924	5.64001e-06
0.111946	5.64181e-06
0.111969	5.64355e-06
0.111992	5.64534e-06
0.112014	5.64714e-06
0.112037	5.64897e-06
0.11206	5.65076e-06
0.112082	5.6526e-06
0.112105	5.65439e-06
0.112128	5.65627e-06
0.11215	5.65815e-06
0.112173	5.66008e-06
0.112196	5.66202e-06
0.112219	5.66401e-06
0.112241	5.66594e-06
0.112264	5.66795e-06
0.112287	5.66994e-06
0.112309	5.672e-06
0.112332	5.67398e-06
0.112355	5.67602e-06
0.112377	5.67801e-06
0.1124	5.68007e-06
0.112423	5.68211e-06
0.112445	5.68417e-06
0.112468	5.68625e-06
0.112491	5.68838e-06
0.112513	5.69047e-06
0.112536	5.69259e-06
0.112559	5.69468e-06
0.112582	5.69685e-06
0.112604	5.69897e-06
0.112627	5.70112e-06
0.11265	5.70324e-06
0.112672	5.70542e-06
0.112695	5.70751e-06
0.112718	5.70967e-06
0.11274	5.71182e-06
0.112763	5.71403e-06
0.112786	5.71625e-06
0.112809	5.71851e-06
0.112831	5.72073e-06
0.112854	5.72302e-06
0.112877	5.72525e-06
0.112899	5.72753e-06
0.112922	5.72976e-06
0.112945	5.73202e-06
0.112967	5.73424e-06
0.11299	5.73652e-06
0.113013	5.73875e-06
0.113036	5.74102e-06
0.113058	5.74325e-06
0.113081	5.74551e-06
0.113104	5.74779e-06
0.113126	5.75009e-06
0.113149	5.75235e-06
0.113172	5.75468e-06
0.113195	5.75696e-06
0.113217	5.75925e-06
0.11324	5.76154e-06
0.113263	5.76388e-06
0.113285	5.76616e-06
0.113308	5.76851e-06
0.113331	5.77085e-06
0.113354	5.77319e-06
0.113376	5.77556e-06
0.113399	5.77795e-06
0.113422	5.78036e-06
0.113445	5.78278e-06
0.113467	5.78517e-06
0.11349	5.78758e-06
0.113513	5.78995e-06
0.113535	5.79237e-06
0.113558	5.79474e-06
0.113581	5.79716e-06
0.113604	5.79952e-06
0.113626	5.80193e-06
0.113649	5.80434e-06
0.113672	5.80679e-06
0.113695	5.80925e-06
0.113717	5.81174e-06
0.11374	5.81415e-06
0.113763	5.81659e-06
0.113786	5.81898e-06
0.113808	5.82142e-06
0.113831	5.82383e-06
0.113854	5.82513e-06
0.113876	5.82633e-06
0.113899	5.82754e-06
0.113922	5.82867e-06
0.113945	5.82985e-06
0.113967	5.83101e-06
0.11399	5.83219e-06
0.114013	5.83339e-06
0.114036	5.83456e-06
0.114058	5.83572e-06
0.114081	5.8369e-06
0.114104	5.83804e-06
0.114126	5.83916e-06
0.114149	5.84028e-06
0.114172	5.84137e-06
0.114195	5.8425e-06
0.114217	5.84362e-06
0.11424	5.84465e-06
0.114263	5.84575e-06
0.114286	5.84679e-06
0.114308	5.84783e-06
0.114331	5.84881e-06
0.114354	5.84984e-06
0.114376	5.85076e-06
0.114399	5.85177e-06
0.114422	5.85277e-06
0.114444	5.85362e-06
0.114467	5.85458e-06
0.11449	5.85542e-06
0.114513	5.85637e-06
0.114535	5.85718e-06
0.114558	5.85812e-06
0.114581	5.859e-06
0.114603	5.85983e-06
0.114626	5.86073e-06
0.114649	5.86147e-06
0.114671	5.86231e-06
0.114694	5.86311e-06
0.114717	5.86387e-06
0.11474	5.86465e-06
0.114762	5.86535e-06
0.114785	5.86607e-06
0.114808	5.86677e-06
0.11483	5.86746e-06
0.114853	5.86813e-06
0.114876	5.86875e-06
0.114898	5.86935e-06
0.114921	5.86997e-06
0.114944	5.87051e-06
0.114966	5.87101e-06
0.114989	5.87155e-06
0.115012	5.87202e-06
0.115034	5.87248e-06
0.115057	5.87292e-06
0.11508	5.87339e-06
0.115102	5.87381e-06
0.115125	5.87425e-06
0.115148	5.87466e-06
0.11517	5.87505e-06
0.115193	5.87544e-06
0.115216	5.87581e-06
0.115238	5.87616e-06
0.115261	5.87651e-06
0.115284	5.87683e-06
0.115306	5.87713e-06
0.115329	5.87739e-06
0.115352	5.8777e-06
0.115374	5.87793e-06
0.115397	5.87813e-06
0.11542	5.87832e-06
0.115442	5.8785e-06
0.115465	5.87859e-06
0.115488	5.8787e-06
0.11551	5.87872e-06
0.115533	5.87881e-06
0.115556	5.87886e-06
0.115578	5.87888e-06
0.115601	5.87885e-06
0.115624	5.87887e-06
0.115646	5.87889e-06
0.115669	5.8788e-06
0.115691	5.87879e-06
0.115714	5.87874e-06
0.115737	5.87869e-06
0.115759	5.87849e-06
0.115782	5.87858e-06
0.115805	5.87861e-06
0.115827	5.87815e-06
0.11585	5.87819e-06
0.115873	5.8782e-06
0.115895	5.87796e-06
0.115918	5.8773e-06
0.11594	5.87752e-06
0.115963	5.8773e-06
0.115986	5.87694e-06
0.116008	5.87632e-06
0.116031	5.8764e-06
0.116054	5.87598e-06
0.116076	5.87538e-06
0.116099	5.87486e-06
0.116121	5.87475e-06
0.116144	5.87427e-06
0.116167	5.87359e-06
0.116189	5.87344e-06
0.116212	5.87299e-06
0.116235	5.87247e-06
0.116257	5.87221e-06
0.11628	5.87161e-06
0.116302	5.87091e-06
0.116325	5.87029e-06
0.116348	5.86989e-06
0.11637	5.86926e-06
0.116393	5.86886e-06
0.116415	5.86821e-06
0.116438	5.86746e-06
0.116461	5.86698e-06
0.116483	5.86615e-06
0.116506	5.86562e-06
0.116528	5.86489e-06
0.116551	5.86398e-06
0.116574	5.8633e-06
0.116596	5.86252e-06
0.116619	5.86176e-06
0.116641	5.8611e-06
0.116664	5.86022e-06
0.116687	5.85931e-06
0.116709	5.85856e-06
0.116732	5.85775e-06
0.116754	5.85698e-06
0.116777	5.85628e-06
0.1168	5.85544e-06
0.116822	5.85455e-06
0.116845	5.85362e-06
0.116867	5.85283e-06
0.11689	5.85197e-06
0.116912	5.85118e-06
0.116935	5.8504e-06
0.116958	5.84941e-06
0.11698	5.84853e-06
0.117003	5.84756e-06
0.117025	5.84669e-06
0.117048	5.84575e-06
0.11707	5.84487e-06
0.117093	5.84389e-06
0.117116	5.84289e-06
0.117138	5.84184e-06
0.117161	5.84077e-06
0.117183	5.83968e-06
0.117206	5.83865e-06
0.117228	5.83759e-06
0.117251	5.83656e-06
0.117274	5.83548e-06
0.117296	5.83443e-06
0.117319	5.83335e-06
0.117341	5.83222e-06
0.117364	5.83105e-06
0.117386	5.83e-06
0.117409	5.82891e-06
0.117432	5.82778e-06
0.117454	5.8267e-06
0.117477	5.82553e-06
0.117499	5.82431e-06
0.117522	5.82317e-06
0.117544	5.82197e-06
0.117567	5.82075e-06
0.117589	5.81957e-06
0.117612	5.81831e-06
0.117635	5.81706e-06
0.117657	5.8158e-06
0.11768	5.81454e-06
0.117702	5.81326e-06
0.117725	5.81201e-06
0.117747	5.81074e-06
0.11777	5.80939e-06
0.117792	5.80807e-06
0.117815	5.80675e-06
0.117837	5.80543e-06
0.11786	5.8041e-06
0.117883	5.80282e-06
0.117905	5.80151e-06
0.117928	5.8002e-06
0.11795	5.79885e-06
0.117973	5.79759e-06
0.117995	5.79625e-06
0.118018	5.79493e-06
0.11804	5.79361e-06
0.118063	5.79225e-06
0.118085	5.79089e-06
0.118108	5.78952e-06
0.11813	5.78812e-06
0.118153	5.78675e-06
0.118175	5.78534e-06
0.118198	5.78393e-06
0.118221	5.78249e-06
0.118243	5.78105e-06
0.118266	5.77963e-06
0.118288	5.77824e-06
0.118311	5.77684e-06
0.118333	5.77552e-06
0.118356	5.77414e-06
0.118378	5.77276e-06
0.118401	5.77136e-06
0.118423	5.76991e-06
0.118446	5.76845e-06
0.118468	5.76697e-06
0.118491	5.76545e-06
0.118513	5.76397e-06
0.118536	5.76248e-06
0.118558	5.76099e-06
0.118581	5.75953e-06
0.118603	5.7581e-06
0.118626	5.75667e-06
0.118648	5.75525e-06
0.118671	5.75378e-06
0.118693	5.75235e-06
0.118716	5.75091e-06
0.118738	5.74942e-06
0.118761	5.74795e-06
0.118783	5.74653e-06
0.118806	5.74513e-06
0.118829	5.74369e-06
0.118851	5.74228e-06
0.118874	5.74086e-06
0.118896	5.73949e-06
0.118919	5.73812e-06
0.118941	5.73669e-06
0.118964	5.73527e-06
0.118986	5.73389e-06
0.119009	5.73246e-06
0.119031	5.73105e-06
0.119054	5.72965e-06
0.119076	5.72819e-06
0.119099	5.72673e-06
0.119121	5.7253e-06
0.119144	5.72385e-06
0.119166	5.72243e-06
0.119189	5.72095e-06
0.119211	5.71955e-06
0.119234	5.71814e-06
0.119256	5.71672e-06
0.119279	5.71541e-06
0.119301	5.71408e-06
0.119324	5.71268e-06
0.119346	5.71132e-06
0.119369	5.70991e-06
0.119391	5.70849e-06
0.119414	5.70709e-06
0.119436	5.70567e-06
0.119459	5.70428e-06
0.119481	5.70288e-06
0.119504	5.70153e-06
0.119526	5.70016e-06
0.119548	5.69877e-06
0.119571	5.69747e-06
0.119593	5.69618e-06
0.119616	5.69484e-06
0.119638	5.69352e-06
0.119661	5.69224e-06
0.119683	5.69097e-06
0.119706	5.68967e-06
0.119728	5.68844e-06
0.119751	5.68718e-06
0.119773	5.686e-06
0.119796	5.68478e-06
0.119818	5.68351e-06
0.119841	5.68225e-06
0.119863	5.68106e-06
0.119886	5.6798e-06
0.119908	5.67862e-06
0.119931	5.67745e-06
0.119953	5.67622e-06
0.119976	5.6751e-06
0.119998	5.67396e-06
0.120021	5.67281e-06
0.120043	5.67166e-06
0.120066	5.67054e-06
0.120088	5.66937e-06
0.120111	5.66823e-06
0.120133	5.66709e-06
0.120156	5.66593e-06
0.120178	5.6648e-06
0.120201	5.66368e-06
0.120223	5.66256e-06
0.120245	5.66154e-06
0.120268	5.66048e-06
0.12029	5.65954e-06
0.120313	5.65856e-06
0.120335	5.65761e-06
0.120358	5.65667e-06
0.12038	5.65572e-06
0.120403	5.65478e-06
0.120425	5.65384e-06
0.120448	5.65286e-06
0.12047	5.65198e-06
0.120493	5.65103e-06
0.120515	5.65011e-06
0.120538	5.64925e-06
0.12056	5.64838e-06
0.120583	5.6475e-06
0.120605	5.6467e-06
0.120628	5.6459e-06
0.12065	5.64509e-06
0.120673	5.64436e-06
0.120695	5.64364e-06
0.120717	5.64296e-06
0.12074	5.64226e-06
0.120762	5.6416e-06
0.120785	5.6409e-06
0.120807	5.64024e-06
0.12083	5.63954e-06
0.120852	5.63886e-06
0.120875	5.63823e-06
0.120897	5.6376e-06
0.12092	5.63692e-06
0.120942	5.6363e-06
0.120965	5.63564e-06
0.120987	5.63504e-06
0.12101	5.63447e-06
0.121032	5.6339e-06
0.121055	5.63332e-06
0.121077	5.63278e-06
0.1211	5.63222e-06
0.121122	5.63167e-06
0.121144	5.63112e-06
0.121167	5.63068e-06
0.121189	5.63021e-06
0.121212	5.62976e-06
0.121234	5.62929e-06
0.121257	5.62887e-06
0.121279	5.62846e-06
0.121302	5.62808e-06
0.121324	5.62769e-06
0.121347	5.62737e-06
0.121369	5.62703e-06
0.121392	5.62668e-06
0.121414	5.6263e-06
0.121437	5.62597e-06
0.121459	5.62564e-06
0.121482	5.62536e-06
0.121504	5.62509e-06
0.121526	5.62479e-06
0.121549	5.62451e-06
0.121571	5.6243e-06
0.121594	5.62396e-06
0.121616	5.6237e-06
0.121639	5.62343e-06
0.121661	5.62323e-06
0.121684	5.62302e-06
0.121706	5.62286e-06
0.121729	5.62268e-06
0.121751	5.6226e-06
0.121774	5.62247e-06
0.121796	5.62246e-06
0.121819	5.6224e-06
0.121841	5.62239e-06
0.121864	5.6224e-06
0.121886	5.62245e-06
0.121908	5.62247e-06
0.121931	5.62253e-06
0.121953	5.62261e-06
0.121976	5.62269e-06
0.121998	5.62273e-06
0.122021	5.62281e-06
0.122043	5.62285e-06
0.122066	5.62296e-06
0.122088	5.62304e-06
0.122111	5.62322e-06
0.122133	5.62338e-06
0.122156	5.62358e-06
0.122178	5.62375e-06
0.122201	5.62398e-06
0.122223	5.62416e-06
0.122246	5.62439e-06
0.122268	5.62456e-06
0.122291	5.62475e-06
0.122313	5.62494e-06
0.122335	5.62512e-06
0.122358	5.62528e-06
0.12238	5.62553e-06
0.122403	5.62569e-06
0.122425	5.62594e-06
0.122448	5.62616e-06
0.12247	5.62653e-06
0.122493	5.62682e-06
0.122515	5.6272e-06
0.122538	5.62753e-06
0.12256	5.62794e-06
0.122583	5.6283e-06
0.122605	5.62874e-06
0.122628	5.62916e-06
0.12265	5.62963e-06
0.122673	5.63004e-06
0.122695	5.63048e-06
0.122718	5.63084e-06
0.12274	5.63126e-06
0.122763	5.6316e-06
0.122785	5.63202e-06
0.122808	5.63242e-06
0.12283	5.63286e-06
0.122853	5.6333e-06
0.122875	5.63379e-06
0.122897	5.63424e-06
0.12292	5.63476e-06
0.122942	5.63519e-06
0.122965	5.63566e-06
0.122987	5.6361e-06
0.12301	5.6366e-06
0.123032	5.6371e-06
0.123055	5.63766e-06
0.123077	5.63819e-06
0.1231	5.63877e-06
0.123122	5.63934e-06
0.123145	5.63997e-06
0.123167	5.64056e-06
0.12319	5.64122e-06
0.123212	5.64182e-06
0.123235	5.64246e-06
0.123257	5.64305e-06
0.12328	5.6437e-06
0.123302	5.64429e-06
0.123325	5.64498e-06
0.123347	5.64562e-06
0.12337	5.64633e-06
0.123392	5.64699e-06
0.123415	5.6477e-06
0.123437	5.64832e-06
0.12346	5.64906e-06
0.123482	5.64973e-06
0.123505	5.65042e-06
0.123527	5.65107e-06
0.12355	5.65178e-06
0.123572	5.65242e-06
0.123595	5.6531e-06
0.123617	5.65375e-06
0.12364	5.65442e-06
0.123662	5.65506e-06
0.123685	5.65569e-06
0.123707	5.65629e-06
0.12373	5.65693e-06
0.123752	5.65753e-06
0.123775	5.6582e-06
0.123797	5.65883e-06
0.12382	5.65954e-06
0.123842	5.66022e-06
0.123865	5.66093e-06
0.123887	5.66162e-06
0.12391	5.66239e-06
0.123932	5.66315e-06
0.123955	5.66391e-06
0.123977	5.66466e-06
0.124	5.66542e-06
0.124022	5.66623e-06
0.124045	5.66698e-06
0.124067	5.6677e-06
0.12409	5.66844e-06
0.124112	5.66914e-06
0.124135	5.66984e-06
0.124157	5.6705e-06
0.12418	5.67116e-06
0.124202	5.67183e-06
0.124225	5.67245e-06
0.124247	5.67308e-06
0.12427	5.67373e-06
0.124292	5.67439e-06
0.124315	5.67505e-06
0.124338	5.67568e-06
0.12436	5.67632e-06
0.124383	5.67698e-06
0.124405	5.67766e-06
0.124428	5.67829e-06
0.12445	5.67891e-06
0.124473	5.67952e-06
0.124495	5.68018e-06
0.124518	5.68083e-06
0.12454	5.68145e-06
0.124563	5.68203e-06
0.124585	5.68265e-06
0.124608	5.68326e-06
0.12463	5.6839e-06
0.124653	5.68452e-06
0.124675	5.68519e-06
0.124698	5.6858e-06
0.12472	5.68645e-06
0.124743	5.68701e-06
0.124766	5.68765e-06
0.124788	5.68826e-06
0.124811	5.6889e-06
0.124833	5.68954e-06
0.124856	5.6902e-06
0.124878	5.69079e-06
0.124901	5.6914e-06
0.124923	5.69199e-06
0.124946	5.69259e-06
0.124968	5.69315e-06
0.124991	5.69374e-06
0.125013	5.69432e-06
0.125036	5.69494e-06
0.125059	5.6955e-06
0.125081	5.69612e-06
0.125104	5.69668e-06
0.125126	5.69729e-06
0.125149	5.69791e-06
0.125171	5.69857e-06
0.125194	5.69917e-06
0.125216	5.69978e-06
0.125239	5.70036e-06
0.125261	5.70103e-06
0.125284	5.70165e-06
0.125307	5.70231e-06
0.125329	5.70296e-06
0.125352	5.70366e-06
0.125374	5.7043e-06
0.125397	5.70498e-06
0.125419	5.70565e-06
0.125442	5.70635e-06
0.125464	5.70699e-06
0.125487	5.70769e-06
0.12551	5.70835e-06
0.125532	5.70908e-06
0.125555	5.70977e-06
0.125577	5.7105e-06
0.1256	5.7112e-06
0.125622	5.71193e-06
0.125645	5.71265e-06
0.125668	5.71345e-06
0.12569	5.71426e-06
0.125713	5.71508e-06
0.125735	5.71587e-06
0.125758	5.71668e-06
0.12578	5.71752e-06
0.125803	5.7184e-06
0.125826	5.71928e-06
0.125848	5.72021e-06
0.125871	5.72113e-06
0.125893	5.72204e-06
0.125916	5.72296e-06
0.125938	5.72391e-06
0.125961	5.72486e-06
0.125984	5.72584e-06
0.126006	5.72686e-06
0.126029	5.72784e-06
0.126051	5.72888e-06
0.126074	5.7299e-06
0.126097	5.73095e-06
0.126119	5.73201e-06
0.126142	5.73306e-06
0.126164	5.73412e-06
0.126187	5.7352e-06
0.126209	5.73631e-06
0.126232	5.73747e-06
0.126255	5.73869e-06
0.126277	5.73996e-06
0.1263	5.74123e-06
0.126322	5.74261e-06
0.126345	5.74398e-06
0.126368	5.74535e-06
0.12639	5.74671e-06
0.126413	5.74808e-06
0.126435	5.74944e-06
0.126458	5.75086e-06
0.126481	5.75223e-06
0.126503	5.75368e-06
0.126526	5.75508e-06
0.126548	5.7566e-06
0.126571	5.75812e-06
0.126594	5.75975e-06
0.126616	5.76131e-06
0.126639	5.76293e-06
0.126662	5.76453e-06
0.126684	5.76621e-06
0.126707	5.76784e-06
0.126729	5.76956e-06
0.126752	5.77129e-06
0.126775	5.77304e-06
0.126797	5.77476e-06
0.12682	5.77657e-06
0.126842	5.77837e-06
0.126865	5.78024e-06
0.126888	5.7821e-06
0.12691	5.78402e-06
0.126933	5.78595e-06
0.126956	5.78796e-06
0.126978	5.78995e-06
0.127001	5.79198e-06
0.127023	5.79397e-06
0.127046	5.79604e-06
0.127069	5.79812e-06
0.127091	5.80027e-06
0.127114	5.8024e-06
0.127137	5.80459e-06
0.127159	5.80679e-06
0.127182	5.80905e-06
0.127205	5.81131e-06
0.127227	5.8136e-06
0.12725	5.81589e-06
0.127272	5.81806e-06
0.127295	5.81892e-06
0.127318	5.81982e-06
0.12734	5.82069e-06
0.127363	5.82169e-06
0.127386	5.82273e-06
0.127408	5.8239e-06
0.127431	5.82506e-06
0.127453	5.8263e-06
0.127476	5.82755e-06
0.127499	5.82887e-06
0.127521	5.83016e-06
0.127544	5.83152e-06
0.127567	5.83286e-06
0.127589	5.83424e-06
0.127612	5.83562e-06
0.127634	5.83708e-06
0.127657	5.83854e-06
0.12768	5.84004e-06
0.127702	5.84155e-06
0.127725	5.84308e-06
0.127748	5.84459e-06
0.12777	5.84621e-06
0.127793	5.84781e-06
0.127815	5.84951e-06
0.127838	5.8512e-06
0.127861	5.85291e-06
0.127883	5.85468e-06
0.127906	5.85653e-06
0.127928	5.85838e-06
0.127951	5.86033e-06
0.127974	5.86232e-06
0.127996	5.86432e-06
0.128019	5.86634e-06
0.128041	5.86841e-06
0.128064	5.87051e-06
0.128087	5.87268e-06
0.128109	5.87492e-06
0.128132	5.87721e-06
0.128154	5.8795e-06
0.128177	5.88182e-06
0.128199	5.88413e-06
0.128222	5.88652e-06
0.128245	5.8889e-06
0.128267	5.89138e-06
0.12829	5.8939e-06
0.128312	5.89648e-06
0.128335	5.89907e-06
0.128358	5.90169e-06
0.12838	5.90433e-06
0.128403	5.907e-06
0.128425	5.90966e-06
0.128448	5.91242e-06
0.12847	5.91522e-06
0.128493	5.91807e-06
0.128516	5.92098e-06
0.128538	5.92393e-06
0.128561	5.9269e-06
0.128583	5.92992e-06
0.128606	5.93293e-06
0.128628	5.93603e-06
0.128651	5.93915e-06
0.128673	5.94228e-06
0.128696	5.94545e-06
0.128719	5.94863e-06
0.128741	5.95182e-06
0.128764	5.95507e-06
0.128786	5.9583e-06
0.128809	5.96163e-06
0.128831	5.96493e-06
0.128854	5.96826e-06
0.128876	5.97156e-06
0.128899	5.97492e-06
0.128921	5.97834e-06
0.128944	5.98179e-06
0.128967	5.98526e-06
0.128989	5.98875e-06
0.129012	5.99227e-06
0.129034	5.99584e-06
0.129057	5.9994e-06
0.129079	6.003e-06
0.129102	6.00664e-06
0.129124	6.01036e-06
0.129147	6.01407e-06
0.129169	6.01788e-06
0.129192	6.02166e-06
0.129214	6.02549e-06
0.129237	6.02934e-06
0.129259	6.03323e-06
0.129282	6.03706e-06
0.129305	6.04091e-06
0.129327	6.04476e-06
0.12935	6.04858e-06
0.129372	6.05243e-06
0.129395	6.05628e-06
0.129417	6.06006e-06
0.12944	6.06389e-06
0.129462	6.06773e-06
0.129485	6.0716e-06
0.129507	6.07551e-06
0.12953	6.07943e-06
0.129552	6.08329e-06
0.129575	6.08717e-06
0.129597	6.09105e-06
0.12962	6.0949e-06
0.129642	6.09871e-06
0.129665	6.10254e-06
0.129687	6.1063e-06
0.12971	6.11007e-06
0.129732	6.11378e-06
0.129755	6.11753e-06
0.129777	6.12125e-06
0.1298	6.12495e-06
0.129822	6.12862e-06
0.129845	6.13233e-06
0.129867	6.136e-06
0.12989	6.13965e-06
0.129912	6.1433e-06
0.129935	6.14696e-06
0.129957	6.15057e-06
0.12998	6.15425e-06
0.130002	6.15791e-06
0.130025	6.16152e-06
0.130047	6.1651e-06
0.13007	6.16869e-06
0.130092	6.1722e-06
0.130114	6.17574e-06
0.130137	6.1792e-06
0.130159	6.18269e-06
0.130182	6.18607e-06
0.130204	6.18957e-06
0.130227	6.19293e-06
0.130249	6.19633e-06
0.130272	6.1997e-06
0.130294	6.20301e-06
0.130317	6.20632e-06
0.130339	6.20957e-06
0.130362	6.21281e-06
0.130384	6.216e-06
0.130407	6.21914e-06
0.130429	6.22225e-06
0.130452	6.22529e-06
0.130474	6.22828e-06
0.130496	6.23133e-06
0.130519	6.2344e-06
0.130541	6.23748e-06
0.130564	6.24053e-06
0.130586	6.24354e-06
0.130609	6.24655e-06
0.130631	6.24947e-06
0.130654	6.2524e-06
0.130676	6.2553e-06
0.130699	6.25811e-06
0.130721	6.26093e-06
0.130743	6.2637e-06
0.130766	6.26641e-06
0.130788	6.2691e-06
0.130811	6.27176e-06
0.130833	6.2744e-06
0.130856	6.27697e-06
0.130878	6.27955e-06
0.130901	6.28211e-06
0.130923	6.28465e-06
0.130945	6.28715e-06
0.130968	6.2896e-06
0.13099	6.29202e-06
0.131013	6.29437e-06
0.131035	6.29669e-06
0.131058	6.29897e-06
0.13108	6.30123e-06
0.131103	6.30343e-06
0.131125	6.30566e-06
0.131147	6.30781e-06
0.13117	6.31001e-06
0.131192	6.31215e-06
0.131215	6.31433e-06
0.131237	6.31644e-06
0.13126	6.31846e-06
0.131282	6.32051e-06
0.131304	6.32241e-06
0.131327	6.32441e-06
0.131349	6.3264e-06
0.131372	6.32801e-06
0.131394	6.33006e-06
0.131417	6.33183e-06
0.131439	6.33349e-06
0.131461	6.33533e-06
0.131484	6.33705e-06
0.131506	6.3387e-06
0.131529	6.34052e-06
0.131551	6.34232e-06
0.131573	6.34357e-06
0.131596	6.34558e-06
0.131618	6.34712e-06
0.131641	6.34866e-06
0.131663	6.35017e-06
0.131686	6.35135e-06
0.131708	6.35274e-06
0.13173	6.35427e-06
0.131753	6.35564e-06
0.131775	6.3568e-06
0.131798	6.35803e-06
0.13182	6.35941e-06
0.131842	6.36069e-06
0.131865	6.36152e-06
0.131887	6.3629e-06
0.13191	6.36408e-06
0.131932	6.36536e-06
0.131954	6.36623e-06
0.131977	6.36732e-06
0.131999	6.36835e-06
0.132022	6.36941e-06
0.132044	6.37025e-06
0.132067	6.37107e-06
0.132089	6.37189e-06
0.132111	6.37274e-06
0.132134	6.37354e-06
0.132156	6.37418e-06
0.132179	6.3749e-06
0.132201	6.37554e-06
0.132223	6.37632e-06
0.132246	6.37694e-06
0.132268	6.37763e-06
0.132291	6.3781e-06
0.132313	6.37861e-06
0.132335	6.37915e-06
0.132358	6.37952e-06
0.13238	6.38004e-06
0.132402	6.38046e-06
0.132425	6.38091e-06
0.132447	6.38133e-06
0.13247	6.38185e-06
0.132492	6.38229e-06
0.132514	6.38273e-06
0.132537	6.38309e-06
0.132559	6.38347e-06
0.132582	6.3838e-06
0.132604	6.3841e-06
0.132626	6.38438e-06
0.132649	6.38457e-06
0.132671	6.38478e-06
0.132694	6.38494e-06
0.132716	6.38508e-06
0.132738	6.38506e-06
0.132761	6.38503e-06
0.132783	6.38498e-06
0.132805	6.38485e-06
0.132828	6.38475e-06
0.13285	6.38462e-06
0.132873	6.38448e-06
0.132895	6.38427e-06
0.132917	6.38406e-06
0.13294	6.38381e-06
0.132962	6.38356e-06
0.132985	6.38329e-06
0.133007	6.38304e-06
0.133029	6.38271e-06
0.133052	6.38243e-06
0.133074	6.38206e-06
0.133096	6.38171e-06
0.133119	6.38125e-06
0.133141	6.38083e-06
0.133164	6.38033e-06
0.133186	6.37994e-06
0.133208	6.37951e-06
0.133231	6.3791e-06
0.133253	6.37861e-06
0.133275	6.37817e-06
0.133298	6.37764e-06
0.13332	6.37722e-06
0.133343	6.37659e-06
0.133365	6.37621e-06
0.133387	6.37566e-06
0.13341	6.3753e-06
0.133432	6.37472e-06
0.133454	6.37428e-06
0.133477	6.37369e-06
0.133499	6.37321e-06
0.133521	6.37257e-06
0.133544	6.37209e-06
0.133566	6.37145e-06
0.133589	6.37094e-06
0.133611	6.37022e-06
0.133633	6.36962e-06
0.133656	6.36896e-06
0.133678	6.36827e-06
0.1337	6.36746e-06
0.133723	6.36673e-06
0.133745	6.36588e-06
0.133767	6.36519e-06
0.13379	6.3643e-06
0.133812	6.36349e-06
0.133835	6.36268e-06
0.133857	6.36191e-06
0.133879	6.36107e-06
0.133902	6.36031e-06
0.133924	6.3595e-06
0.133946	6.35875e-06
0.133969	6.35795e-06
0.133991	6.35726e-06
0.134013	6.3565e-06
0.134036	6.35572e-06
0.134058	6.35495e-06
0.134081	6.35426e-06
0.134103	6.35341e-06
0.134125	6.35257e-06
0.134148	6.35172e-06
0.13417	6.35087e-06
0.134192	6.35e-06
0.134215	6.34914e-06
0.134237	6.34823e-06
0.134259	6.34739e-06
0.134282	6.34657e-06
0.134304	6.34576e-06
0.134326	6.34495e-06
0.134349	6.34412e-06
0.134371	6.34332e-06
0.134393	6.34248e-06
0.134416	6.34165e-06
0.134438	6.3408e-06
0.134461	6.33993e-06
0.134483	6.33901e-06
0.134505	6.3382e-06
0.134528	6.3373e-06
0.13455	6.33645e-06
0.134572	6.33557e-06
0.134595	6.33473e-06
0.134617	6.33382e-06
0.134639	6.33313e-06
0.134662	6.3324e-06
0.134684	6.33169e-06
0.134706	6.33087e-06
0.134729	6.3301e-06
0.134751	6.32932e-06
0.134773	6.32861e-06
0.134796	6.32782e-06
0.134818	6.3271e-06
0.134841	6.32634e-06
0.134863	6.32556e-06
0.134885	6.32473e-06
0.134908	6.32394e-06
0.13493	6.32313e-06
0.134952	6.32241e-06
0.134975	6.32162e-06
0.134997	6.32092e-06
0.135019	6.32017e-06
0.135042	6.31945e-06
0.135064	6.3187e-06
0.135086	6.31797e-06
0.135109	6.3172e-06
0.135131	6.31645e-06
0.135153	6.31566e-06
0.135176	6.31493e-06
0.135198	6.31423e-06
0.13522	6.31352e-06
0.135243	6.31287e-06
0.135265	6.31213e-06
0.135288	6.31143e-06
0.13531	6.31074e-06
0.135332	6.3101e-06
0.135355	6.3094e-06
0.135377	6.30872e-06
0.135399	6.30802e-06
0.135422	6.30732e-06
0.135444	6.30664e-06
0.135466	6.30592e-06
0.135489	6.30527e-06
0.135511	6.30462e-06
0.135533	6.30403e-06
0.135556	6.30337e-06
0.135578	6.30276e-06
0.1356	6.30218e-06
0.135623	6.3016e-06
0.135645	6.30099e-06
0.135667	6.30035e-06
0.13569	6.29969e-06
0.135712	6.29908e-06
0.135735	6.2985e-06
0.135757	6.29796e-06
0.135779	6.29741e-06
0.135802	6.29682e-06
0.135824	6.29624e-06
0.135846	6.29565e-06
0.135869	6.29508e-06
0.135891	6.29453e-06
0.135913	6.29396e-06
0.135936	6.29342e-06
0.135958	6.29282e-06
0.13598	6.29227e-06
0.136003	6.29168e-06
0.136025	6.29111e-06
0.136048	6.29059e-06
0.13607	6.29023e-06
0.136092	6.28978e-06
0.136115	6.28938e-06
0.136137	6.28902e-06
0.136159	6.28867e-06
0.136182	6.28829e-06
0.136204	6.28793e-06
0.136226	6.28759e-06
0.136249	6.28724e-06
0.136271	6.28689e-06
0.136293	6.28648e-06
0.136316	6.28609e-06
0.136338	6.2857e-06
0.136361	6.28532e-06
0.136383	6.28498e-06
0.136405	6.28458e-06
0.136428	6.28425e-06
0.13645	6.28383e-06
0.136472	6.28347e-06
0.136495	6.28306e-06
0.136517	6.28279e-06
0.136539	6.2825e-06
0.136562	6.28226e-06
0.136584	6.28192e-06
0.136607	6.28166e-06
0.136629	6.28136e-06
0.136651	6.28112e-06
0.136674	6.2808e-06
0.136696	6.28064e-06
0.136718	6.28039e-06
0.136741	6.28022e-06
0.136763	6.27999e-06
0.136785	6.27986e-06
0.136808	6.27968e-06
0.13683	6.27968e-06
0.136853	6.27948e-06
0.136875	6.27946e-06
0.136897	6.27926e-06
0.13692	6.27923e-06
0.136942	6.27901e-06
0.136964	6.27898e-06
0.136987	6.27877e-06
0.137009	6.27874e-06
0.137032	6.27856e-06
0.137054	6.27849e-06
0.137076	6.27824e-06
0.137099	6.27817e-06
0.137121	6.27796e-06
0.137143	6.27788e-06
0.137166	6.27767e-06
0.137188	6.27764e-06
0.137211	6.27749e-06
0.137233	6.27754e-06
0.137255	6.27746e-06
0.137278	6.2775e-06
0.1373	6.27735e-06
0.137322	6.27733e-06
0.137345	6.27722e-06
0.137367	6.27723e-06
0.13739	6.27717e-06
0.137412	6.2772e-06
0.137434	6.27712e-06
0.137457	6.27716e-06
0.137479	6.27714e-06
0.137502	6.27717e-06
0.137524	6.27715e-06
0.137546	6.27719e-06
0.137569	6.27722e-06
0.137591	6.27729e-06
0.137613	6.27726e-06
0.137636	6.27729e-06
0.137658	6.27726e-06
0.137681	6.27726e-06
0.137703	6.2772e-06
0.137725	6.2772e-06
0.137748	6.27718e-06
0.13777	6.27723e-06
0.137793	6.27734e-06
0.137815	6.27751e-06
0.137837	6.27769e-06
0.13786	6.27786e-06
0.137882	6.27804e-06
0.137905	6.27819e-06
0.137927	6.27837e-06
0.137949	6.27851e-06
0.137972	6.27864e-06
0.137994	6.27876e-06
0.138017	6.2789e-06
0.138039	6.27904e-06
0.138061	6.27924e-06
0.138084	6.27944e-06
0.138106	6.27973e-06
0.138129	6.27998e-06
0.138151	6.28023e-06
0.138173	6.2805e-06
0.138196	6.28087e-06
0.138218	6.28121e-06
0.138241	6.2816e-06
0.138263	6.28195e-06
0.138286	6.28242e-06
0.138308	6.28285e-06
0.13833	6.28329e-06
0.138353	6.28374e-06
0.138375	6.28424e-06
0.138398	6.28474e-06
0.13842	6.2853e-06
0.138442	6.28582e-06
0.138465	6.28644e-06
0.138487	6.287e-06
0.13851	6.28762e-06
0.138532	6.28819e-06
0.138555	6.28887e-06
0.138577	6.28948e-06
0.138599	6.29017e-06
0.138622	6.29089e-06
0.138644	6.29174e-06
0.138667	6.29252e-06
0.138689	6.29337e-06
0.138712	6.29419e-06
0.138734	6.29511e-06
0.138756	6.29597e-06
0.138779	6.2969e-06
0.138801	6.29781e-06
0.138824	6.29883e-06
0.138846	6.29983e-06
0.138869	6.30084e-06
0.138891	6.30191e-06
0.138913	6.30298e-06
0.138936	6.30407e-06
0.138958	6.30523e-06
0.138981	6.3064e-06
0.139003	6.30767e-06
0.139026	6.30893e-06
0.139048	6.31029e-06
0.139071	6.31167e-06
0.139093	6.3131e-06
0.139115	6.31442e-06
0.139138	6.31581e-06
0.13916	6.31718e-06
0.139183	6.31858e-06
0.139205	6.32005e-06
0.139228	6.32159e-06
0.13925	6.32314e-06
0.139273	6.3248e-06
0.139295	6.32643e-06
0.139318	6.32812e-06
0.13934	6.32979e-06
0.139362	6.33151e-06
0.139385	6.33314e-06
0.139407	6.33484e-06
0.13943	6.33652e-06
0.139452	6.33833e-06
0.139475	6.34019e-06
0.139497	6.34214e-06
0.13952	6.34407e-06
0.139542	6.34613e-06
0.139565	6.34814e-06
0.139587	6.3502e-06
0.13961	6.35225e-06
0.139632	6.35435e-06
0.139655	6.35637e-06
0.139677	6.35845e-06
0.139699	6.3605e-06
0.139722	6.36258e-06
0.139744	6.36467e-06
0.139767	6.36682e-06
0.139789	6.36895e-06
0.139812	6.37122e-06
0.139834	6.37346e-06
0.139857	6.37574e-06
0.139879	6.37803e-06
0.139902	6.38043e-06
0.139924	6.38276e-06
0.139947	6.38522e-06
0.139969	6.38762e-06
0.139992	6.39011e-06
0.140014	6.39262e-06
0.140037	6.39518e-06
0.140059	6.39768e-06
0.140082	6.4003e-06
0.140104	6.40295e-06
0.140127	6.40565e-06
0.140149	6.40839e-06
0.140172	6.41121e-06
0.140194	6.41406e-06
0.140217	6.41693e-06
0.140239	6.41984e-06
0.140262	6.42278e-06
0.140284	6.42578e-06
0.140307	6.42731e-06
0.140329	6.42839e-06
0.140352	6.42963e-06
0.140374	6.43089e-06
0.140397	6.43219e-06
0.140419	6.43355e-06
0.140442	6.43494e-06
0.140464	6.43633e-06
0.140487	6.43781e-06
0.140509	6.43928e-06
0.140532	6.44075e-06
0.140554	6.44224e-06
0.140577	6.44379e-06
0.140599	6.44529e-06
0.140621	6.44681e-06
0.140644	6.44843e-06
0.140666	6.45008e-06
0.140689	6.45175e-06
0.140711	6.45351e-06
0.140734	6.45527e-06
0.140756	6.45715e-06
0.140779	6.45903e-06
0.140801	6.46089e-06
0.140824	6.46277e-06
0.140846	6.46469e-06
0.140869	6.4666e-06
0.140891	6.46859e-06
0.140914	6.47055e-06
0.140936	6.47254e-06
0.140958	6.47455e-06
0.140981	6.47664e-06
0.141003	6.47869e-06
0.141026	6.48092e-06
0.141048	6.48308e-06
0.141071	6.48525e-06
0.141093	6.48744e-06
0.141116	6.48976e-06
0.141138	6.49213e-06
0.14116	6.49455e-06
0.141183	6.49698e-06
0.141205	6.49948e-06
0.141228	6.50199e-06
0.14125	6.5045e-06
0.141273	6.50706e-06
0.141295	6.50964e-06
0.141317	6.51225e-06
0.14134	6.51488e-06
0.141362	6.51758e-06
0.141385	6.52028e-06
0.141407	6.52305e-06
0.14143	6.52587e-06
0.141452	6.52876e-06
0.141474	6.53166e-06
0.141497	6.53464e-06
0.141519	6.53759e-06
0.141542	6.54058e-06
0.141564	6.54361e-06
0.141586	6.54664e-06
0.141609	6.54966e-06
0.141631	6.5527e-06
0.141654	6.55582e-06
0.141676	6.55901e-06
0.141698	6.56223e-06
0.141721	6.56553e-06
0.141743	6.56881e-06
0.141766	6.57213e-06
0.141788	6.57554e-06
0.14181	6.57892e-06
0.141833	6.58239e-06
0.141855	6.58582e-06
0.141878	6.58929e-06
0.1419	6.59281e-06
0.141922	6.59639e-06
0.141945	6.6e-06
0.141967	6.60373e-06
0.141989	6.60745e-06
0.142012	6.61113e-06
0.142034	6.61482e-06
0.142057	6.61854e-06
0.142079	6.62229e-06
0.142101	6.62614e-06
0.142124	6.63004e-06
0.142146	6.63396e-06
0.142168	6.63798e-06
0.142191	6.64196e-06
0.142213	6.64605e-06
0.142236	6.65011e-06
0.142258	6.6542e-06
0.14228	6.6583e-06
0.142303	6.66244e-06
0.142325	6.66665e-06
0.142347	6.67089e-06
0.14237	6.67513e-06
0.142392	6.67941e-06
0.142414	6.68367e-06
0.142437	6.68798e-06
0.142459	6.69231e-06
0.142481	6.69668e-06
0.142504	6.70107e-06
0.142526	6.70551e-06
0.142548	6.71e-06
0.142571	6.71446e-06
0.142593	6.71898e-06
0.142615	6.72345e-06
0.142638	6.72801e-06
0.14266	6.73253e-06
0.142682	6.73712e-06
0.142705	6.74174e-06
0.142727	6.74642e-06
0.142749	6.75111e-06
0.142772	6.75596e-06
0.142794	6.76079e-06
0.142816	6.76565e-06
0.142839	6.77049e-06
0.142861	6.77545e-06
0.142883	6.78036e-06
0.142906	6.78534e-06
0.142928	6.79025e-06
0.14295	6.79512e-06
0.142973	6.79999e-06
0.142995	6.80487e-06
0.143017	6.80973e-06
0.14304	6.81462e-06
0.143062	6.81959e-06
0.143084	6.82449e-06
0.143106	6.8295e-06
0.143129	6.83446e-06
0.143151	6.83952e-06
0.143173	6.84453e-06
0.143196	6.84961e-06
0.143218	6.85472e-06
0.14324	6.85983e-06
0.143263	6.86494e-06
0.143285	6.87013e-06
0.143307	6.87529e-06
0.143329	6.88046e-06
0.143352	6.88555e-06
0.143374	6.89069e-06
0.143396	6.89577e-06
0.143419	6.90076e-06
0.143441	6.90567e-06
0.143463	6.91056e-06
0.143485	6.91541e-06
0.143508	6.92033e-06
0.14353	6.92519e-06
0.143552	6.93002e-06
0.143575	6.93488e-06
0.143597	6.93978e-06
0.143619	6.94465e-06
0.143641	6.9495e-06
0.143664	6.95431e-06
0.143686	6.95914e-06
0.143708	6.96394e-06
0.14373	6.96875e-06
0.143753	6.97351e-06
0.143775	6.97826e-06
0.143797	6.98298e-06
0.14382	6.98764e-06
0.143842	6.99225e-06
0.143864	6.99685e-06
0.143886	7.00133e-06
0.143909	7.00592e-06
0.143931	7.01036e-06
0.143953	7.01482e-06
0.143975	7.0192e-06
0.143998	7.02362e-06
0.14402	7.02792e-06
0.144042	7.03221e-06
0.144064	7.03638e-06
0.144087	7.0406e-06
0.144109	7.04485e-06
0.144131	7.04909e-06
0.144153	7.05322e-06
0.144176	7.05739e-06
0.144198	7.0615e-06
0.14422	7.06555e-06
0.144242	7.06952e-06
0.144265	7.07351e-06
0.144287	7.07743e-06
0.144309	7.08142e-06
0.144331	7.08524e-06
0.144354	7.08905e-06
0.144376	7.0929e-06
0.144398	7.09675e-06
0.14442	7.10051e-06
0.144443	7.10425e-06
0.144465	7.10791e-06
0.144487	7.11151e-06
0.144509	7.11506e-06
0.144531	7.11861e-06
0.144554	7.12202e-06
0.144576	7.12542e-06
0.144598	7.12875e-06
0.14462	7.13199e-06
0.144643	7.13525e-06
0.144665	7.13848e-06
0.144687	7.14165e-06
0.144709	7.14479e-06
0.144731	7.14792e-06
0.144754	7.15109e-06
0.144776	7.15422e-06
0.144798	7.1573e-06
0.14482	7.16031e-06
0.144843	7.16323e-06
0.144865	7.16609e-06
0.144887	7.16888e-06
0.144909	7.17169e-06
0.144931	7.1744e-06
0.144954	7.17705e-06
0.144976	7.17969e-06
0.144998	7.18222e-06
0.14502	7.18467e-06
0.145042	7.18723e-06
0.145065	7.18963e-06
0.145087	7.19205e-06
0.145109	7.19432e-06
0.145131	7.19657e-06
0.145154	7.19882e-06
0.145176	7.20109e-06
0.145198	7.20322e-06
0.14522	7.20522e-06
0.145242	7.20718e-06
0.145265	7.20907e-06
0.145287	7.211e-06
0.145309	7.21263e-06
0.145331	7.21467e-06
0.145353	7.21625e-06
0.145376	7.21789e-06
0.145398	7.21949e-06
0.14542	7.22101e-06
0.145442	7.22248e-06
0.145464	7.22415e-06
0.145487	7.22564e-06
0.145509	7.22708e-06
0.145531	7.22849e-06
0.145553	7.22965e-06
0.145575	7.23111e-06
0.145597	7.2321e-06
0.14562	7.23345e-06
0.145642	7.23464e-06
0.145664	7.23544e-06
0.145686	7.23648e-06
0.145708	7.23758e-06
0.145731	7.23842e-06
0.145753	7.2394e-06
0.145775	7.24018e-06
0.145797	7.24089e-06
0.145819	7.24189e-06
0.145842	7.24274e-06
0.145864	7.24339e-06
0.145886	7.244e-06
0.145908	7.24467e-06
0.14593	7.24522e-06
0.145952	7.24567e-06
0.145975	7.24619e-06
0.145997	7.24677e-06
0.146019	7.24727e-06
0.146041	7.24772e-06
0.146063	7.24804e-06
0.146086	7.24831e-06
0.146108	7.24857e-06
0.14613	7.24876e-06
0.146152	7.24881e-06
0.146174	7.24886e-06
0.146196	7.24893e-06
0.146219	7.24892e-06
0.146241	7.24889e-06
0.146263	7.24896e-06
0.146285	7.24886e-06
0.146307	7.24874e-06
0.146329	7.24864e-06
0.146352	7.24847e-06
0.146374	7.24832e-06
0.146396	7.24823e-06
0.146418	7.248e-06
0.14644	7.24771e-06
0.146462	7.24738e-06
0.146485	7.24707e-06
0.146507	7.24668e-06
0.146529	7.24623e-06
0.146551	7.24581e-06
0.146573	7.24528e-06
0.146596	7.24482e-06
0.146618	7.2443e-06
0.14664	7.24373e-06
0.146662	7.24315e-06
0.146684	7.24239e-06
0.146706	7.24177e-06
0.146729	7.24101e-06
0.146751	7.24027e-06
0.146773	7.23955e-06
0.146795	7.2388e-06
0.146817	7.23799e-06
0.146839	7.23715e-06
0.146862	7.23624e-06
0.146884	7.23534e-06
0.146906	7.23446e-06
0.146928	7.23361e-06
0.14695	7.23274e-06
0.146972	7.23187e-06
0.146995	7.23096e-06
0.147017	7.23001e-06
0.147039	7.22899e-06
0.147061	7.2279e-06
0.147083	7.22681e-06
0.147105	7.2257e-06
0.147128	7.22452e-06
0.14715	7.22348e-06
0.147172	7.22226e-06
0.147194	7.22107e-06
0.147216	7.21982e-06
0.147238	7.21861e-06
0.147261	7.21728e-06
0.147283	7.21603e-06
0.147305	7.21474e-06
0.147327	7.21355e-06
0.147349	7.21229e-06
0.147371	7.21099e-06
0.147393	7.20959e-06
0.147416	7.20833e-06
0.147438	7.20704e-06
0.14746	7.20572e-06
0.147482	7.20428e-06
0.147504	7.20296e-06
0.147526	7.20152e-06
0.147549	7.20001e-06
0.147571	7.1985e-06
0.147593	7.19699e-06
0.147615	7.19542e-06
0.147637	7.19391e-06
0.147659	7.19245e-06
0.147682	7.19105e-06
0.147704	7.18963e-06
0.147726	7.18827e-06
0.147748	7.18687e-06
0.14777	7.18551e-06
0.147792	7.1841e-06
0.147815	7.1826e-06
0.147837	7.18122e-06
0.147859	7.17985e-06
0.147881	7.17838e-06
0.147903	7.17686e-06
0.147925	7.17534e-06
0.147948	7.17382e-06
0.14797	7.17229e-06
0.147992	7.17081e-06
0.148014	7.16923e-06
0.148036	7.16771e-06
0.148058	7.16613e-06
0.148081	7.16462e-06
0.148103	7.16298e-06
0.148125	7.16143e-06
0.148147	7.15974e-06
0.148169	7.15815e-06
0.148191	7.15649e-06
0.148214	7.15479e-06
0.148236	7.15315e-06
0.148258	7.1515e-06
0.14828	7.14989e-06
0.148302	7.14827e-06
0.148324	7.14667e-06
0.148347	7.14508e-06
0.148369	7.14345e-06
0.148391	7.14184e-06
0.148413	7.14019e-06
0.148435	7.13857e-06
0.148458	7.13695e-06
0.14848	7.13532e-06
0.148502	7.13371e-06
0.148524	7.13207e-06
0.148546	7.13047e-06
0.148568	7.12892e-06
0.148591	7.1274e-06
0.148613	7.12584e-06
0.148635	7.12425e-06
0.148657	7.12262e-06
0.148679	7.12101e-06
0.148701	7.11942e-06
0.148724	7.11787e-06
0.148746	7.11628e-06
0.148768	7.11463e-06
0.14879	7.11301e-06
0.148812	7.11139e-06
0.148835	7.10972e-06
0.148857	7.10803e-06
0.148879	7.10633e-06
0.148901	7.10464e-06
0.148923	7.10303e-06
0.148945	7.10146e-06
0.148968	7.0999e-06
0.14899	7.09841e-06
0.149012	7.09686e-06
0.149034	7.09535e-06
0.149056	7.09384e-06
0.149079	7.09232e-06
0.149101	7.0908e-06
0.149123	7.0893e-06
0.149145	7.0878e-06
0.149167	7.08633e-06
0.149189	7.08482e-06
0.149212	7.08337e-06
0.149234	7.08186e-06
0.149256	7.0804e-06
0.149278	7.07889e-06
0.1493	7.07742e-06
0.149323	7.07593e-06
0.149345	7.07451e-06
0.149367	7.07302e-06
0.149389	7.07155e-06
0.149411	7.07019e-06
0.149434	7.06881e-06
0.149456	7.06742e-06
0.149478	7.06613e-06
0.1495	7.06481e-06
0.149522	7.06348e-06
0.149545	7.06216e-06
0.149567	7.06082e-06
0.149589	7.05944e-06
0.149611	7.05812e-06
0.149633	7.05679e-06
0.149656	7.05554e-06
0.149678	7.05427e-06
0.1497	7.05305e-06
0.149722	7.05176e-06
0.149744	7.05061e-06
0.149767	7.04946e-06
0.149789	7.04835e-06
0.149811	7.04716e-06
0.149833	7.04605e-06
0.149856	7.04496e-06
0.149878	7.04388e-06
0.1499	7.04277e-06
0.149922	7.04169e-06
0.149944	7.0406e-06
0.149967	7.03955e-06
0.149989	7.03843e-06
0.150011	7.03739e-06
