0.100017	0.000991637
0.10004	0.00099191
0.100063	0.000991773
0.100086	0.000991837
0.100109	0.000991929
0.100132	0.000992014
0.100154	0.000992008
0.100177	0.000992079
0.1002	0.000992162
0.100223	0.00099224
0.100246	0.000992317
0.100269	0.00099241
0.100292	0.000992487
0.100314	0.000992568
0.100337	0.000992693
0.10036	0.000992682
0.100383	0.00099276
0.100406	0.000992888
0.100429	0.000992852
0.100451	0.00099294
0.100474	0.000993018
0.100497	0.000993078
0.10052	0.000993122
0.100543	0.000993275
0.100566	0.000993369
0.100588	0.000993469
0.100611	0.000993574
0.100634	0.000993678
0.100657	0.000993769
0.10068	0.000993869
0.100703	0.000993978
0.100725	0.000994088
0.100748	0.000994203
0.100771	0.000994317
0.100794	0.000994426
0.100817	0.000994551
0.10084	0.000994685
0.100862	0.000994777
0.100885	0.000994856
0.100908	0.000994919
0.100931	0.000995026
0.100954	0.000995156
0.100976	0.000995303
0.100999	0.00099531
0.101022	0.000995497
0.101045	0.000995641
0.101068	0.000995782
0.10109	0.000995933
0.101113	0.00099614
0.101136	0.000996257
0.101159	0.00099634
0.101182	0.000996478
0.101205	0.000996622
0.101227	0.000996808
0.10125	0.00099695
0.101273	0.000997253
0.101296	0.000997401
0.101319	0.000997689
0.101341	0.000997951
0.101364	0.000998162
0.101387	0.000998386
0.10141	0.000998618
0.101432	0.000998865
0.101455	0.000999069
0.101478	0.000999296
0.101501	0.000999538
0.101524	0.000999796
0.101546	0.00100004
0.101569	0.00100029
0.101592	0.00100053
0.101615	0.0010008
0.101638	0.00100107
0.10166	0.00100135
0.101683	0.00100166
0.101706	0.00100191
0.101729	0.0010022
0.101751	0.00100247
0.101774	0.00100277
0.101797	0.00100306
0.10182	0.00100325
0.101843	0.00100354
0.101865	0.00100383
0.101888	0.00100414
0.101911	0.00100442
0.101934	0.00100462
0.101956	0.00100491
0.101979	0.00100522
0.102002	0.00100552
0.102025	0.00100583
0.102047	0.00100614
0.10207	0.00100644
0.102093	0.00100676
0.102116	0.00100708
0.102138	0.00100746
0.102161	0.00100773
0.102184	0.0010081
0.102207	0.00100823
0.102229	0.00100851
0.102252	0.00100879
0.102275	0.00100911
0.102298	0.00100939
0.102321	0.00100976
0.102343	0.00101008
0.102366	0.00101045
0.102389	0.00101081
0.102411	0.00101105
0.102434	0.00101136
0.102457	0.00101168
0.10248	0.001012
0.102502	0.00101232
0.102525	0.00101265
0.102548	0.00101297
0.102571	0.00101328
0.102593	0.00101362
0.102616	0.001014
0.102639	0.00101431
0.102662	0.00101459
0.102684	0.0010149
0.102707	0.00101529
0.10273	0.00101554
0.102753	0.00101584
0.102775	0.00101624
0.102798	0.0010166
0.102821	0.00101698
0.102844	0.00101736
0.102866	0.00101776
0.102889	0.0010182
0.102912	0.0010185
0.102934	0.00101882
0.102957	0.0010193
0.10298	0.00101968
0.103003	0.00101998
0.103025	0.0010204
0.103048	0.00102089
0.103071	0.00102135
0.103093	0.00102174
0.103116	0.00102222
0.103139	0.00102266
0.103162	0.00102309
0.103184	0.00102353
0.103207	0.00102393
0.10323	0.00102436
0.103252	0.00102478
0.103275	0.00102522
0.103298	0.00102563
0.103321	0.00102608
0.103343	0.00102652
0.103366	0.001027
0.103389	0.00102745
0.103411	0.00102794
0.103434	0.00102842
0.103457	0.0010289
0.10348	0.00102943
0.103502	0.00102988
0.103525	0.00103037
0.103548	0.00103088
0.10357	0.00103126
0.103593	0.00103175
0.103616	0.00103218
0.103638	0.00103265
0.103661	0.00103316
0.103684	0.00103365
0.103707	0.00103414
0.103729	0.00103463
0.103752	0.00103512
0.103775	0.00103562
0.103797	0.00103611
0.10382	0.0010366
0.103843	0.00103716
0.103865	0.00103761
0.103888	0.00103807
0.103911	0.00103859
0.103933	0.00103915
0.103956	0.00103964
0.103979	0.00104003
0.104001	0.00104054
0.104024	0.00104106
0.104047	0.00104159
0.10407	0.00104211
0.104092	0.00104264
0.104115	0.00104314
0.104138	0.00104368
0.10416	0.00104427
0.104183	0.00104479
0.104206	0.00104533
0.104228	0.0010459
0.104251	0.00104636
0.104274	0.00104689
0.104296	0.00104741
0.104319	0.00104795
0.104342	0.00104844
0.104364	0.00104892
0.104387	0.00104948
0.10441	0.00105003
0.104432	0.0010505
0.104455	0.00105105
0.104478	0.00105161
0.1045	0.00105216
0.104523	0.00105263
0.104546	0.00105317
0.104568	0.0010537
0.104591	0.00105424
0.104614	0.00105476
0.104636	0.00105533
0.104659	0.00105589
0.104682	0.00105632
0.104704	0.00105685
0.104727	0.00105737
0.10475	0.00105787
0.104772	0.00105836
0.104795	0.00105906
0.104818	0.00105961
0.10484	0.00106013
0.104863	0.00106072
0.104886	0.00106127
0.104908	0.00106182
0.104931	0.0010624
0.104954	0.00106294
0.104976	0.00106356
0.104999	0.00106404
0.105022	0.00106463
0.105044	0.00106518
0.105067	0.00106577
0.105089	0.00106635
0.105112	0.0010669
0.105135	0.00106751
0.105157	0.00106806
0.10518	0.00106863
0.105203	0.0010692
0.105225	0.00106979
0.105248	0.0010704
0.105271	0.00107098
0.105293	0.00107153
0.105316	0.00107217
0.105339	0.00107264
0.105361	0.00107322
0.105384	0.00107381
0.105407	0.00107434
0.105429	0.0010749
0.105452	0.00107544
0.105474	0.00107601
0.105497	0.00107659
0.10552	0.00107717
0.105542	0.00107775
0.105565	0.00107834
0.105588	0.00107891
0.10561	0.0010795
0.105633	0.0010801
0.105656	0.00108068
0.105678	0.00108128
0.105701	0.00108189
0.105724	0.00108258
0.105746	0.00108314
0.105769	0.00108363
0.105791	0.00108425
0.105814	0.00108475
0.105837	0.00108528
0.105859	0.00108584
0.105882	0.0010864
0.105905	0.00108698
0.105927	0.00108753
0.10595	0.00108816
0.105972	0.00108875
0.105995	0.00108933
0.106018	0.00108992
0.10604	0.0010905
0.106063	0.00109109
0.106086	0.00109167
0.106108	0.00109226
0.106131	0.00109285
0.106154	0.00109348
0.106176	0.00109404
0.106199	0.0010946
0.106221	0.00109516
0.106244	0.00109575
0.106267	0.00109634
0.106289	0.00109684
0.106312	0.00109747
0.106335	0.00109784
0.106357	0.00109838
0.10638	0.00109893
0.106402	0.0010995
0.106425	0.00109993
0.106448	0.00110042
0.10647	0.00110091
0.106493	0.00110144
0.106516	0.0011019
0.106538	0.00110258
0.106561	0.00110313
0.106583	0.00110367
0.106606	0.00110421
0.106629	0.00110472
0.106651	0.00110527
0.106674	0.00110581
0.106696	0.00110636
0.106719	0.00110682
0.106742	0.00110732
0.106764	0.00110782
0.106787	0.0011083
0.10681	0.00110877
0.106832	0.00110925
0.106855	0.00110972
0.106877	0.0011102
0.1069	0.00111066
0.106923	0.00111112
0.106945	0.0011116
0.106968	0.00111206
0.106991	0.00111243
0.107013	0.0011129
0.107036	0.00111338
0.107058	0.00111374
0.107081	0.00111423
0.107104	0.00111454
0.107126	0.00111494
0.107149	0.00111538
0.107171	0.00111581
0.107194	0.00111624
0.107217	0.00111669
0.107239	0.00111715
0.107262	0.00111754
0.107285	0.00111792
0.107307	0.00111836
0.10733	0.00111881
0.107352	0.00111924
0.107375	0.00111967
0.107398	0.00112008
0.10742	0.00112051
0.107443	0.00112089
0.107465	0.00112135
0.107488	0.00112178
0.107511	0.00112233
0.107533	0.00112258
0.107556	0.001123
0.107579	0.00112334
0.107601	0.00112384
0.107624	0.00112415
0.107646	0.00112471
0.107669	0.00112494
0.107692	0.00112554
0.107714	0.00112577
0.107737	0.00112638
0.107759	0.00112646
0.107782	0.00112708
0.107805	0.00112726
0.107827	0.00112779
0.10785	0.00112796
0.107872	0.00112849
0.107895	0.00112865
0.107918	0.00112921
0.10794	0.00112932
0.107963	0.00112987
0.107986	0.00112994
0.108008	0.00113046
0.108031	0.00113057
0.108053	0.00113103
0.108076	0.0011312
0.108099	0.00113173
0.108121	0.00113176
0.108144	0.00113216
0.108166	0.00113226
0.108189	0.00113258
0.108212	0.0011326
0.108234	0.001133
0.108257	0.0011329
0.108279	0.00113337
0.108302	0.00113334
0.108325	0.00113369
0.108347	0.0011336
0.10837	0.00113399
0.108393	0.00113392
0.108415	0.00113425
0.108438	0.00113417
0.10846	0.00113454
0.108483	0.00113439
0.108506	0.0011347
0.108528	0.00113461
0.108551	0.00113488
0.108573	0.00113474
0.108596	0.001135
0.108619	0.00113486
0.108641	0.00113508
0.108664	0.00113491
0.108687	0.00113512
0.108709	0.00113494
0.108732	0.00113515
0.108754	0.00113498
0.108777	0.00113521
0.1088	0.00113506
0.108822	0.00113528
0.108845	0.00113512
0.108867	0.00113522
0.10889	0.00113507
0.108913	0.00113531
0.108935	0.00113508
0.108958	0.00113522
0.10898	0.00113503
0.109003	0.00113517
0.109026	0.00113496
0.109048	0.00113511
0.109071	0.00113493
0.109094	0.0011351
0.109116	0.00113486
0.109139	0.00113495
0.109161	0.00113474
0.109184	0.00113484
0.109207	0.00113462
0.109229	0.0011347
0.109252	0.00113447
0.109275	0.00113456
0.109297	0.00113442
0.10932	0.00113432
0.109342	0.00113406
0.109365	0.00113411
0.109388	0.00113384
0.10941	0.00113387
0.109433	0.00113359
0.109455	0.0011336
0.109478	0.00113331
0.109501	0.00113332
0.109523	0.00113299
0.109546	0.00113299
0.109569	0.00113264
0.109591	0.00113268
0.109614	0.00113237
0.109636	0.00113241
0.109659	0.00113199
0.109682	0.00113195
0.109704	0.00113162
0.109727	0.0011316
0.10975	0.00113126
0.109772	0.00113119
0.109795	0.00113084
0.109817	0.00113071
0.10984	0.00113041
0.109863	0.00113031
0.109885	0.00113004
0.109908	0.00112986
0.109931	0.0011295
0.109953	0.00112935
0.109976	0.00112899
0.109998	0.00112872
0.110021	0.00112849
0.110044	0.00112844
0.110066	0.00112812
0.110089	0.00112798
0.110112	0.00112765
0.110134	0.00112754
0.110157	0.00112715
0.11018	0.00112698
0.110202	0.00112665
0.110225	0.00112651
0.110247	0.00112613
0.11027	0.0011259
0.110293	0.0011255
0.110315	0.00112521
0.110338	0.00112488
0.110361	0.00112462
0.110383	0.00112427
0.110406	0.00112398
0.110428	0.00112363
0.110451	0.00112333
0.110474	0.001123
0.110496	0.0011227
0.110519	0.00112239
0.110542	0.00112206
0.110564	0.00112173
0.110587	0.00112151
0.11061	0.00112107
0.110632	0.00112071
0.110655	0.00112033
0.110678	0.00112
0.1107	0.00111967
0.110723	0.00111934
0.110745	0.001119
0.110768	0.00111866
0.110791	0.00111834
0.110813	0.00111802
0.110836	0.0011177
0.110859	0.00111742
0.110881	0.001117
0.110904	0.00111664
0.110927	0.00111632
0.110949	0.00111593
0.110972	0.00111557
0.110995	0.00111518
0.111017	0.00111482
0.11104	0.00111448
0.111063	0.00111421
0.111085	0.00111382
0.111108	0.00111338
0.11113	0.001113
0.111153	0.00111264
0.111176	0.00111229
0.111198	0.00111195
0.111221	0.00111161
0.111244	0.00111126
0.111266	0.0011109
0.111289	0.00111052
0.111312	0.00111015
0.111334	0.00110977
0.111357	0.00110935
0.11138	0.00110899
0.111402	0.0011086
0.111425	0.00110821
0.111448	0.00110779
0.11147	0.0011074
0.111493	0.00110706
0.111516	0.00110662
0.111538	0.00110618
0.111561	0.00110573
0.111584	0.00110534
0.111606	0.00110489
0.111629	0.00110454
0.111652	0.00110419
0.111674	0.00110394
0.111697	0.00110343
0.11172	0.00110308
0.111742	0.0011026
0.111765	0.00110231
0.111788	0.00110206
0.11181	0.00110171
0.111833	0.00110137
0.111856	0.00110102
0.111878	0.00110069
0.111901	0.00110037
0.111924	0.00110004
0.111946	0.0010997
0.111969	0.00109937
0.111992	0.00109908
0.112014	0.00109874
0.112037	0.00109834
0.11206	0.00109801
0.112082	0.00109765
0.112105	0.00109732
0.112128	0.00109697
0.11215	0.00109663
0.112173	0.00109629
0.112196	0.00109595
0.112219	0.0010956
0.112241	0.00109529
0.112264	0.00109491
0.112287	0.00109458
0.112309	0.00109426
0.112332	0.00109393
0.112355	0.00109362
0.112377	0.00109337
0.1124	0.00109299
0.112423	0.00109252
0.112445	0.00109218
0.112468	0.00109187
0.112491	0.00109153
0.112513	0.0010912
0.112536	0.00109087
0.112559	0.00109054
0.112582	0.00109022
0.112604	0.0010899
0.112627	0.00108957
0.11265	0.00108925
0.112672	0.00108893
0.112695	0.00108861
0.112718	0.00108828
0.11274	0.00108797
0.112763	0.00108771
0.112786	0.0010874
0.112809	0.00108702
0.112831	0.00108675
0.112854	0.00108646
0.112877	0.0010861
0.112899	0.0010857
0.112922	0.00108539
0.112945	0.00108507
0.112967	0.00108475
0.11299	0.00108443
0.113013	0.00108412
0.113036	0.0010838
0.113058	0.00108349
0.113081	0.00108319
0.113104	0.0010829
0.113126	0.00108261
0.113149	0.00108233
0.113172	0.00108206
0.113195	0.0010818
0.113217	0.00108152
0.11324	0.00108129
0.113263	0.00108101
0.113285	0.00108071
0.113308	0.00108045
0.113331	0.00108018
0.113354	0.0010799
0.113376	0.00107972
0.113399	0.00107958
0.113422	0.00107933
0.113445	0.00107916
0.113467	0.00107881
0.11349	0.00107849
0.113513	0.00107854
0.113535	0.00107829
0.113558	0.00107812
0.113581	0.00107793
0.113604	0.00107774
0.113626	0.00107751
0.113649	0.00107742
0.113672	0.00107725
0.113695	0.00107709
0.113717	0.00107694
0.11374	0.00107679
0.113763	0.00107663
0.113786	0.00107647
0.113808	0.00107634
0.113831	0.00107621
0.113854	0.00107599
0.113876	0.00107579
0.113899	0.00107551
0.113922	0.00107528
0.113945	0.00107507
0.113967	0.00107486
0.11399	0.00107467
0.114013	0.00107448
0.114036	0.00107429
0.114058	0.0010741
0.114081	0.00107391
0.114104	0.00107372
0.114126	0.00107354
0.114149	0.00107338
0.114172	0.00107332
0.114195	0.00107305
0.114217	0.00107273
0.11424	0.00107254
0.114263	0.00107236
0.114286	0.0010722
0.114308	0.00107204
0.114331	0.00107189
0.114354	0.00107175
0.114376	0.00107161
0.114399	0.00107147
0.114422	0.00107133
0.114444	0.00107119
0.114467	0.00107106
0.11449	0.00107093
0.114513	0.0010708
0.114535	0.00107068
0.114558	0.00107055
0.114581	0.00107044
0.114603	0.00107035
0.114626	0.00107025
0.114649	0.00107004
0.114671	0.00106999
0.114694	0.00106979
0.114717	0.00106959
0.11474	0.00106948
0.114762	0.00106937
0.114785	0.00106927
0.114808	0.00106918
0.11483	0.00106911
0.114853	0.00106903
0.114876	0.00106897
0.114898	0.00106891
0.114921	0.00106886
0.114944	0.00106881
0.114966	0.00106881
0.114989	0.00106876
0.115012	0.00106873
0.115034	0.00106871
0.115057	0.0010687
0.11508	0.00106858
0.115102	0.00106874
0.115125	0.00106881
0.115148	0.00106883
0.11517	0.00106892
0.115193	0.00106897
0.115216	0.00106904
0.115238	0.00106908
0.115261	0.00106908
0.115284	0.00106911
0.115306	0.00106927
0.115329	0.00106926
0.115352	0.00106933
0.115374	0.00106941
0.115397	0.00106944
0.11542	0.00106959
0.115442	0.00106968
0.115465	0.00106978
0.115488	0.00106987
0.11551	0.00106996
0.115533	0.00107006
0.115556	0.00107021
0.115578	0.00107028
0.115601	0.00107041
0.115624	0.00107056
0.115646	0.00107066
0.115669	0.00107079
0.115691	0.00107093
0.115714	0.00107108
0.115737	0.0010712
0.115759	0.00107131
0.115782	0.00107147
0.115805	0.00107161
0.115827	0.00107177
0.11585	0.00107194
0.115873	0.00107211
0.115895	0.00107226
0.115918	0.00107245
0.11594	0.00107268
0.115963	0.00107293
0.115986	0.00107306
0.116008	0.00107315
0.116031	0.00107333
0.116054	0.00107352
0.116076	0.0010737
0.116099	0.0010739
0.116121	0.00107413
0.116144	0.00107437
0.116167	0.00107453
0.116189	0.00107475
0.116212	0.00107497
0.116235	0.0010752
0.116257	0.00107542
0.11628	0.00107565
0.116302	0.00107588
0.116325	0.00107613
0.116348	0.00107639
0.11637	0.00107667
0.116393	0.00107696
0.116415	0.0010773
0.116438	0.00107741
0.116461	0.00107773
0.116483	0.0010779
0.116506	0.00107821
0.116528	0.00107844
0.116551	0.00107873
0.116574	0.00107904
0.116596	0.00107933
0.116619	0.00107954
0.116641	0.00107986
0.116664	0.00108016
0.116687	0.00108046
0.116709	0.00108082
0.116732	0.00108107
0.116754	0.00108142
0.116777	0.00108179
0.1168	0.00108203
0.116822	0.00108249
0.116845	0.00108293
0.116867	0.00108331
0.11689	0.00108365
0.116912	0.00108407
0.116935	0.00108447
0.116958	0.00108476
0.11698	0.00108532
0.117003	0.00108574
0.117025	0.00108606
0.117048	0.00108649
0.11707	0.00108701
0.117093	0.00108734
0.117116	0.00108771
0.117138	0.00108813
0.117161	0.00108852
0.117183	0.00108904
0.117206	0.00108948
0.117228	0.00108995
0.117251	0.00109041
0.117274	0.00109088
0.117296	0.00109134
0.117319	0.00109183
0.117341	0.00109226
0.117364	0.00109272
0.117386	0.0010932
0.117409	0.00109365
0.117432	0.00109412
0.117454	0.0010946
0.117477	0.00109508
0.117499	0.00109556
0.117522	0.00109604
0.117544	0.00109655
0.117567	0.00109699
0.117589	0.00109746
0.117612	0.00109795
0.117635	0.00109844
0.117657	0.00109894
0.11768	0.00109945
0.117702	0.00110001
0.117725	0.00110058
0.117747	0.00110092
0.11777	0.00110143
0.117792	0.00110193
0.117815	0.00110242
0.117837	0.00110293
0.11786	0.00110344
0.117883	0.00110395
0.117905	0.00110446
0.117928	0.00110498
0.11795	0.00110551
0.117973	0.00110605
0.117995	0.00110659
0.118018	0.00110712
0.11804	0.00110766
0.118063	0.00110825
0.118085	0.00110877
0.118108	0.00110934
0.11813	0.00110992
0.118153	0.00111052
0.118175	0.00111115
0.118198	0.00111164
0.118221	0.0011123
0.118243	0.00111274
0.118266	0.00111331
0.118288	0.00111389
0.118311	0.00111448
0.118333	0.0011151
0.118356	0.00111566
0.118378	0.00111626
0.118401	0.00111688
0.118423	0.00111753
0.118446	0.00111824
0.118468	0.00111883
0.118491	0.0011194
0.118513	0.00112001
0.118536	0.00112066
0.118558	0.00112135
0.118581	0.00112208
0.118603	0.00112274
0.118626	0.00112339
0.118648	0.00112399
0.118671	0.00112473
0.118693	0.00112531
0.118716	0.00112608
0.118738	0.00112687
0.118761	0.00112759
0.118783	0.00112811
0.118806	0.00112884
0.118829	0.00112949
0.118851	0.00113031
0.118874	0.00113092
0.118896	0.00113161
0.118919	0.0011322
0.118941	0.00113293
0.118964	0.00113365
0.118986	0.00113436
0.119009	0.00113508
0.119031	0.0011358
0.119054	0.00113653
0.119076	0.00113726
0.119099	0.00113798
0.119121	0.00113871
0.119144	0.00113947
0.119166	0.00114019
0.119189	0.00114093
0.119211	0.00114167
0.119234	0.00114241
0.119256	0.00114314
0.119279	0.00114388
0.119301	0.00114462
0.119324	0.00114536
0.119346	0.00114611
0.119369	0.00114679
0.119391	0.00114753
0.119414	0.00114827
0.119436	0.00114902
0.119459	0.00114978
0.119481	0.0011507
0.119504	0.00115112
0.119526	0.00115183
0.119548	0.00115258
0.119571	0.00115332
0.119593	0.00115402
0.119616	0.00115475
0.119638	0.00115548
0.119661	0.00115622
0.119683	0.00115696
0.119706	0.0011577
0.119728	0.00115845
0.119751	0.00115921
0.119773	0.00115998
0.119796	0.00116076
0.119818	0.00116153
0.119841	0.0011623
0.119863	0.00116307
0.119886	0.00116384
0.119908	0.00116463
0.119931	0.00116548
0.119953	0.00116619
0.119976	0.00116698
0.119998	0.00116775
0.120021	0.00116844
0.120043	0.00116923
0.120066	0.00116999
0.120088	0.00117081
0.120111	0.00117163
0.120133	0.00117245
0.120156	0.00117331
0.120178	0.00117413
0.120201	0.00117491
0.120223	0.00117573
0.120245	0.00117649
0.120268	0.00117745
0.12029	0.00117835
0.120313	0.0011792
0.120335	0.00117998
0.120358	0.00118083
0.12038	0.00118167
0.120403	0.00118248
0.120425	0.00118327
0.120448	0.00118424
0.12047	0.00118505
0.120493	0.00118601
0.120515	0.00118692
0.120538	0.0011877
0.12056	0.00118853
0.120583	0.00118936
0.120605	0.00119033
0.120628	0.00119125
0.12065	0.00119203
0.120673	0.00119292
0.120695	0.00119377
0.120717	0.00119463
0.12074	0.00119549
0.120762	0.00119634
0.120785	0.00119721
0.120807	0.00119807
0.12083	0.00119893
0.120852	0.00119977
0.120875	0.00120062
0.120897	0.00120144
0.12092	0.00120226
0.120942	0.00120308
0.120965	0.00120389
0.120987	0.0012047
0.12101	0.00120552
0.121032	0.00120634
0.121055	0.00120717
0.121077	0.00120799
0.1211	0.00120881
0.121122	0.00120965
0.121144	0.00121043
0.121167	0.00121126
0.121189	0.0012121
0.121212	0.00121296
0.121234	0.0012139
0.121257	0.00121482
0.121279	0.00121544
0.121302	0.00121628
0.121324	0.00121715
0.121347	0.00121798
0.121369	0.00121883
0.121392	0.0012197
0.121414	0.00122055
0.121437	0.0012214
0.121459	0.00122225
0.121482	0.0012231
0.121504	0.00122394
0.121526	0.00122479
0.121549	0.00122565
0.121571	0.00122649
0.121594	0.00122735
0.121616	0.00122821
0.121639	0.00122907
0.121661	0.00122993
0.121684	0.00123077
0.121706	0.00123167
0.121729	0.00123247
0.121751	0.00123333
0.121774	0.00123426
0.121796	0.00123501
0.121819	0.00123588
0.121841	0.00123678
0.121864	0.00123763
0.121886	0.00123844
0.121908	0.00123937
0.121931	0.00124013
0.121953	0.00124099
0.121976	0.00124181
0.121998	0.00124282
0.122021	0.00124372
0.122043	0.00124461
0.122066	0.00124546
0.122088	0.00124636
0.122111	0.00124725
0.122133	0.00124814
0.122156	0.00124901
0.122178	0.00124987
0.122201	0.00125084
0.122223	0.00125172
0.122246	0.00125267
0.122268	0.00125356
0.122291	0.00125449
0.122313	0.00125523
0.122335	0.00125607
0.122358	0.00125689
0.12238	0.0012578
0.122403	0.00125866
0.122425	0.00125939
0.122448	0.0012602
0.12247	0.00126103
0.122493	0.00126178
0.122515	0.0012626
0.122538	0.00126341
0.12256	0.00126423
0.122583	0.00126505
0.122605	0.00126586
0.122628	0.00126668
0.12265	0.00126753
0.122673	0.0012683
0.122695	0.00126911
0.122718	0.0012699
0.12274	0.0012707
0.122763	0.00127149
0.122785	0.00127227
0.122808	0.00127304
0.12283	0.00127381
0.122853	0.00127457
0.122875	0.00127536
0.122897	0.0012761
0.12292	0.00127685
0.122942	0.00127761
0.122965	0.00127835
0.122987	0.00127914
0.12301	0.00127986
0.123032	0.00128065
0.123055	0.00128135
0.123077	0.00128199
0.1231	0.00128279
0.123122	0.00128344
0.123145	0.00128419
0.123167	0.00128492
0.12319	0.00128566
0.123212	0.00128642
0.123235	0.00128719
0.123257	0.00128792
0.12328	0.00128866
0.123302	0.00128939
0.123325	0.00129011
0.123347	0.00129083
0.12337	0.00129155
0.123392	0.00129229
0.123415	0.00129301
0.123437	0.00129374
0.12346	0.00129447
0.123482	0.00129521
0.123505	0.00129598
0.123527	0.00129654
0.12355	0.00129729
0.123572	0.00129793
0.123595	0.00129864
0.123617	0.0012994
0.12364	0.00130013
0.123662	0.00130067
0.123685	0.00130141
0.123707	0.0013021
0.12373	0.00130281
0.123752	0.00130356
0.123775	0.00130421
0.123797	0.00130479
0.12382	0.00130541
0.123842	0.001306
0.123865	0.0013066
0.123887	0.00130715
0.12391	0.00130768
0.123932	0.00130822
0.123955	0.00130881
0.123977	0.00130944
0.124	0.00130992
0.124022	0.00131038
0.124045	0.00131087
0.124067	0.00131132
0.12409	0.00131172
0.124112	0.00131213
0.124135	0.00131253
0.124157	0.00131299
0.12418	0.00131339
0.124202	0.00131372
0.124225	0.00131412
0.124247	0.00131444
0.12427	0.00131481
0.124292	0.00131516
0.124315	0.00131549
0.124338	0.00131579
0.12436	0.0013161
0.124383	0.0013164
0.124405	0.00131669
0.124428	0.00131695
0.12445	0.00131721
0.124473	0.00131743
0.124495	0.00131766
0.124518	0.00131789
0.12454	0.00131813
0.124563	0.00131836
0.124585	0.00131857
0.124608	0.00131878
0.12463	0.00131899
0.124653	0.00131916
0.124675	0.00131937
0.124698	0.00131956
0.12472	0.00131974
0.124743	0.00131994
0.124766	0.00132006
0.124788	0.00132018
0.124811	0.00132034
0.124833	0.00132062
0.124856	0.00132057
0.124878	0.00132071
0.124901	0.00132074
0.124923	0.00132084
0.124946	0.00132092
0.124968	0.00132103
0.124991	0.00132111
0.125013	0.0013212
0.125036	0.00132128
0.125059	0.00132134
0.125081	0.0013214
0.125104	0.00132148
0.125126	0.00132156
0.125149	0.00132163
0.125171	0.00132172
0.125194	0.00132177
0.125216	0.00132182
0.125239	0.00132186
0.125261	0.00132192
0.125284	0.00132205
0.125307	0.001322
0.125329	0.00132203
0.125352	0.00132217
0.125374	0.0013221
0.125397	0.00132195
0.125419	0.00132195
0.125442	0.00132204
0.125464	0.00132211
0.125487	0.00132211
0.12551	0.00132212
0.125532	0.00132205
0.125555	0.00132213
0.125577	0.00132206
0.1256	0.00132207
0.125622	0.00132201
0.125645	0.00132201
0.125668	0.001322
0.12569	0.00132193
0.125713	0.00132194
0.125735	0.00132196
0.125758	0.00132196
0.12578	0.00132193
0.125803	0.00132193
0.125826	0.0013218
0.125848	0.00132183
0.125871	0.00132164
0.125893	0.00132153
0.125916	0.00132144
0.125938	0.00132138
0.125961	0.00132132
0.125984	0.00132117
0.126006	0.001321
0.126029	0.00132087
0.126051	0.00132078
0.126074	0.00132067
0.126097	0.00132054
0.126119	0.0013204
0.126142	0.00132027
0.126164	0.00132011
0.126187	0.00131996
0.126209	0.00131981
0.126232	0.00131969
0.126255	0.00131949
0.126277	0.00131933
0.1263	0.00131915
0.126322	0.00131899
0.126345	0.00131882
0.126368	0.0013186
0.12639	0.00131837
0.126413	0.00131818
0.126435	0.00131799
0.126458	0.0013178
0.126481	0.00131761
0.126503	0.00131746
0.126526	0.00131722
0.126548	0.00131699
0.126571	0.00131679
0.126594	0.00131662
0.126616	0.0013165
0.126639	0.00131623
0.126662	0.00131585
0.126684	0.00131563
0.126707	0.0013154
0.126729	0.00131516
0.126752	0.00131493
0.126775	0.0013147
0.126797	0.00131446
0.12682	0.00131428
0.126842	0.00131405
0.126865	0.00131383
0.126888	0.00131358
0.12691	0.00131334
0.126933	0.00131313
0.126956	0.00131291
0.126978	0.00131267
0.127001	0.00131242
0.127023	0.00131218
0.127046	0.00131197
0.127069	0.00131188
0.127091	0.00131144
0.127114	0.00131116
0.127137	0.00131108
0.127159	0.00131067
0.127182	0.00131045
0.127205	0.0013102
0.127227	0.00130999
0.12725	0.00130975
0.127272	0.00130948
0.127295	0.00130908
0.127318	0.00130876
0.12734	0.00130839
0.127363	0.00130799
0.127386	0.00130767
0.127408	0.0013073
0.127431	0.00130693
0.127453	0.00130652
0.127476	0.0013062
0.127499	0.00130588
0.127521	0.00130551
0.127544	0.00130514
0.127567	0.00130478
0.127589	0.00130442
0.127612	0.00130417
0.127634	0.00130367
0.127657	0.00130329
0.12768	0.00130291
0.127702	0.00130254
0.127725	0.00130227
0.127748	0.00130183
0.12777	0.00130137
0.127793	0.00130098
0.127815	0.00130067
0.127838	0.00130031
0.127861	0.00129995
0.127883	0.0012996
0.127906	0.00129925
0.127928	0.00129892
0.127951	0.00129859
0.127974	0.00129826
0.127996	0.00129793
0.128019	0.0012976
0.128041	0.00129727
0.128064	0.00129693
0.128087	0.00129661
0.128109	0.00129622
0.128132	0.00129588
0.128154	0.00129552
0.128177	0.00129516
0.128199	0.00129481
0.128222	0.00129446
0.128245	0.00129414
0.128267	0.00129387
0.12829	0.00129348
0.128312	0.00129314
0.128335	0.00129284
0.128358	0.00129253
0.12838	0.00129225
0.128403	0.00129205
0.128425	0.00129168
0.128448	0.00129126
0.12847	0.00129094
0.128493	0.00129064
0.128516	0.00129035
0.128538	0.00129005
0.128561	0.00128973
0.128583	0.00128944
0.128606	0.00128918
0.128628	0.00128889
0.128651	0.00128861
0.128673	0.00128832
0.128696	0.00128805
0.128719	0.00128776
0.128741	0.0012875
0.128764	0.00128724
0.128786	0.00128683
0.128809	0.00128672
0.128831	0.00128652
0.128854	0.0012862
0.128876	0.0012859
0.128899	0.00128568
0.128921	0.00128552
0.128944	0.0012852
0.128967	0.00128489
0.128989	0.00128473
0.129012	0.00128453
0.129034	0.00128424
0.129057	0.00128407
0.129079	0.00128383
0.129102	0.00128363
0.129124	0.00128341
0.129147	0.0012832
0.129169	0.001283
0.129192	0.00128277
0.129214	0.00128265
0.129237	0.00128244
0.129259	0.00128236
0.129282	0.00128219
0.129305	0.00128205
0.129327	0.0012819
0.12935	0.00128178
0.129372	0.00128166
0.129395	0.00128159
0.129417	0.00128138
0.12944	0.00128131
0.129462	0.00128114
0.129485	0.00128105
0.129507	0.00128103
0.12953	0.00128081
0.129552	0.00128072
0.129575	0.00128058
0.129597	0.00128057
0.12962	0.0012805
0.129642	0.00128043
0.129665	0.00128037
0.129687	0.00128031
0.12971	0.00128027
0.129732	0.00128021
0.129755	0.0012802
0.129777	0.00128018
0.1298	0.00128018
0.129822	0.00128015
0.129845	0.00128015
0.129867	0.00128016
0.12989	0.00128017
0.129912	0.00128017
0.129935	0.0012802
0.129957	0.0012802
0.12998	0.00128024
0.130002	0.00128024
0.130025	0.00128029
0.130047	0.00128036
0.13007	0.00128032
0.130092	0.00128033
0.130114	0.00128042
0.130137	0.00128044
0.130159	0.00128054
0.130182	0.00128059
0.130204	0.00128078
0.130227	0.00128069
0.130249	0.00128073
0.130272	0.00128079
0.130294	0.00128091
0.130317	0.00128102
0.130339	0.0012812
0.130362	0.00128131
0.130384	0.00128148
0.130407	0.00128158
0.130429	0.00128173
0.130452	0.00128187
0.130474	0.00128204
0.130496	0.00128214
0.130519	0.00128228
0.130541	0.00128244
0.130564	0.00128255
0.130586	0.0012827
0.130609	0.00128292
0.130631	0.00128313
0.130654	0.00128332
0.130676	0.00128349
0.130699	0.00128366
0.130721	0.00128398
0.130743	0.00128409
0.130766	0.0012843
0.130788	0.00128452
0.130811	0.00128478
0.130833	0.001285
0.130856	0.00128525
0.130878	0.00128549
0.130901	0.00128576
0.130923	0.00128601
0.130945	0.00128631
0.130968	0.00128658
0.13099	0.00128686
0.131013	0.00128716
0.131035	0.00128748
0.131058	0.00128777
0.13108	0.00128809
0.131103	0.00128837
0.131125	0.00128875
0.131147	0.00128909
0.13117	0.00128946
0.131192	0.00128987
0.131215	0.00129012
0.131237	0.00129048
0.13126	0.00129085
0.131282	0.00129124
0.131304	0.00129157
0.131327	0.00129198
0.131349	0.00129224
0.131372	0.00129266
0.131394	0.00129306
0.131417	0.00129345
0.131439	0.00129384
0.131461	0.00129428
0.131484	0.00129469
0.131506	0.00129511
0.131529	0.00129553
0.131551	0.00129598
0.131573	0.0012964
0.131596	0.00129682
0.131618	0.00129729
0.131641	0.00129773
0.131663	0.00129819
0.131686	0.00129864
0.131708	0.00129913
0.13173	0.00129959
0.131753	0.00130007
0.131775	0.00130054
0.131798	0.00130104
0.13182	0.00130154
0.131842	0.00130206
0.131865	0.00130253
0.131887	0.00130299
0.13191	0.00130347
0.131932	0.00130396
0.131954	0.00130445
0.131977	0.00130493
0.131999	0.00130545
0.132022	0.00130599
0.132044	0.00130639
0.132067	0.00130689
0.132089	0.0013074
0.132111	0.00130795
0.132134	0.00130849
0.132156	0.00130899
0.132179	0.00130953
0.132201	0.00131007
0.132223	0.00131063
0.132246	0.00131113
0.132268	0.00131172
0.132291	0.00131228
0.132313	0.00131284
0.132335	0.00131341
0.132358	0.00131401
0.13238	0.00131456
0.132402	0.00131515
0.132425	0.00131568
0.132447	0.0013163
0.13247	0.00131691
0.132492	0.00131743
0.132514	0.001318
0.132537	0.00131862
0.132559	0.00131922
0.132582	0.00131974
0.132604	0.00132031
0.132626	0.00132098
0.132649	0.0013216
0.132671	0.00132224
0.132694	0.00132288
0.132716	0.00132355
0.132738	0.00132417
0.132761	0.00132487
0.132783	0.0013255
0.132805	0.00132616
0.132828	0.00132679
0.13285	0.00132746
0.132873	0.00132807
0.132895	0.00132874
0.132917	0.00132935
0.13294	0.00133003
0.132962	0.00133066
0.132985	0.00133137
0.133007	0.00133202
0.133029	0.00133278
0.133052	0.00133337
0.133074	0.00133407
0.133096	0.00133477
0.133119	0.00133544
0.133141	0.00133616
0.133164	0.00133693
0.133186	0.00133762
0.133208	0.0013383
0.133231	0.00133895
0.133253	0.00133971
0.133275	0.00134037
0.133298	0.00134113
0.13332	0.0013418
0.133343	0.00134254
0.133365	0.00134319
0.133387	0.00134388
0.13341	0.00134453
0.133432	0.00134529
0.133454	0.00134592
0.133477	0.00134664
0.133499	0.00134734
0.133521	0.00134808
0.133544	0.00134875
0.133566	0.00134948
0.133589	0.00135017
0.133611	0.00135089
0.133633	0.00135166
0.133656	0.0013524
0.133678	0.00135315
0.1337	0.00135391
0.133723	0.00135466
0.133745	0.00135539
0.133767	0.00135613
0.13379	0.00135685
0.133812	0.0013576
0.133835	0.00135832
0.133857	0.00135904
0.133879	0.00135974
0.133902	0.00136057
0.133924	0.00136117
0.133946	0.00136191
0.133969	0.00136261
0.133991	0.00136337
0.134013	0.00136408
0.134036	0.00136485
0.134058	0.00136558
0.134081	0.00136635
0.134103	0.00136707
0.134125	0.00136785
0.134148	0.0013686
0.13417	0.00136939
0.134192	0.00137015
0.134215	0.00137094
0.134237	0.00137168
0.134259	0.00137242
0.134282	0.00137313
0.134304	0.00137391
0.134326	0.00137465
0.134349	0.00137542
0.134371	0.00137609
0.134393	0.00137685
0.134416	0.00137757
0.134438	0.00137832
0.134461	0.00137905
0.134483	0.00137979
0.134505	0.00138051
0.134528	0.0013813
0.13455	0.00138206
0.134572	0.00138286
0.134595	0.00138362
0.134617	0.00138439
0.134639	0.00138514
0.134662	0.0013859
0.134684	0.00138666
0.134706	0.00138736
0.134729	0.0013881
0.134751	0.00138882
0.134773	0.00138952
0.134796	0.00139025
0.134818	0.00139096
0.134841	0.00139166
0.134863	0.00139236
0.134885	0.00139309
0.134908	0.00139381
0.13493	0.00139456
0.134952	0.0013953
0.134975	0.00139598
0.134997	0.00139671
0.135019	0.00139744
0.135042	0.00139814
0.135064	0.0013989
0.135086	0.00139966
0.135109	0.00140047
0.135131	0.00140114
0.135153	0.00140186
0.135176	0.00140264
0.135198	0.00140336
0.13522	0.00140409
0.135243	0.00140475
0.135265	0.00140549
0.135288	0.00140614
0.13531	0.00140687
0.135332	0.00140754
0.135355	0.00140827
0.135377	0.00140893
0.135399	0.0014097
0.135422	0.00141036
0.135444	0.00141107
0.135466	0.00141174
0.135489	0.00141244
0.135511	0.00141311
0.135533	0.00141387
0.135556	0.00141453
0.135578	0.00141525
0.1356	0.00141595
0.135623	0.00141668
0.135645	0.00141732
0.135667	0.0014181
0.13569	0.00141866
0.135712	0.00141938
0.135735	0.00141997
0.135757	0.00142065
0.135779	0.00142125
0.135802	0.00142195
0.135824	0.0014225
0.135846	0.00142317
0.135869	0.00142375
0.135891	0.00142441
0.135913	0.00142494
0.135936	0.00142554
0.135958	0.00142612
0.13598	0.00142672
0.136003	0.0014273
0.136025	0.0014279
0.136048	0.00142846
0.13607	0.00142905
0.136092	0.00142967
0.136115	0.00143027
0.136137	0.00143084
0.136159	0.0014314
0.136182	0.00143194
0.136204	0.00143246
0.136226	0.00143301
0.136249	0.00143352
0.136271	0.00143409
0.136293	0.00143455
0.136316	0.00143505
0.136338	0.00143558
0.136361	0.00143611
0.136383	0.0014366
0.136405	0.00143715
0.136428	0.00143766
0.13645	0.00143818
0.136472	0.0014387
0.136495	0.00143921
0.136517	0.00143967
0.136539	0.00144018
0.136562	0.00144064
0.136584	0.00144115
0.136607	0.00144159
0.136629	0.0014421
0.136651	0.00144253
0.136674	0.00144306
0.136696	0.00144345
0.136718	0.00144395
0.136741	0.00144431
0.136763	0.00144481
0.136785	0.00144513
0.136808	0.00144563
0.13683	0.00144593
0.136853	0.00144645
0.136875	0.00144669
0.136897	0.00144734
0.13692	0.00144748
0.136942	0.00144814
0.136964	0.00144823
0.136987	0.00144885
0.137009	0.00144893
0.137032	0.00144958
0.137054	0.00144969
0.137076	0.00145028
0.137099	0.00145037
0.137121	0.00145105
0.137143	0.00145111
0.137166	0.00145168
0.137188	0.00145169
0.137211	0.00145226
0.137233	0.00145224
0.137255	0.00145274
0.137278	0.00145276
0.1373	0.00145322
0.137322	0.00145323
0.137345	0.00145363
0.137367	0.00145364
0.13739	0.00145403
0.137412	0.001454
0.137434	0.00145435
0.137457	0.00145434
0.137479	0.00145467
0.137502	0.00145465
0.137524	0.00145493
0.137546	0.00145492
0.137569	0.00145518
0.137591	0.00145515
0.137613	0.00145534
0.137636	0.00145527
0.137658	0.00145539
0.137681	0.00145527
0.137703	0.00145531
0.137725	0.00145514
0.137748	0.00145511
0.13777	0.00145497
0.137793	0.00145487
0.137815	0.0014547
0.137837	0.00145457
0.13786	0.00145438
0.137882	0.0014542
0.137905	0.00145403
0.137927	0.00145381
0.137949	0.00145361
0.137972	0.00145336
0.137994	0.00145313
0.138017	0.00145287
0.138039	0.00145255
0.138061	0.00145225
0.138084	0.00145192
0.138106	0.00145155
0.138129	0.00145122
0.138151	0.00145079
0.138173	0.00145038
0.138196	0.00144987
0.138218	0.00144941
0.138241	0.00144886
0.138263	0.00144842
0.138286	0.0014479
0.138308	0.00144741
0.13833	0.00144684
0.138353	0.00144633
0.138375	0.00144579
0.138398	0.00144525
0.13842	0.00144463
0.138442	0.0014441
0.138465	0.00144351
0.138487	0.00144294
0.13851	0.00144234
0.138532	0.00144178
0.138555	0.00144118
0.138577	0.00144058
0.138599	0.00143995
0.138622	0.00143931
0.138644	0.00143864
0.138667	0.00143799
0.138689	0.00143731
0.138712	0.00143662
0.138734	0.00143591
0.138756	0.00143523
0.138779	0.00143454
0.138801	0.00143386
0.138824	0.00143316
0.138846	0.00143245
0.138869	0.00143175
0.138891	0.00143103
0.138913	0.00143032
0.138936	0.00142961
0.138958	0.00142889
0.138981	0.00142814
0.139003	0.00142737
0.139026	0.00142667
0.139048	0.00142586
0.139071	0.00142512
0.139093	0.0014243
0.139115	0.00142355
0.139138	0.00142271
0.13916	0.00142199
0.139183	0.00142111
0.139205	0.00142033
0.139228	0.00141948
0.13925	0.00141872
0.139273	0.00141782
0.139295	0.00141707
0.139318	0.00141621
0.13934	0.00141547
0.139362	0.00141463
0.139385	0.00141384
0.139407	0.00141295
0.13943	0.00141216
0.139452	0.00141128
0.139475	0.00141044
0.139497	0.00140958
0.13952	0.00140875
0.139542	0.00140788
0.139565	0.00140699
0.139587	0.00140611
0.13961	0.00140525
0.139632	0.00140433
0.139655	0.00140346
0.139677	0.00140254
0.139699	0.00140171
0.139722	0.00140083
0.139744	0.00139993
0.139767	0.00139903
0.139789	0.00139819
0.139812	0.00139726
0.139834	0.00139638
0.139857	0.00139549
0.139879	0.00139461
0.139902	0.00139369
0.139924	0.0013928
0.139947	0.00139186
0.139969	0.00139098
0.139992	0.00139003
0.140014	0.0013891
0.140037	0.00138814
0.140059	0.00138726
0.140082	0.00138627
0.140104	0.00138538
0.140127	0.0013844
0.140149	0.00138345
0.140172	0.0013825
0.140194	0.00138155
0.140217	0.00138057
0.140239	0.00137963
0.140262	0.00137866
0.140284	0.00137771
0.140307	0.00137659
0.140329	0.00137545
0.140352	0.00137431
0.140374	0.00137319
0.140397	0.00137204
0.140419	0.00137091
0.140442	0.00136976
0.140464	0.00136867
0.140487	0.00136751
0.140509	0.00136638
0.140532	0.00136524
0.140554	0.00136411
0.140577	0.00136297
0.140599	0.00136187
0.140621	0.00136071
0.140644	0.00135958
0.140666	0.00135843
0.140689	0.00135731
0.140711	0.00135617
0.140734	0.00135505
0.140756	0.00135391
0.140779	0.00135274
0.140801	0.00135158
0.140824	0.00135048
0.140846	0.00134933
0.140869	0.00134824
0.140891	0.00134709
0.140914	0.00134602
0.140936	0.00134487
0.140958	0.00134376
0.140981	0.00134263
0.141003	0.00134151
0.141026	0.00134038
0.141048	0.00133925
0.141071	0.00133812
0.141093	0.00133706
0.141116	0.00133594
0.141138	0.00133484
0.14116	0.00133374
0.141183	0.00133267
0.141205	0.00133158
0.141228	0.00133049
0.14125	0.0013294
0.141273	0.00132831
0.141295	0.00132724
0.141317	0.00132614
0.14134	0.00132507
0.141362	0.00132398
0.141385	0.00132293
0.141407	0.00132182
0.14143	0.00132076
0.141452	0.00131965
0.141474	0.00131863
0.141497	0.00131755
0.141519	0.00131649
0.141542	0.00131538
0.141564	0.00131435
0.141586	0.00131326
0.141609	0.00131226
0.141631	0.0013112
0.141654	0.00131023
0.141676	0.00130915
0.141698	0.00130817
0.141721	0.00130713
0.141743	0.00130615
0.141766	0.00130513
0.141788	0.00130415
0.14181	0.00130313
0.141833	0.00130218
0.141855	0.00130117
0.141878	0.00130022
0.1419	0.0012992
0.141922	0.00129827
0.141945	0.00129725
0.141967	0.0012963
0.141989	0.00129534
0.142012	0.00129442
0.142034	0.00129343
0.142057	0.0012925
0.142079	0.00129152
0.142101	0.0012906
0.142124	0.00128962
0.142146	0.00128872
0.142168	0.00128774
0.142191	0.00128683
0.142213	0.00128588
0.142236	0.00128497
0.142258	0.00128401
0.14228	0.00128318
0.142303	0.00128226
0.142325	0.0012814
0.142347	0.00128049
0.14237	0.00127964
0.142392	0.00127872
0.142414	0.00127787
0.142437	0.00127697
0.142459	0.00127615
0.142481	0.00127528
0.142504	0.00127448
0.142526	0.00127362
0.142548	0.00127286
0.142571	0.00127204
0.142593	0.00127127
0.142615	0.00127045
0.142638	0.00126972
0.14266	0.00126892
0.142682	0.00126822
0.142705	0.00126745
0.142727	0.00126672
0.142749	0.00126594
0.142772	0.00126524
0.142794	0.00126449
0.142816	0.00126382
0.142839	0.00126308
0.142861	0.00126244
0.142883	0.00126173
0.142906	0.00126108
0.142928	0.0012604
0.14295	0.00125977
0.142973	0.00125908
0.142995	0.00125845
0.143017	0.00125779
0.14304	0.00125718
0.143062	0.00125653
0.143084	0.00125595
0.143106	0.00125533
0.143129	0.00125476
0.143151	0.00125415
0.143173	0.00125359
0.143196	0.00125302
0.143218	0.00125249
0.14324	0.00125193
0.143263	0.00125143
0.143285	0.00125091
0.143307	0.00125041
0.143329	0.00124988
0.143352	0.0012494
0.143374	0.00124888
0.143396	0.00124838
0.143419	0.0012479
0.143441	0.00124743
0.143463	0.00124696
0.143485	0.00124649
0.143508	0.00124604
0.14353	0.00124561
0.143552	0.00124518
0.143575	0.00124477
0.143597	0.00124438
0.143619	0.00124398
0.143641	0.00124361
0.143664	0.00124325
0.143686	0.00124289
0.143708	0.00124253
0.14373	0.00124221
0.143753	0.00124189
0.143775	0.00124156
0.143797	0.00124123
0.14382	0.00124092
0.143842	0.00124059
0.143864	0.00124033
0.143886	0.00124004
0.143909	0.00123982
0.143931	0.00123956
0.143953	0.00123931
0.143975	0.00123909
0.143998	0.00123885
0.14402	0.00123863
0.144042	0.00123841
0.144064	0.00123822
0.144087	0.00123801
0.144109	0.00123783
0.144131	0.00123765
0.144153	0.00123749
0.144176	0.00123731
0.144198	0.0012372
0.14422	0.00123703
0.144242	0.00123691
0.144265	0.00123676
0.144287	0.00123665
0.144309	0.00123654
0.144331	0.00123648
0.144354	0.00123637
0.144376	0.00123636
0.144398	0.00123627
0.14442	0.00123624
0.144443	0.00123619
0.144465	0.00123618
0.144487	0.00123616
0.144509	0.00123618
0.144531	0.00123618
0.144554	0.00123622
0.144576	0.0012362
0.144598	0.00123627
0.14462	0.0012363
0.144643	0.00123639
0.144665	0.00123642
0.144687	0.00123651
0.144709	0.00123657
0.144731	0.00123671
0.144754	0.00123675
0.144776	0.00123689
0.144798	0.00123698
0.14482	0.00123715
0.144843	0.00123726
0.144865	0.00123745
0.144887	0.00123758
0.144909	0.00123779
0.144931	0.00123793
0.144954	0.00123817
0.144976	0.00123833
0.144998	0.0012386
0.14502	0.00123879
0.145042	0.00123905
0.145065	0.00123929
0.145087	0.00123958
0.145109	0.00123981
0.145131	0.00124011
0.145154	0.00124033
0.145176	0.00124066
0.145198	0.00124092
0.14522	0.00124126
0.145242	0.00124154
0.145265	0.00124189
0.145287	0.00124219
0.145309	0.00124255
0.145331	0.00124286
0.145353	0.00124324
0.145376	0.00124359
0.145398	0.00124399
0.14542	0.00124433
0.145442	0.00124474
0.145464	0.00124512
0.145487	0.00124558
0.145509	0.00124594
0.145531	0.0012464
0.145553	0.00124678
0.145575	0.00124724
0.145597	0.00124774
0.14562	0.00124821
0.145642	0.00124862
0.145664	0.0012491
0.145686	0.00124954
0.145708	0.00125005
0.145731	0.00125052
0.145753	0.00125109
0.145775	0.00125152
0.145797	0.00125209
0.145819	0.00125262
0.145842	0.00125317
0.145864	0.0012537
0.145886	0.00125426
0.145908	0.00125482
0.14593	0.00125542
0.145952	0.00125598
0.145975	0.0012566
0.145997	0.00125717
0.146019	0.00125779
0.146041	0.00125841
0.146063	0.00125902
0.146086	0.00125963
0.146108	0.00126026
0.14613	0.00126089
0.146152	0.00126154
0.146174	0.00126219
0.146196	0.00126284
0.146219	0.00126352
0.146241	0.0012642
0.146263	0.00126488
0.146285	0.00126557
0.146307	0.0012663
0.146329	0.00126703
0.146352	0.00126776
0.146374	0.00126852
0.146396	0.00126928
0.146418	0.00127002
0.14644	0.00127077
0.146462	0.00127154
0.146485	0.0012723
0.146507	0.00127307
0.146529	0.00127384
0.146551	0.00127462
0.146573	0.00127542
0.146596	0.00127621
0.146618	0.00127701
0.14664	0.00127782
0.146662	0.00127863
0.146684	0.00127947
0.146706	0.00128032
0.146729	0.00128116
0.146751	0.001282
0.146773	0.00128286
0.146795	0.00128374
0.146817	0.00128462
0.146839	0.00128552
0.146862	0.00128641
0.146884	0.0012873
0.146906	0.0012882
0.146928	0.00128911
0.14695	0.00129
0.146972	0.00129092
0.146995	0.00129182
0.147017	0.00129275
0.147039	0.00129365
0.147061	0.00129456
0.147083	0.00129549
0.147105	0.00129644
0.147128	0.00129737
0.14715	0.00129833
0.147172	0.00129928
0.147194	0.00130026
0.147216	0.00130121
0.147238	0.00130221
0.147261	0.0013032
0.147283	0.00130418
0.147305	0.00130513
0.147327	0.00130618
0.147349	0.00130718
0.147371	0.0013082
0.147393	0.00130923
0.147416	0.0013102
0.147438	0.0013112
0.14746	0.00131219
0.147482	0.00131317
0.147504	0.00131421
0.147526	0.00131523
0.147549	0.00131626
0.147571	0.0013173
0.147593	0.00131835
0.147615	0.00131943
0.147637	0.00132051
0.147659	0.00132161
0.147682	0.0013227
0.147704	0.00132383
0.147726	0.00132489
0.147748	0.001326
0.14777	0.00132709
0.147792	0.0013282
0.147815	0.00132932
0.147837	0.00133042
0.147859	0.00133154
0.147881	0.00133264
0.147903	0.00133375
0.147925	0.00133486
0.147948	0.00133598
0.14797	0.00133711
0.147992	0.00133829
0.148014	0.00133941
0.148036	0.00134052
0.148058	0.0013417
0.148081	0.00134286
0.148103	0.00134402
0.148125	0.00134519
0.148147	0.00134636
0.148169	0.00134753
0.148191	0.0013487
0.148214	0.00134991
0.148236	0.00135105
0.148258	0.00135222
0.14828	0.00135341
0.148302	0.00135458
0.148324	0.00135577
0.148347	0.00135696
0.148369	0.00135815
0.148391	0.00135935
0.148413	0.00136055
0.148435	0.00136174
0.148458	0.00136294
0.14848	0.00136415
0.148502	0.00136539
0.148524	0.00136662
0.148546	0.00136785
0.148568	0.00136907
0.148591	0.00137035
0.148613	0.00137158
0.148635	0.00137286
0.148657	0.00137411
0.148679	0.00137537
0.148701	0.00137663
0.148724	0.0013779
0.148746	0.00137917
0.148768	0.00138041
0.14879	0.00138167
0.148812	0.00138293
0.148835	0.00138418
0.148857	0.00138543
0.148879	0.00138667
0.148901	0.00138792
0.148923	0.00138917
0.148945	0.00139044
0.148968	0.00139171
0.14899	0.001393
0.149012	0.00139426
0.149034	0.00139555
0.149056	0.00139685
0.149079	0.00139812
0.149101	0.00139941
0.149123	0.00140068
0.149145	0.00140197
0.149167	0.00140326
0.149189	0.00140455
0.149212	0.00140583
0.149234	0.00140716
0.149256	0.00140842
0.149278	0.0014097
0.1493	0.00141099
0.149323	0.00141226
0.149345	0.00141355
0.149367	0.00141483
0.149389	0.00141613
0.149411	0.00141741
0.149434	0.00141868
0.149456	0.00141998
0.149478	0.00142128
0.1495	0.00142257
0.149522	0.00142388
0.149545	0.00142518
0.149567	0.00142649
0.149589	0.00142782
0.149611	0.00142912
0.149633	0.00143042
0.149656	0.00143172
0.149678	0.00143302
0.1497	0.0014343
0.149722	0.00143559
0.149744	0.00143685
0.149767	0.00143811
0.149789	0.00143936
0.149811	0.00144061
0.149833	0.00144188
0.149856	0.00144314
0.149878	0.00144438
0.1499	0.00144569
0.149922	0.00144698
0.149944	0.00144821
0.149967	0.00144947
0.149989	0.00145072
0.150011	0.00145198
