0.100017	2.50594e-05
0.10004	2.50533e-05
0.100063	2.50464e-05
0.100086	2.50394e-05
0.100109	2.50325e-05
0.100132	2.50254e-05
0.100154	2.50184e-05
0.100177	2.50113e-05
0.1002	2.50042e-05
0.100223	2.49971e-05
0.100246	2.499e-05
0.100269	2.49827e-05
0.100292	2.49753e-05
0.100314	2.49677e-05
0.100337	2.496e-05
0.10036	2.49524e-05
0.100383	2.49446e-05
0.100406	2.49368e-05
0.100429	2.49291e-05
0.100451	2.49215e-05
0.100474	2.49138e-05
0.100497	2.49062e-05
0.10052	2.48988e-05
0.100543	2.48914e-05
0.100566	2.4884e-05
0.100588	2.48766e-05
0.100611	2.4869e-05
0.100634	2.48616e-05
0.100657	2.4854e-05
0.10068	2.48466e-05
0.100703	2.4839e-05
0.100725	2.48311e-05
0.100748	2.48231e-05
0.100771	2.48152e-05
0.100794	2.48069e-05
0.100817	2.47989e-05
0.10084	2.47909e-05
0.100862	2.4783e-05
0.100885	2.4775e-05
0.100908	2.47671e-05
0.100931	2.47594e-05
0.100954	2.47516e-05
0.100976	2.47438e-05
0.100999	2.47362e-05
0.101022	2.47286e-05
0.101045	2.47212e-05
0.101068	2.47138e-05
0.10109	2.47065e-05
0.101113	2.4699e-05
0.101136	2.46918e-05
0.101159	2.46845e-05
0.101182	2.46773e-05
0.101205	2.46702e-05
0.101227	2.46629e-05
0.10125	2.46558e-05
0.101273	2.46488e-05
0.101296	2.46417e-05
0.101319	2.46345e-05
0.101341	2.46274e-05
0.101364	2.46206e-05
0.101387	2.46138e-05
0.10141	2.46071e-05
0.101432	2.46002e-05
0.101455	2.45936e-05
0.101478	2.4587e-05
0.101501	2.45807e-05
0.101524	2.45744e-05
0.101546	2.45684e-05
0.101569	2.45623e-05
0.101592	2.45562e-05
0.101615	2.45502e-05
0.101638	2.45443e-05
0.10166	2.45386e-05
0.101683	2.45329e-05
0.101706	2.45274e-05
0.101729	2.45221e-05
0.101751	2.45167e-05
0.101774	2.45112e-05
0.101797	2.45057e-05
0.10182	2.45003e-05
0.101843	2.44947e-05
0.101865	2.44893e-05
0.101888	2.44837e-05
0.101911	2.44785e-05
0.101934	2.44733e-05
0.101956	2.44683e-05
0.101979	2.44634e-05
0.102002	2.44585e-05
0.102025	2.44535e-05
0.102047	2.44486e-05
0.10207	2.44437e-05
0.102093	2.44388e-05
0.102116	2.44339e-05
0.102138	2.44293e-05
0.102161	2.44249e-05
0.102184	2.44203e-05
0.102207	2.4416e-05
0.102229	2.44116e-05
0.102252	2.44073e-05
0.102275	2.44032e-05
0.102298	2.43991e-05
0.102321	2.43954e-05
0.102343	2.43917e-05
0.102366	2.43884e-05
0.102389	2.43848e-05
0.102411	2.43817e-05
0.102434	2.43783e-05
0.102457	2.4375e-05
0.10248	2.43717e-05
0.102502	2.43686e-05
0.102525	2.43653e-05
0.102548	2.43623e-05
0.102571	2.43593e-05
0.102593	2.43565e-05
0.102616	2.43537e-05
0.102639	2.43511e-05
0.102662	2.43484e-05
0.102684	2.4346e-05
0.102707	2.43437e-05
0.10273	2.43417e-05
0.102753	2.43396e-05
0.102775	2.43378e-05
0.102798	2.43361e-05
0.102821	2.43349e-05
0.102844	2.43335e-05
0.102866	2.43325e-05
0.102889	2.43315e-05
0.102912	2.43307e-05
0.102934	2.43299e-05
0.102957	2.43294e-05
0.10298	2.43288e-05
0.103003	2.43288e-05
0.103025	2.43287e-05
0.103048	2.43287e-05
0.103071	2.43289e-05
0.103093	2.43295e-05
0.103116	2.43299e-05
0.103139	2.43306e-05
0.103162	2.43316e-05
0.103184	2.43328e-05
0.103207	2.4334e-05
0.10323	2.43355e-05
0.103252	2.4337e-05
0.103275	2.43386e-05
0.103298	2.43406e-05
0.103321	2.43427e-05
0.103343	2.43449e-05
0.103366	2.43472e-05
0.103389	2.43497e-05
0.103411	2.43524e-05
0.103434	2.43552e-05
0.103457	2.4358e-05
0.10348	2.4361e-05
0.103502	2.43642e-05
0.103525	2.43675e-05
0.103548	2.43706e-05
0.10357	2.43743e-05
0.103593	2.43778e-05
0.103616	2.43815e-05
0.103638	2.43855e-05
0.103661	2.43895e-05
0.103684	2.43937e-05
0.103707	2.43979e-05
0.103729	2.44021e-05
0.103752	2.44065e-05
0.103775	2.44109e-05
0.103797	2.44154e-05
0.10382	2.44201e-05
0.103843	2.4425e-05
0.103865	2.44301e-05
0.103888	2.44353e-05
0.103911	2.44406e-05
0.103933	2.44461e-05
0.103956	2.44516e-05
0.103979	2.4458e-05
0.104001	2.44642e-05
0.104024	2.44705e-05
0.104047	2.44771e-05
0.10407	2.44839e-05
0.104092	2.44908e-05
0.104115	2.44978e-05
0.104138	2.4505e-05
0.10416	2.45123e-05
0.104183	2.45198e-05
0.104206	2.45273e-05
0.104228	2.4535e-05
0.104251	2.4543e-05
0.104274	2.4551e-05
0.104296	2.4559e-05
0.104319	2.45673e-05
0.104342	2.45753e-05
0.104364	2.45836e-05
0.104387	2.45919e-05
0.10441	2.46004e-05
0.104432	2.46091e-05
0.104455	2.46183e-05
0.104478	2.46274e-05
0.1045	2.46367e-05
0.104523	2.46462e-05
0.104546	2.46558e-05
0.104568	2.46657e-05
0.104591	2.46757e-05
0.104614	2.46859e-05
0.104636	2.46963e-05
0.104659	2.47069e-05
0.104682	2.47176e-05
0.104704	2.47284e-05
0.104727	2.47394e-05
0.10475	2.47505e-05
0.104772	2.47619e-05
0.104795	2.47731e-05
0.104818	2.47846e-05
0.10484	2.47963e-05
0.104863	2.48081e-05
0.104886	2.48202e-05
0.104908	2.48324e-05
0.104931	2.48449e-05
0.104954	2.48575e-05
0.104976	2.48703e-05
0.104999	2.48835e-05
0.105022	2.48968e-05
0.105044	2.49105e-05
0.105067	2.49243e-05
0.105089	2.49378e-05
0.105112	2.49515e-05
0.105135	2.49652e-05
0.105157	2.4979e-05
0.10518	2.49926e-05
0.105203	2.50065e-05
0.105225	2.50204e-05
0.105248	2.50346e-05
0.105271	2.50487e-05
0.105293	2.50629e-05
0.105316	2.50771e-05
0.105339	2.50918e-05
0.105361	2.51063e-05
0.105384	2.5121e-05
0.105407	2.51358e-05
0.105429	2.51506e-05
0.105452	2.51656e-05
0.105474	2.51809e-05
0.105497	2.51962e-05
0.10552	2.52118e-05
0.105542	2.52276e-05
0.105565	2.52435e-05
0.105588	2.52595e-05
0.10561	2.52757e-05
0.105633	2.52921e-05
0.105656	2.53088e-05
0.105678	2.53254e-05
0.105701	2.53422e-05
0.105724	2.53591e-05
0.105746	2.53761e-05
0.105769	2.53932e-05
0.105791	2.54103e-05
0.105814	2.54275e-05
0.105837	2.54448e-05
0.105859	2.54621e-05
0.105882	2.54797e-05
0.105905	2.54973e-05
0.105927	2.55152e-05
0.10595	2.55331e-05
0.105972	2.5551e-05
0.105995	2.55692e-05
0.106018	2.55875e-05
0.10604	2.56058e-05
0.106063	2.56245e-05
0.106086	2.56433e-05
0.106108	2.56623e-05
0.106131	2.56813e-05
0.106154	2.57003e-05
0.106176	2.57194e-05
0.106199	2.57386e-05
0.106221	2.57576e-05
0.106244	2.57765e-05
0.106267	2.57956e-05
0.106289	2.58147e-05
0.106312	2.58336e-05
0.106335	2.58529e-05
0.106357	2.58718e-05
0.10638	2.58911e-05
0.106402	2.59102e-05
0.106425	2.59296e-05
0.106448	2.5949e-05
0.10647	2.59689e-05
0.106493	2.59887e-05
0.106516	2.60093e-05
0.106538	2.60295e-05
0.106561	2.60502e-05
0.106583	2.60709e-05
0.106606	2.60919e-05
0.106629	2.61127e-05
0.106651	2.61338e-05
0.106674	2.61548e-05
0.106696	2.61756e-05
0.106719	2.61959e-05
0.106742	2.62163e-05
0.106764	2.62366e-05
0.106787	2.62572e-05
0.10681	2.62774e-05
0.106832	2.62979e-05
0.106855	2.63183e-05
0.106877	2.6339e-05
0.1069	2.63596e-05
0.106923	2.63804e-05
0.106945	2.64011e-05
0.106968	2.64218e-05
0.106991	2.64425e-05
0.107013	2.64635e-05
0.107036	2.64841e-05
0.107058	2.65047e-05
0.107081	2.65252e-05
0.107104	2.65462e-05
0.107126	2.65668e-05
0.107149	2.65876e-05
0.107171	2.66082e-05
0.107194	2.6629e-05
0.107217	2.66497e-05
0.107239	2.66705e-05
0.107262	2.66913e-05
0.107285	2.67124e-05
0.107307	2.67332e-05
0.10733	2.67544e-05
0.107352	2.67756e-05
0.107375	2.67967e-05
0.107398	2.68176e-05
0.10742	2.68386e-05
0.107443	2.68593e-05
0.107465	2.68803e-05
0.107488	2.69012e-05
0.107511	2.69221e-05
0.107533	2.69429e-05
0.107556	2.69639e-05
0.107579	2.69845e-05
0.107601	2.70055e-05
0.107624	2.70264e-05
0.107646	2.70475e-05
0.107669	2.70682e-05
0.107692	2.70894e-05
0.107714	2.71098e-05
0.107737	2.71309e-05
0.107759	2.71513e-05
0.107782	2.71718e-05
0.107805	2.71918e-05
0.107827	2.72122e-05
0.10785	2.7232e-05
0.107872	2.72523e-05
0.107895	2.7272e-05
0.107918	2.7292e-05
0.10794	2.73115e-05
0.107963	2.73313e-05
0.107986	2.73506e-05
0.108008	2.73702e-05
0.108031	2.73893e-05
0.108053	2.74085e-05
0.108076	2.74271e-05
0.108099	2.7446e-05
0.108121	2.74641e-05
0.108144	2.74823e-05
0.108166	2.74997e-05
0.108189	2.75174e-05
0.108212	2.75343e-05
0.108234	2.75512e-05
0.108257	2.75674e-05
0.108279	2.75833e-05
0.108302	2.75987e-05
0.108325	2.76141e-05
0.108347	2.76292e-05
0.10837	2.76441e-05
0.108393	2.76585e-05
0.108415	2.76729e-05
0.108438	2.76869e-05
0.10846	2.7701e-05
0.108483	2.77147e-05
0.108506	2.77285e-05
0.108528	2.77419e-05
0.108551	2.77555e-05
0.108573	2.77688e-05
0.108596	2.7782e-05
0.108619	2.77949e-05
0.108641	2.78075e-05
0.108664	2.78197e-05
0.108687	2.78317e-05
0.108709	2.78435e-05
0.108732	2.78555e-05
0.108754	2.78672e-05
0.108777	2.78788e-05
0.1088	2.78902e-05
0.108822	2.79015e-05
0.108845	2.79125e-05
0.108867	2.79238e-05
0.10889	2.79349e-05
0.108913	2.79459e-05
0.108935	2.79566e-05
0.108958	2.79671e-05
0.10898	2.79774e-05
0.109003	2.79876e-05
0.109026	2.79976e-05
0.109048	2.80075e-05
0.109071	2.80173e-05
0.109094	2.80271e-05
0.109116	2.80366e-05
0.109139	2.8046e-05
0.109161	2.80552e-05
0.109184	2.80642e-05
0.109207	2.80731e-05
0.109229	2.80818e-05
0.109252	2.80903e-05
0.109275	2.80987e-05
0.109297	2.8107e-05
0.10932	2.8115e-05
0.109342	2.81229e-05
0.109365	2.81307e-05
0.109388	2.81383e-05
0.10941	2.81455e-05
0.109433	2.81528e-05
0.109455	2.81598e-05
0.109478	2.81668e-05
0.109501	2.81735e-05
0.109523	2.81802e-05
0.109546	2.81866e-05
0.109569	2.8193e-05
0.109591	2.81994e-05
0.109614	2.82055e-05
0.109636	2.82115e-05
0.109659	2.82174e-05
0.109682	2.8223e-05
0.109704	2.82287e-05
0.109727	2.82342e-05
0.10975	2.82397e-05
0.109772	2.82451e-05
0.109795	2.82504e-05
0.109817	2.82552e-05
0.10984	2.82599e-05
0.109863	2.82642e-05
0.109885	2.82684e-05
0.109908	2.82727e-05
0.109931	2.82769e-05
0.109953	2.82806e-05
0.109976	2.82844e-05
0.109998	2.8288e-05
0.110021	2.82916e-05
0.110044	2.82948e-05
0.110066	2.82982e-05
0.110089	2.83013e-05
0.110112	2.83045e-05
0.110134	2.8307e-05
0.110157	2.83095e-05
0.11018	2.83118e-05
0.110202	2.83144e-05
0.110225	2.83165e-05
0.110247	2.83186e-05
0.11027	2.83204e-05
0.110293	2.83221e-05
0.110315	2.83234e-05
0.110338	2.83247e-05
0.110361	2.83257e-05
0.110383	2.83266e-05
0.110406	2.83273e-05
0.110428	2.83282e-05
0.110451	2.83289e-05
0.110474	2.83298e-05
0.110496	2.83303e-05
0.110519	2.8331e-05
0.110542	2.83313e-05
0.110564	2.83314e-05
0.110587	2.83315e-05
0.11061	2.83314e-05
0.110632	2.83313e-05
0.110655	2.83312e-05
0.110678	2.83307e-05
0.1107	2.83303e-05
0.110723	2.83297e-05
0.110745	2.83291e-05
0.110768	2.83284e-05
0.110791	2.83276e-05
0.110813	2.83268e-05
0.110836	2.83259e-05
0.110859	2.83247e-05
0.110881	2.83235e-05
0.110904	2.83221e-05
0.110927	2.83207e-05
0.110949	2.8319e-05
0.110972	2.83171e-05
0.110995	2.83152e-05
0.111017	2.83133e-05
0.11104	2.83113e-05
0.111063	2.83093e-05
0.111085	2.83073e-05
0.111108	2.83052e-05
0.11113	2.83029e-05
0.111153	2.83005e-05
0.111176	2.82979e-05
0.111198	2.82953e-05
0.111221	2.82926e-05
0.111244	2.82899e-05
0.111266	2.82868e-05
0.111289	2.82835e-05
0.111312	2.828e-05
0.111334	2.82764e-05
0.111357	2.82724e-05
0.11138	2.82684e-05
0.111402	2.82638e-05
0.111425	2.82591e-05
0.111448	2.82542e-05
0.11147	2.82492e-05
0.111493	2.82441e-05
0.111516	2.82389e-05
0.111538	2.82336e-05
0.111561	2.82282e-05
0.111584	2.82224e-05
0.111606	2.82166e-05
0.111629	2.82108e-05
0.111652	2.82048e-05
0.111674	2.81987e-05
0.111697	2.81925e-05
0.11172	2.8186e-05
0.111742	2.81796e-05
0.111765	2.81728e-05
0.111788	2.8166e-05
0.11181	2.81589e-05
0.111833	2.81516e-05
0.111856	2.81442e-05
0.111878	2.81369e-05
0.111901	2.81291e-05
0.111924	2.81215e-05
0.111946	2.81136e-05
0.111969	2.81056e-05
0.111992	2.80976e-05
0.112014	2.80893e-05
0.112037	2.80809e-05
0.11206	2.80723e-05
0.112082	2.80634e-05
0.112105	2.80543e-05
0.112128	2.80446e-05
0.11215	2.8035e-05
0.112173	2.80249e-05
0.112196	2.80151e-05
0.112219	2.80049e-05
0.112241	2.79949e-05
0.112264	2.79845e-05
0.112287	2.79742e-05
0.112309	2.79634e-05
0.112332	2.79526e-05
0.112355	2.79416e-05
0.112377	2.79304e-05
0.1124	2.79189e-05
0.112423	2.79076e-05
0.112445	2.78958e-05
0.112468	2.78842e-05
0.112491	2.78723e-05
0.112513	2.78604e-05
0.112536	2.78483e-05
0.112559	2.7836e-05
0.112582	2.78235e-05
0.112604	2.7811e-05
0.112627	2.7798e-05
0.11265	2.77852e-05
0.112672	2.77721e-05
0.112695	2.7759e-05
0.112718	2.77454e-05
0.11274	2.77321e-05
0.112763	2.77185e-05
0.112786	2.77051e-05
0.112809	2.76914e-05
0.112831	2.76775e-05
0.112854	2.76633e-05
0.112877	2.76491e-05
0.112899	2.76343e-05
0.112922	2.76196e-05
0.112945	2.76046e-05
0.112967	2.75896e-05
0.11299	2.75744e-05
0.113013	2.7559e-05
0.113036	2.75434e-05
0.113058	2.75278e-05
0.113081	2.7512e-05
0.113104	2.74964e-05
0.113126	2.74806e-05
0.113149	2.74647e-05
0.113172	2.74486e-05
0.113195	2.74324e-05
0.113217	2.74159e-05
0.11324	2.73995e-05
0.113263	2.73828e-05
0.113285	2.73662e-05
0.113308	2.73495e-05
0.113331	2.73328e-05
0.113354	2.73158e-05
0.113376	2.72989e-05
0.113399	2.72816e-05
0.113422	2.72643e-05
0.113445	2.72468e-05
0.113467	2.72294e-05
0.11349	2.72118e-05
0.113513	2.71941e-05
0.113535	2.71761e-05
0.113558	2.71585e-05
0.113581	2.71405e-05
0.113604	2.71227e-05
0.113626	2.71047e-05
0.113649	2.70868e-05
0.113672	2.70686e-05
0.113695	2.70507e-05
0.113717	2.70324e-05
0.11374	2.70142e-05
0.113763	2.69957e-05
0.113786	2.69772e-05
0.113808	2.69587e-05
0.113831	2.69404e-05
0.113854	2.6917e-05
0.113876	2.68929e-05
0.113899	2.68687e-05
0.113922	2.68446e-05
0.113945	2.68203e-05
0.113967	2.67962e-05
0.11399	2.67718e-05
0.114013	2.67472e-05
0.114036	2.67226e-05
0.114058	2.66977e-05
0.114081	2.66726e-05
0.114104	2.66475e-05
0.114126	2.66223e-05
0.114149	2.65971e-05
0.114172	2.65715e-05
0.114195	2.65462e-05
0.114217	2.65207e-05
0.11424	2.64954e-05
0.114263	2.64698e-05
0.114286	2.64443e-05
0.114308	2.64188e-05
0.114331	2.63935e-05
0.114354	2.63681e-05
0.114376	2.63427e-05
0.114399	2.63171e-05
0.114422	2.62916e-05
0.114444	2.62663e-05
0.114467	2.62408e-05
0.11449	2.62152e-05
0.114513	2.61897e-05
0.114535	2.61641e-05
0.114558	2.61384e-05
0.114581	2.61129e-05
0.114603	2.60873e-05
0.114626	2.60614e-05
0.114649	2.60359e-05
0.114671	2.60101e-05
0.114694	2.59845e-05
0.114717	2.59589e-05
0.11474	2.59333e-05
0.114762	2.59077e-05
0.114785	2.58822e-05
0.114808	2.58567e-05
0.11483	2.58313e-05
0.114853	2.58057e-05
0.114876	2.57801e-05
0.114898	2.57546e-05
0.114921	2.5729e-05
0.114944	2.57037e-05
0.114966	2.56785e-05
0.114989	2.56533e-05
0.115012	2.5628e-05
0.115034	2.5603e-05
0.115057	2.55779e-05
0.11508	2.55529e-05
0.115102	2.55281e-05
0.115125	2.55032e-05
0.115148	2.54784e-05
0.11517	2.54539e-05
0.115193	2.54293e-05
0.115216	2.54048e-05
0.115238	2.53803e-05
0.115261	2.53559e-05
0.115284	2.53317e-05
0.115306	2.53076e-05
0.115329	2.52837e-05
0.115352	2.52598e-05
0.115374	2.52361e-05
0.115397	2.52126e-05
0.11542	2.5189e-05
0.115442	2.51653e-05
0.115465	2.51419e-05
0.115488	2.51185e-05
0.11551	2.50954e-05
0.115533	2.50724e-05
0.115556	2.50496e-05
0.115578	2.50269e-05
0.115601	2.50047e-05
0.115624	2.49824e-05
0.115646	2.49601e-05
0.115669	2.49385e-05
0.115691	2.49167e-05
0.115714	2.48952e-05
0.115737	2.48741e-05
0.115759	2.48528e-05
0.115782	2.48316e-05
0.115805	2.48103e-05
0.115827	2.47896e-05
0.11585	2.47685e-05
0.115873	2.47473e-05
0.115895	2.47264e-05
0.115918	2.47063e-05
0.11594	2.46849e-05
0.115963	2.46645e-05
0.115986	2.46442e-05
0.116008	2.46245e-05
0.116031	2.46041e-05
0.116054	2.45843e-05
0.116076	2.45645e-05
0.116099	2.4545e-05
0.116121	2.45255e-05
0.116144	2.45063e-05
0.116167	2.44873e-05
0.116189	2.44683e-05
0.116212	2.44494e-05
0.116235	2.44309e-05
0.116257	2.44122e-05
0.11628	2.43939e-05
0.116302	2.43756e-05
0.116325	2.43576e-05
0.116348	2.43395e-05
0.11637	2.4322e-05
0.116393	2.43043e-05
0.116415	2.4287e-05
0.116438	2.42695e-05
0.116461	2.42524e-05
0.116483	2.42354e-05
0.116506	2.42186e-05
0.116528	2.4202e-05
0.116551	2.4186e-05
0.116574	2.417e-05
0.116596	2.41544e-05
0.116619	2.41389e-05
0.116641	2.41236e-05
0.116664	2.41084e-05
0.116687	2.40937e-05
0.116709	2.40789e-05
0.116732	2.40644e-05
0.116754	2.405e-05
0.116777	2.40361e-05
0.1168	2.40223e-05
0.116822	2.4009e-05
0.116845	2.39956e-05
0.116867	2.39825e-05
0.11689	2.39695e-05
0.116912	2.39568e-05
0.116935	2.39443e-05
0.116958	2.39324e-05
0.11698	2.39204e-05
0.117003	2.3909e-05
0.117025	2.38974e-05
0.117048	2.38863e-05
0.11707	2.38752e-05
0.117093	2.38647e-05
0.117116	2.38541e-05
0.117138	2.3844e-05
0.117161	2.3834e-05
0.117183	2.38244e-05
0.117206	2.38148e-05
0.117228	2.38056e-05
0.117251	2.37963e-05
0.117274	2.37875e-05
0.117296	2.37787e-05
0.117319	2.37703e-05
0.117341	2.37622e-05
0.117364	2.37544e-05
0.117386	2.37467e-05
0.117409	2.37394e-05
0.117432	2.37323e-05
0.117454	2.37256e-05
0.117477	2.37191e-05
0.117499	2.3713e-05
0.117522	2.37067e-05
0.117544	2.37009e-05
0.117567	2.36951e-05
0.117589	2.36896e-05
0.117612	2.3684e-05
0.117635	2.36787e-05
0.117657	2.36736e-05
0.11768	2.3669e-05
0.117702	2.36646e-05
0.117725	2.36606e-05
0.117747	2.36565e-05
0.11777	2.3653e-05
0.117792	2.36492e-05
0.117815	2.36456e-05
0.117837	2.36423e-05
0.11786	2.36395e-05
0.117883	2.36368e-05
0.117905	2.36345e-05
0.117928	2.36323e-05
0.11795	2.36307e-05
0.117973	2.36288e-05
0.117995	2.36274e-05
0.118018	2.3626e-05
0.11804	2.3625e-05
0.118063	2.36241e-05
0.118085	2.36236e-05
0.118108	2.36232e-05
0.11813	2.36232e-05
0.118153	2.36231e-05
0.118175	2.36237e-05
0.118198	2.36243e-05
0.118221	2.36254e-05
0.118243	2.36265e-05
0.118266	2.3628e-05
0.118288	2.36294e-05
0.118311	2.36313e-05
0.118333	2.36332e-05
0.118356	2.36356e-05
0.118378	2.36382e-05
0.118401	2.36413e-05
0.118423	2.36445e-05
0.118446	2.36482e-05
0.118468	2.36519e-05
0.118491	2.3656e-05
0.118513	2.36603e-05
0.118536	2.3665e-05
0.118558	2.36698e-05
0.118581	2.36751e-05
0.118603	2.36805e-05
0.118626	2.36862e-05
0.118648	2.36918e-05
0.118671	2.3698e-05
0.118693	2.37041e-05
0.118716	2.37107e-05
0.118738	2.37173e-05
0.118761	2.37243e-05
0.118783	2.37313e-05
0.118806	2.37388e-05
0.118829	2.37463e-05
0.118851	2.37543e-05
0.118874	2.37626e-05
0.118896	2.37713e-05
0.118919	2.37801e-05
0.118941	2.37895e-05
0.118964	2.3799e-05
0.118986	2.38088e-05
0.119009	2.38188e-05
0.119031	2.38292e-05
0.119054	2.38397e-05
0.119076	2.38506e-05
0.119099	2.38617e-05
0.119121	2.38729e-05
0.119144	2.38843e-05
0.119166	2.38958e-05
0.119189	2.39077e-05
0.119211	2.39198e-05
0.119234	2.39319e-05
0.119256	2.39443e-05
0.119279	2.39569e-05
0.119301	2.39697e-05
0.119324	2.39828e-05
0.119346	2.39961e-05
0.119369	2.40096e-05
0.119391	2.40236e-05
0.119414	2.40376e-05
0.119436	2.4052e-05
0.119459	2.40665e-05
0.119481	2.40811e-05
0.119504	2.40959e-05
0.119526	2.4111e-05
0.119548	2.41262e-05
0.119571	2.41417e-05
0.119593	2.41573e-05
0.119616	2.41734e-05
0.119638	2.41895e-05
0.119661	2.42061e-05
0.119683	2.42226e-05
0.119706	2.42395e-05
0.119728	2.42567e-05
0.119751	2.42741e-05
0.119773	2.42916e-05
0.119796	2.43094e-05
0.119818	2.43274e-05
0.119841	2.43455e-05
0.119863	2.43641e-05
0.119886	2.43831e-05
0.119908	2.44022e-05
0.119931	2.44216e-05
0.119953	2.44412e-05
0.119976	2.44612e-05
0.119998	2.44814e-05
0.120021	2.45018e-05
0.120043	2.45222e-05
0.120066	2.45428e-05
0.120088	2.45634e-05
0.120111	2.45843e-05
0.120133	2.46053e-05
0.120156	2.46267e-05
0.120178	2.4648e-05
0.120201	2.46696e-05
0.120223	2.46914e-05
0.120245	2.47135e-05
0.120268	2.47357e-05
0.12029	2.47581e-05
0.120313	2.4781e-05
0.120335	2.48042e-05
0.120358	2.48277e-05
0.12038	2.48513e-05
0.120403	2.4875e-05
0.120425	2.48993e-05
0.120448	2.49237e-05
0.12047	2.49483e-05
0.120493	2.49732e-05
0.120515	2.49984e-05
0.120538	2.50236e-05
0.12056	2.50493e-05
0.120583	2.50752e-05
0.120605	2.51014e-05
0.120628	2.51278e-05
0.12065	2.51548e-05
0.120673	2.51817e-05
0.120695	2.52089e-05
0.120717	2.52362e-05
0.12074	2.52636e-05
0.120762	2.52909e-05
0.120785	2.53187e-05
0.120807	2.53466e-05
0.12083	2.53748e-05
0.120852	2.5403e-05
0.120875	2.54313e-05
0.120897	2.54599e-05
0.12092	2.54887e-05
0.120942	2.55174e-05
0.120965	2.55466e-05
0.120987	2.55758e-05
0.12101	2.56053e-05
0.121032	2.56348e-05
0.121055	2.56646e-05
0.121077	2.56944e-05
0.1211	2.57245e-05
0.121122	2.57548e-05
0.121144	2.57851e-05
0.121167	2.58157e-05
0.121189	2.58466e-05
0.121212	2.58775e-05
0.121234	2.5909e-05
0.121257	2.59404e-05
0.121279	2.5972e-05
0.121302	2.60036e-05
0.121324	2.60357e-05
0.121347	2.60676e-05
0.121369	2.60998e-05
0.121392	2.61321e-05
0.121414	2.61644e-05
0.121437	2.61969e-05
0.121459	2.62296e-05
0.121482	2.62623e-05
0.121504	2.62952e-05
0.121526	2.63282e-05
0.121549	2.63613e-05
0.121571	2.63942e-05
0.121594	2.64275e-05
0.121616	2.64605e-05
0.121639	2.64939e-05
0.121661	2.65272e-05
0.121684	2.65609e-05
0.121706	2.65948e-05
0.121729	2.66288e-05
0.121751	2.66625e-05
0.121774	2.66967e-05
0.121796	2.67309e-05
0.121819	2.67652e-05
0.121841	2.67992e-05
0.121864	2.68335e-05
0.121886	2.68677e-05
0.121908	2.69019e-05
0.121931	2.69362e-05
0.121953	2.69706e-05
0.121976	2.70052e-05
0.121998	2.704e-05
0.122021	2.70745e-05
0.122043	2.71095e-05
0.122066	2.71443e-05
0.122088	2.71795e-05
0.122111	2.72146e-05
0.122133	2.725e-05
0.122156	2.72851e-05
0.122178	2.73204e-05
0.122201	2.73556e-05
0.122223	2.73911e-05
0.122246	2.74264e-05
0.122268	2.74616e-05
0.122291	2.74968e-05
0.122313	2.75317e-05
0.122335	2.75664e-05
0.122358	2.76013e-05
0.12238	2.76359e-05
0.122403	2.76707e-05
0.122425	2.77053e-05
0.122448	2.774e-05
0.12247	2.77744e-05
0.122493	2.78093e-05
0.122515	2.7844e-05
0.122538	2.7879e-05
0.12256	2.79138e-05
0.122583	2.79489e-05
0.122605	2.79837e-05
0.122628	2.80187e-05
0.12265	2.80537e-05
0.122673	2.80889e-05
0.122695	2.8124e-05
0.122718	2.81591e-05
0.12274	2.81939e-05
0.122763	2.82288e-05
0.122785	2.82636e-05
0.122808	2.82984e-05
0.12283	2.83333e-05
0.122853	2.83682e-05
0.122875	2.84031e-05
0.122897	2.84381e-05
0.12292	2.84731e-05
0.122942	2.85082e-05
0.122965	2.85432e-05
0.122987	2.85782e-05
0.12301	2.8613e-05
0.123032	2.86477e-05
0.123055	2.86824e-05
0.123077	2.87171e-05
0.1231	2.87517e-05
0.123122	2.87865e-05
0.123145	2.88212e-05
0.123167	2.88558e-05
0.12319	2.88906e-05
0.123212	2.89253e-05
0.123235	2.89602e-05
0.123257	2.89949e-05
0.12328	2.90294e-05
0.123302	2.9064e-05
0.123325	2.90985e-05
0.123347	2.91329e-05
0.12337	2.91672e-05
0.123392	2.92014e-05
0.123415	2.92352e-05
0.123437	2.92689e-05
0.12346	2.93026e-05
0.123482	2.93362e-05
0.123505	2.93697e-05
0.123527	2.94035e-05
0.12355	2.94371e-05
0.123572	2.94707e-05
0.123595	2.9504e-05
0.123617	2.95371e-05
0.12364	2.95699e-05
0.123662	2.96026e-05
0.123685	2.96354e-05
0.123707	2.96681e-05
0.12373	2.97004e-05
0.123752	2.97324e-05
0.123775	2.97639e-05
0.123797	2.9795e-05
0.12382	2.98258e-05
0.123842	2.98563e-05
0.123865	2.98867e-05
0.123887	2.99165e-05
0.12391	2.99459e-05
0.123932	2.99748e-05
0.123955	3.00036e-05
0.123977	3.00322e-05
0.124	3.00604e-05
0.124022	3.0088e-05
0.124045	3.01153e-05
0.124067	3.01424e-05
0.12409	3.01691e-05
0.124112	3.01954e-05
0.124135	3.02214e-05
0.124157	3.02472e-05
0.12418	3.02727e-05
0.124202	3.02977e-05
0.124225	3.03226e-05
0.124247	3.03472e-05
0.12427	3.03717e-05
0.124292	3.03957e-05
0.124315	3.04194e-05
0.124338	3.04428e-05
0.12436	3.04661e-05
0.124383	3.04893e-05
0.124405	3.05123e-05
0.124428	3.0535e-05
0.12445	3.05575e-05
0.124473	3.05798e-05
0.124495	3.0602e-05
0.124518	3.06238e-05
0.12454	3.06456e-05
0.124563	3.0667e-05
0.124585	3.0688e-05
0.124608	3.07089e-05
0.12463	3.07296e-05
0.124653	3.07499e-05
0.124675	3.07701e-05
0.124698	3.079e-05
0.12472	3.08097e-05
0.124743	3.08292e-05
0.124766	3.08482e-05
0.124788	3.0867e-05
0.124811	3.08858e-05
0.124833	3.09045e-05
0.124856	3.0923e-05
0.124878	3.09413e-05
0.124901	3.09595e-05
0.124923	3.09776e-05
0.124946	3.09955e-05
0.124968	3.10132e-05
0.124991	3.10308e-05
0.125013	3.10482e-05
0.125036	3.10653e-05
0.125059	3.10822e-05
0.125081	3.1099e-05
0.125104	3.11157e-05
0.125126	3.11323e-05
0.125149	3.11487e-05
0.125171	3.11647e-05
0.125194	3.11805e-05
0.125216	3.11961e-05
0.125239	3.12112e-05
0.125261	3.1226e-05
0.125284	3.12408e-05
0.125307	3.12553e-05
0.125329	3.12695e-05
0.125352	3.12837e-05
0.125374	3.12978e-05
0.125397	3.13118e-05
0.125419	3.13255e-05
0.125442	3.13389e-05
0.125464	3.1352e-05
0.125487	3.13649e-05
0.12551	3.13777e-05
0.125532	3.13907e-05
0.125555	3.14037e-05
0.125577	3.14167e-05
0.1256	3.14296e-05
0.125622	3.14422e-05
0.125645	3.14545e-05
0.125668	3.14668e-05
0.12569	3.14791e-05
0.125713	3.14912e-05
0.125735	3.15033e-05
0.125758	3.15153e-05
0.12578	3.1527e-05
0.125803	3.15389e-05
0.125826	3.15506e-05
0.125848	3.15621e-05
0.125871	3.15733e-05
0.125893	3.15844e-05
0.125916	3.15951e-05
0.125938	3.16059e-05
0.125961	3.16163e-05
0.125984	3.16268e-05
0.126006	3.1637e-05
0.126029	3.16473e-05
0.126051	3.16572e-05
0.126074	3.16673e-05
0.126097	3.1677e-05
0.126119	3.16867e-05
0.126142	3.1696e-05
0.126164	3.17051e-05
0.126187	3.1714e-05
0.126209	3.17228e-05
0.126232	3.17314e-05
0.126255	3.17399e-05
0.126277	3.17482e-05
0.1263	3.17566e-05
0.126322	3.17645e-05
0.126345	3.17725e-05
0.126368	3.17803e-05
0.12639	3.17881e-05
0.126413	3.1796e-05
0.126435	3.1804e-05
0.126458	3.18117e-05
0.126481	3.18197e-05
0.126503	3.18273e-05
0.126526	3.18349e-05
0.126548	3.18419e-05
0.126571	3.1849e-05
0.126594	3.18556e-05
0.126616	3.18624e-05
0.126639	3.18689e-05
0.126662	3.18751e-05
0.126684	3.1881e-05
0.126707	3.18873e-05
0.126729	3.18931e-05
0.126752	3.1899e-05
0.126775	3.19046e-05
0.126797	3.19103e-05
0.12682	3.19156e-05
0.126842	3.19209e-05
0.126865	3.19259e-05
0.126888	3.19308e-05
0.12691	3.19353e-05
0.126933	3.19399e-05
0.126956	3.19439e-05
0.126978	3.1948e-05
0.127001	3.19516e-05
0.127023	3.1955e-05
0.127046	3.19581e-05
0.127069	3.19611e-05
0.127091	3.19638e-05
0.127114	3.19666e-05
0.127137	3.1969e-05
0.127159	3.19713e-05
0.127182	3.19733e-05
0.127205	3.1975e-05
0.127227	3.19764e-05
0.12725	3.19778e-05
0.127272	3.19778e-05
0.127295	3.19705e-05
0.127318	3.19628e-05
0.12734	3.19552e-05
0.127363	3.19471e-05
0.127386	3.1939e-05
0.127408	3.19305e-05
0.127431	3.19219e-05
0.127453	3.19129e-05
0.127476	3.19038e-05
0.127499	3.18944e-05
0.127521	3.18848e-05
0.127544	3.18749e-05
0.127567	3.18649e-05
0.127589	3.18545e-05
0.127612	3.18439e-05
0.127634	3.18331e-05
0.127657	3.18222e-05
0.12768	3.18107e-05
0.127702	3.17992e-05
0.127725	3.17874e-05
0.127748	3.17756e-05
0.12777	3.17634e-05
0.127793	3.1751e-05
0.127815	3.17385e-05
0.127838	3.17259e-05
0.127861	3.1713e-05
0.127883	3.16999e-05
0.127906	3.16863e-05
0.127928	3.16729e-05
0.127951	3.16592e-05
0.127974	3.16454e-05
0.127996	3.16311e-05
0.128019	3.16168e-05
0.128041	3.1602e-05
0.128064	3.1587e-05
0.128087	3.15714e-05
0.128109	3.15554e-05
0.128132	3.15392e-05
0.128154	3.15228e-05
0.128177	3.1506e-05
0.128199	3.14891e-05
0.128222	3.1472e-05
0.128245	3.14548e-05
0.128267	3.14374e-05
0.12829	3.142e-05
0.128312	3.14023e-05
0.128335	3.13844e-05
0.128358	3.13663e-05
0.12838	3.13478e-05
0.128403	3.13292e-05
0.128425	3.13105e-05
0.128448	3.12917e-05
0.12847	3.12727e-05
0.128493	3.12533e-05
0.128516	3.12337e-05
0.128538	3.1214e-05
0.128561	3.1194e-05
0.128583	3.11737e-05
0.128606	3.11533e-05
0.128628	3.11326e-05
0.128651	3.11119e-05
0.128673	3.10911e-05
0.128696	3.10702e-05
0.128719	3.1049e-05
0.128741	3.10278e-05
0.128764	3.10065e-05
0.128786	3.09853e-05
0.128809	3.09636e-05
0.128831	3.09418e-05
0.128854	3.09196e-05
0.128876	3.08973e-05
0.128899	3.08748e-05
0.128921	3.08519e-05
0.128944	3.08289e-05
0.128967	3.08057e-05
0.128989	3.07828e-05
0.129012	3.07597e-05
0.129034	3.07363e-05
0.129057	3.07127e-05
0.129079	3.06889e-05
0.129102	3.06648e-05
0.129124	3.06406e-05
0.129147	3.06165e-05
0.129169	3.05923e-05
0.129192	3.05682e-05
0.129214	3.05442e-05
0.129237	3.052e-05
0.129259	3.04957e-05
0.129282	3.04715e-05
0.129305	3.04471e-05
0.129327	3.04226e-05
0.12935	3.0398e-05
0.129372	3.0373e-05
0.129395	3.03479e-05
0.129417	3.03227e-05
0.12944	3.02974e-05
0.129462	3.02719e-05
0.129485	3.02464e-05
0.129507	3.02209e-05
0.12953	3.01953e-05
0.129552	3.01696e-05
0.129575	3.01438e-05
0.129597	3.01178e-05
0.12962	3.00917e-05
0.129642	3.00657e-05
0.129665	3.00397e-05
0.129687	3.00137e-05
0.12971	2.99878e-05
0.129732	2.99619e-05
0.129755	2.99358e-05
0.129777	2.99096e-05
0.1298	2.98836e-05
0.129822	2.98576e-05
0.129845	2.98312e-05
0.129867	2.98051e-05
0.12989	2.9779e-05
0.129912	2.97528e-05
0.129935	2.97264e-05
0.129957	2.97001e-05
0.12998	2.96735e-05
0.130002	2.96468e-05
0.130025	2.962e-05
0.130047	2.95931e-05
0.13007	2.95662e-05
0.130092	2.95392e-05
0.130114	2.95123e-05
0.130137	2.94855e-05
0.130159	2.94588e-05
0.130182	2.94322e-05
0.130204	2.94055e-05
0.130227	2.93789e-05
0.130249	2.93524e-05
0.130272	2.93258e-05
0.130294	2.92993e-05
0.130317	2.92729e-05
0.130339	2.92466e-05
0.130362	2.92205e-05
0.130384	2.91946e-05
0.130407	2.91689e-05
0.130429	2.91429e-05
0.130452	2.91169e-05
0.130474	2.90908e-05
0.130496	2.90646e-05
0.130519	2.90384e-05
0.130541	2.90126e-05
0.130564	2.8987e-05
0.130586	2.89617e-05
0.130609	2.89365e-05
0.130631	2.89115e-05
0.130654	2.88867e-05
0.130676	2.88622e-05
0.130699	2.88379e-05
0.130721	2.88139e-05
0.130743	2.87897e-05
0.130766	2.87658e-05
0.130788	2.87418e-05
0.130811	2.87181e-05
0.130833	2.86942e-05
0.130856	2.86706e-05
0.130878	2.86471e-05
0.130901	2.86238e-05
0.130923	2.86003e-05
0.130945	2.85773e-05
0.130968	2.85541e-05
0.13099	2.85314e-05
0.131013	2.85086e-05
0.131035	2.8486e-05
0.131058	2.84635e-05
0.13108	2.84415e-05
0.131103	2.84198e-05
0.131125	2.83982e-05
0.131147	2.83769e-05
0.13117	2.83558e-05
0.131192	2.8335e-05
0.131215	2.83144e-05
0.131237	2.82939e-05
0.13126	2.82737e-05
0.131282	2.82536e-05
0.131304	2.82344e-05
0.131327	2.82151e-05
0.131349	2.81963e-05
0.131372	2.81774e-05
0.131394	2.81586e-05
0.131417	2.814e-05
0.131439	2.81215e-05
0.131461	2.8103e-05
0.131484	2.80853e-05
0.131506	2.80676e-05
0.131529	2.80502e-05
0.131551	2.8033e-05
0.131573	2.80164e-05
0.131596	2.79996e-05
0.131618	2.79832e-05
0.131641	2.79669e-05
0.131663	2.7951e-05
0.131686	2.79354e-05
0.131708	2.79203e-05
0.13173	2.79051e-05
0.131753	2.78903e-05
0.131775	2.78757e-05
0.131798	2.78616e-05
0.13182	2.78474e-05
0.131842	2.78337e-05
0.131865	2.78205e-05
0.131887	2.78073e-05
0.13191	2.7794e-05
0.131932	2.77806e-05
0.131954	2.77676e-05
0.131977	2.77548e-05
0.131999	2.77422e-05
0.132022	2.77302e-05
0.132044	2.77187e-05
0.132067	2.77076e-05
0.132089	2.76967e-05
0.132111	2.76862e-05
0.132134	2.76761e-05
0.132156	2.76666e-05
0.132179	2.76571e-05
0.132201	2.7648e-05
0.132223	2.76389e-05
0.132246	2.76303e-05
0.132268	2.76218e-05
0.132291	2.76141e-05
0.132313	2.76063e-05
0.132335	2.75988e-05
0.132358	2.75915e-05
0.13238	2.75841e-05
0.132402	2.75771e-05
0.132425	2.75706e-05
0.132447	2.75644e-05
0.13247	2.75586e-05
0.132492	2.75532e-05
0.132514	2.75481e-05
0.132537	2.75433e-05
0.132559	2.75391e-05
0.132582	2.75353e-05
0.132604	2.7532e-05
0.132626	2.75289e-05
0.132649	2.75262e-05
0.132671	2.75239e-05
0.132694	2.75218e-05
0.132716	2.75198e-05
0.132738	2.7518e-05
0.132761	2.75159e-05
0.132783	2.75142e-05
0.132805	2.75127e-05
0.132828	2.75116e-05
0.13285	2.75103e-05
0.132873	2.75095e-05
0.132895	2.75089e-05
0.132917	2.75088e-05
0.13294	2.75089e-05
0.132962	2.75096e-05
0.132985	2.75105e-05
0.133007	2.75118e-05
0.133029	2.75135e-05
0.133052	2.75158e-05
0.133074	2.75183e-05
0.133096	2.75212e-05
0.133119	2.75245e-05
0.133141	2.7528e-05
0.133164	2.75316e-05
0.133186	2.75354e-05
0.133208	2.75394e-05
0.133231	2.75439e-05
0.133253	2.75487e-05
0.133275	2.7554e-05
0.133298	2.75591e-05
0.13332	2.75646e-05
0.133343	2.757e-05
0.133365	2.75756e-05
0.133387	2.75813e-05
0.13341	2.75875e-05
0.133432	2.75941e-05
0.133454	2.76015e-05
0.133477	2.76087e-05
0.133499	2.76166e-05
0.133521	2.76246e-05
0.133544	2.76328e-05
0.133566	2.7641e-05
0.133589	2.76498e-05
0.133611	2.76588e-05
0.133633	2.76686e-05
0.133656	2.76782e-05
0.133678	2.76887e-05
0.1337	2.76992e-05
0.133723	2.77104e-05
0.133745	2.77215e-05
0.133767	2.77329e-05
0.13379	2.77445e-05
0.133812	2.77563e-05
0.133835	2.77677e-05
0.133857	2.77797e-05
0.133879	2.77919e-05
0.133902	2.78046e-05
0.133924	2.78175e-05
0.133946	2.78311e-05
0.133969	2.78448e-05
0.133991	2.7859e-05
0.134013	2.78736e-05
0.134036	2.78887e-05
0.134058	2.7904e-05
0.134081	2.79196e-05
0.134103	2.79355e-05
0.134125	2.79519e-05
0.134148	2.79685e-05
0.13417	2.79854e-05
0.134192	2.80023e-05
0.134215	2.80198e-05
0.134237	2.80373e-05
0.134259	2.80549e-05
0.134282	2.80729e-05
0.134304	2.80913e-05
0.134326	2.81098e-05
0.134349	2.81287e-05
0.134371	2.81482e-05
0.134393	2.8168e-05
0.134416	2.81883e-05
0.134438	2.8209e-05
0.134461	2.82301e-05
0.134483	2.82515e-05
0.134505	2.82734e-05
0.134528	2.82955e-05
0.13455	2.83179e-05
0.134572	2.83404e-05
0.134595	2.83632e-05
0.134617	2.83863e-05
0.134639	2.84092e-05
0.134662	2.84323e-05
0.134684	2.84556e-05
0.134706	2.84793e-05
0.134729	2.85031e-05
0.134751	2.85268e-05
0.134773	2.85508e-05
0.134796	2.8575e-05
0.134818	2.85992e-05
0.134841	2.86239e-05
0.134863	2.86489e-05
0.134885	2.86744e-05
0.134908	2.87001e-05
0.13493	2.8726e-05
0.134952	2.87522e-05
0.134975	2.87787e-05
0.134997	2.88053e-05
0.135019	2.88323e-05
0.135042	2.88596e-05
0.135064	2.88872e-05
0.135086	2.8915e-05
0.135109	2.8943e-05
0.135131	2.89711e-05
0.135153	2.89995e-05
0.135176	2.90281e-05
0.135198	2.90566e-05
0.13522	2.90852e-05
0.135243	2.91138e-05
0.135265	2.91429e-05
0.135288	2.91718e-05
0.13531	2.92012e-05
0.135332	2.92308e-05
0.135355	2.92608e-05
0.135377	2.92911e-05
0.135399	2.93219e-05
0.135422	2.93526e-05
0.135444	2.93836e-05
0.135466	2.94147e-05
0.135489	2.94459e-05
0.135511	2.94776e-05
0.135533	2.95095e-05
0.135556	2.95417e-05
0.135578	2.95741e-05
0.1356	2.96068e-05
0.135623	2.96396e-05
0.135645	2.96723e-05
0.135667	2.97048e-05
0.13569	2.97375e-05
0.135712	2.977e-05
0.135735	2.98028e-05
0.135757	2.98357e-05
0.135779	2.98689e-05
0.135802	2.99023e-05
0.135824	2.99358e-05
0.135846	2.99694e-05
0.135869	3.00032e-05
0.135891	3.00369e-05
0.135913	3.0071e-05
0.135936	3.01051e-05
0.135958	3.01393e-05
0.13598	3.01736e-05
0.136003	3.02082e-05
0.136025	3.02428e-05
0.136048	3.02777e-05
0.13607	3.03124e-05
0.136092	3.03475e-05
0.136115	3.03827e-05
0.136137	3.04181e-05
0.136159	3.04533e-05
0.136182	3.04886e-05
0.136204	3.05237e-05
0.136226	3.05591e-05
0.136249	3.05946e-05
0.136271	3.06302e-05
0.136293	3.06658e-05
0.136316	3.07015e-05
0.136338	3.07373e-05
0.136361	3.07734e-05
0.136383	3.08095e-05
0.136405	3.08457e-05
0.136428	3.08818e-05
0.13645	3.09181e-05
0.136472	3.09543e-05
0.136495	3.09907e-05
0.136517	3.1027e-05
0.136539	3.10634e-05
0.136562	3.11e-05
0.136584	3.11367e-05
0.136607	3.11733e-05
0.136629	3.12098e-05
0.136651	3.12461e-05
0.136674	3.12823e-05
0.136696	3.13183e-05
0.136718	3.13543e-05
0.136741	3.13903e-05
0.136763	3.14263e-05
0.136785	3.14622e-05
0.136808	3.14981e-05
0.13683	3.15338e-05
0.136853	3.15696e-05
0.136875	3.16049e-05
0.136897	3.16405e-05
0.13692	3.16758e-05
0.136942	3.17111e-05
0.136964	3.17464e-05
0.136987	3.1782e-05
0.137009	3.18174e-05
0.137032	3.18529e-05
0.137054	3.18881e-05
0.137076	3.19235e-05
0.137099	3.19584e-05
0.137121	3.19932e-05
0.137143	3.20275e-05
0.137166	3.20619e-05
0.137188	3.20958e-05
0.137211	3.21296e-05
0.137233	3.21627e-05
0.137255	3.21959e-05
0.137278	3.22288e-05
0.1373	3.22618e-05
0.137322	3.22942e-05
0.137345	3.23264e-05
0.137367	3.23587e-05
0.13739	3.23909e-05
0.137412	3.24231e-05
0.137434	3.24552e-05
0.137457	3.2487e-05
0.137479	3.25185e-05
0.137502	3.25497e-05
0.137524	3.25805e-05
0.137546	3.26106e-05
0.137569	3.26403e-05
0.137591	3.26696e-05
0.137613	3.26987e-05
0.137636	3.27272e-05
0.137658	3.27552e-05
0.137681	3.27827e-05
0.137703	3.28094e-05
0.137725	3.28357e-05
0.137748	3.28619e-05
0.13777	3.28874e-05
0.137793	3.29128e-05
0.137815	3.29374e-05
0.137837	3.29618e-05
0.13786	3.29856e-05
0.137882	3.30092e-05
0.137905	3.30326e-05
0.137927	3.3056e-05
0.137949	3.30789e-05
0.137972	3.31014e-05
0.137994	3.31234e-05
0.138017	3.31451e-05
0.138039	3.31664e-05
0.138061	3.31877e-05
0.138084	3.32079e-05
0.138106	3.3228e-05
0.138129	3.32476e-05
0.138151	3.32669e-05
0.138173	3.32853e-05
0.138196	3.33031e-05
0.138218	3.33204e-05
0.138241	3.33377e-05
0.138263	3.33545e-05
0.138286	3.3371e-05
0.138308	3.33868e-05
0.13833	3.34026e-05
0.138353	3.34177e-05
0.138375	3.34329e-05
0.138398	3.34476e-05
0.13842	3.34624e-05
0.138442	3.3477e-05
0.138465	3.34912e-05
0.138487	3.35048e-05
0.13851	3.35183e-05
0.138532	3.35318e-05
0.138555	3.3545e-05
0.138577	3.3558e-05
0.138599	3.35708e-05
0.138622	3.35832e-05
0.138644	3.35948e-05
0.138667	3.36063e-05
0.138689	3.36173e-05
0.138712	3.3628e-05
0.138734	3.36386e-05
0.138756	3.36489e-05
0.138779	3.3659e-05
0.138801	3.3669e-05
0.138824	3.36788e-05
0.138846	3.36887e-05
0.138869	3.36981e-05
0.138891	3.37074e-05
0.138913	3.37164e-05
0.138936	3.37252e-05
0.138958	3.37336e-05
0.138981	3.37419e-05
0.139003	3.37499e-05
0.139026	3.3758e-05
0.139048	3.37656e-05
0.139071	3.37729e-05
0.139093	3.37801e-05
0.139115	3.37874e-05
0.139138	3.37937e-05
0.13916	3.38e-05
0.139183	3.38058e-05
0.139205	3.38113e-05
0.139228	3.38162e-05
0.13925	3.38213e-05
0.139273	3.38258e-05
0.139295	3.38308e-05
0.139318	3.38353e-05
0.13934	3.38401e-05
0.139362	3.38444e-05
0.139385	3.3849e-05
0.139407	3.38531e-05
0.13943	3.38573e-05
0.139452	3.3861e-05
0.139475	3.38648e-05
0.139497	3.3868e-05
0.13952	3.38714e-05
0.139542	3.38742e-05
0.139565	3.38774e-05
0.139587	3.38799e-05
0.13961	3.38825e-05
0.139632	3.38846e-05
0.139655	3.38871e-05
0.139677	3.3889e-05
0.139699	3.38909e-05
0.139722	3.38927e-05
0.139744	3.38948e-05
0.139767	3.38964e-05
0.139789	3.38981e-05
0.139812	3.3899e-05
0.139834	3.39e-05
0.139857	3.39007e-05
0.139879	3.39016e-05
0.139902	3.39023e-05
0.139924	3.39031e-05
0.139947	3.39033e-05
0.139969	3.39036e-05
0.139992	3.39037e-05
0.140014	3.39037e-05
0.140037	3.39033e-05
0.140059	3.39031e-05
0.140082	3.39025e-05
0.140104	3.3902e-05
0.140127	3.39013e-05
0.140149	3.39006e-05
0.140172	3.38998e-05
0.140194	3.38988e-05
0.140217	3.38978e-05
0.140239	3.38965e-05
0.140262	3.38952e-05
0.140284	3.38937e-05
0.140307	3.38845e-05
0.140329	3.38731e-05
0.140352	3.38614e-05
0.140374	3.38497e-05
0.140397	3.38381e-05
0.140419	3.38262e-05
0.140442	3.38142e-05
0.140464	3.38021e-05
0.140487	3.37899e-05
0.140509	3.37776e-05
0.140532	3.37653e-05
0.140554	3.37527e-05
0.140577	3.37398e-05
0.140599	3.37267e-05
0.140621	3.37133e-05
0.140644	3.37e-05
0.140666	3.36865e-05
0.140689	3.36731e-05
0.140711	3.36597e-05
0.140734	3.36461e-05
0.140756	3.36321e-05
0.140779	3.36179e-05
0.140801	3.36036e-05
0.140824	3.35891e-05
0.140846	3.35743e-05
0.140869	3.35596e-05
0.140891	3.35445e-05
0.140914	3.35294e-05
0.140936	3.3514e-05
0.140958	3.34986e-05
0.140981	3.34829e-05
0.141003	3.34671e-05
0.141026	3.34507e-05
0.141048	3.34343e-05
0.141071	3.34175e-05
0.141093	3.34007e-05
0.141116	3.33837e-05
0.141138	3.33666e-05
0.14116	3.33491e-05
0.141183	3.33315e-05
0.141205	3.33136e-05
0.141228	3.32957e-05
0.14125	3.32774e-05
0.141273	3.32589e-05
0.141295	3.32402e-05
0.141317	3.32215e-05
0.14134	3.32023e-05
0.141362	3.31829e-05
0.141385	3.31632e-05
0.141407	3.31433e-05
0.14143	3.31231e-05
0.141452	3.31028e-05
0.141474	3.30824e-05
0.141497	3.30616e-05
0.141519	3.30409e-05
0.141542	3.30198e-05
0.141564	3.29984e-05
0.141586	3.29767e-05
0.141609	3.29551e-05
0.141631	3.29332e-05
0.141654	3.29112e-05
0.141676	3.28889e-05
0.141698	3.28664e-05
0.141721	3.28437e-05
0.141743	3.28208e-05
0.141766	3.27978e-05
0.141788	3.27744e-05
0.14181	3.27509e-05
0.141833	3.27271e-05
0.141855	3.27033e-05
0.141878	3.26795e-05
0.1419	3.26551e-05
0.141922	3.26305e-05
0.141945	3.26055e-05
0.141967	3.25804e-05
0.141989	3.2555e-05
0.142012	3.25298e-05
0.142034	3.2504e-05
0.142057	3.24781e-05
0.142079	3.24519e-05
0.142101	3.24254e-05
0.142124	3.23988e-05
0.142146	3.23723e-05
0.142168	3.23453e-05
0.142191	3.23185e-05
0.142213	3.22911e-05
0.142236	3.22637e-05
0.142258	3.22361e-05
0.14228	3.22086e-05
0.142303	3.21808e-05
0.142325	3.21527e-05
0.142347	3.21246e-05
0.14237	3.20963e-05
0.142392	3.20676e-05
0.142414	3.20388e-05
0.142437	3.20097e-05
0.142459	3.19807e-05
0.142481	3.19515e-05
0.142504	3.19222e-05
0.142526	3.18929e-05
0.142548	3.18631e-05
0.142571	3.18334e-05
0.142593	3.18035e-05
0.142615	3.17733e-05
0.142638	3.17429e-05
0.14266	3.17129e-05
0.142682	3.16824e-05
0.142705	3.16519e-05
0.142727	3.16212e-05
0.142749	3.15906e-05
0.142772	3.15596e-05
0.142794	3.15286e-05
0.142816	3.14973e-05
0.142839	3.14662e-05
0.142861	3.14346e-05
0.142883	3.14032e-05
0.142906	3.13715e-05
0.142928	3.134e-05
0.14295	3.13082e-05
0.142973	3.12762e-05
0.142995	3.1244e-05
0.143017	3.12117e-05
0.14304	3.11793e-05
0.143062	3.1147e-05
0.143084	3.11148e-05
0.143106	3.10821e-05
0.143129	3.10494e-05
0.143151	3.10167e-05
0.143173	3.09843e-05
0.143196	3.09518e-05
0.143218	3.09192e-05
0.14324	3.08866e-05
0.143263	3.08537e-05
0.143285	3.08207e-05
0.143307	3.07877e-05
0.143329	3.07546e-05
0.143352	3.07215e-05
0.143374	3.06881e-05
0.143396	3.06548e-05
0.143419	3.06216e-05
0.143441	3.05885e-05
0.143463	3.05552e-05
0.143485	3.05221e-05
0.143508	3.04886e-05
0.14353	3.04554e-05
0.143552	3.04222e-05
0.143575	3.0389e-05
0.143597	3.03557e-05
0.143619	3.03225e-05
0.143641	3.02893e-05
0.143664	3.02561e-05
0.143686	3.0223e-05
0.143708	3.01899e-05
0.14373	3.01567e-05
0.143753	3.01235e-05
0.143775	3.00903e-05
0.143797	3.0057e-05
0.14382	3.00238e-05
0.143842	2.99908e-05
0.143864	2.99577e-05
0.143886	2.99245e-05
0.143909	2.98913e-05
0.143931	2.98584e-05
0.143953	2.98257e-05
0.143975	2.9793e-05
0.143998	2.97605e-05
0.14402	2.97278e-05
0.144042	2.96952e-05
0.144064	2.96628e-05
0.144087	2.96305e-05
0.144109	2.95982e-05
0.144131	2.95662e-05
0.144153	2.95344e-05
0.144176	2.95026e-05
0.144198	2.94709e-05
0.14422	2.94392e-05
0.144242	2.94076e-05
0.144265	2.93762e-05
0.144287	2.93449e-05
0.144309	2.93139e-05
0.144331	2.92832e-05
0.144354	2.92527e-05
0.144376	2.92221e-05
0.144398	2.91918e-05
0.14442	2.91616e-05
0.144443	2.91317e-05
0.144465	2.91019e-05
0.144487	2.90724e-05
0.144509	2.9043e-05
0.144531	2.9014e-05
0.144554	2.8985e-05
0.144576	2.89562e-05
0.144598	2.89275e-05
0.14462	2.88993e-05
0.144643	2.88709e-05
0.144665	2.88427e-05
0.144687	2.88147e-05
0.144709	2.8787e-05
0.144731	2.87595e-05
0.144754	2.87322e-05
0.144776	2.87052e-05
0.144798	2.86785e-05
0.14482	2.86519e-05
0.144843	2.86258e-05
0.144865	2.85997e-05
0.144887	2.85741e-05
0.144909	2.85484e-05
0.144931	2.85234e-05
0.144954	2.84987e-05
0.144976	2.84742e-05
0.144998	2.84501e-05
0.14502	2.84262e-05
0.145042	2.84024e-05
0.145065	2.83788e-05
0.145087	2.83554e-05
0.145109	2.83324e-05
0.145131	2.83098e-05
0.145154	2.82871e-05
0.145176	2.82649e-05
0.145198	2.82428e-05
0.14522	2.82214e-05
0.145242	2.82003e-05
0.145265	2.81795e-05
0.145287	2.81589e-05
0.145309	2.81388e-05
0.145331	2.81186e-05
0.145353	2.8099e-05
0.145376	2.80797e-05
0.145398	2.80607e-05
0.14542	2.80422e-05
0.145442	2.80238e-05
0.145464	2.80058e-05
0.145487	2.79881e-05
0.145509	2.79708e-05
0.145531	2.79541e-05
0.145553	2.79373e-05
0.145575	2.79208e-05
0.145597	2.79046e-05
0.14562	2.78887e-05
0.145642	2.7873e-05
0.145664	2.78578e-05
0.145686	2.78431e-05
0.145708	2.7829e-05
0.145731	2.78152e-05
0.145753	2.78019e-05
0.145775	2.77889e-05
0.145797	2.77765e-05
0.145819	2.7764e-05
0.145842	2.77521e-05
0.145864	2.77404e-05
0.145886	2.77291e-05
0.145908	2.77181e-05
0.14593	2.77078e-05
0.145952	2.76978e-05
0.145975	2.7688e-05
0.145997	2.76783e-05
0.146019	2.76692e-05
0.146041	2.76603e-05
0.146063	2.76519e-05
0.146086	2.76437e-05
0.146108	2.76361e-05
0.14613	2.76289e-05
0.146152	2.76223e-05
0.146174	2.76158e-05
0.146196	2.76101e-05
0.146219	2.76047e-05
0.146241	2.75997e-05
0.146263	2.75951e-05
0.146285	2.75909e-05
0.146307	2.75872e-05
0.146329	2.75838e-05
0.146352	2.75809e-05
0.146374	2.75783e-05
0.146396	2.75759e-05
0.146418	2.75738e-05
0.14644	2.75723e-05
0.146462	2.75712e-05
0.146485	2.75703e-05
0.146507	2.75695e-05
0.146529	2.7569e-05
0.146551	2.75689e-05
0.146573	2.7569e-05
0.146596	2.75698e-05
0.146618	2.75708e-05
0.14664	2.75723e-05
0.146662	2.7574e-05
0.146684	2.75766e-05
0.146706	2.75792e-05
0.146729	2.75823e-05
0.146751	2.75857e-05
0.146773	2.75894e-05
0.146795	2.75936e-05
0.146817	2.75984e-05
0.146839	2.76035e-05
0.146862	2.76092e-05
0.146884	2.76151e-05
0.146906	2.76213e-05
0.146928	2.76278e-05
0.14695	2.76347e-05
0.146972	2.76419e-05
0.146995	2.76493e-05
0.147017	2.76571e-05
0.147039	2.76652e-05
0.147061	2.76735e-05
0.147083	2.76825e-05
0.147105	2.76916e-05
0.147128	2.77013e-05
0.14715	2.77111e-05
0.147172	2.77216e-05
0.147194	2.77322e-05
0.147216	2.77432e-05
0.147238	2.77547e-05
0.147261	2.77668e-05
0.147283	2.77793e-05
0.147305	2.77922e-05
0.147327	2.78052e-05
0.147349	2.78186e-05
0.147371	2.78321e-05
0.147393	2.78462e-05
0.147416	2.78602e-05
0.147438	2.78749e-05
0.14746	2.78897e-05
0.147482	2.79049e-05
0.147504	2.79204e-05
0.147526	2.79365e-05
0.147549	2.79529e-05
0.147571	2.79698e-05
0.147593	2.79871e-05
0.147615	2.8005e-05
0.147637	2.80231e-05
0.147659	2.8042e-05
0.147682	2.80612e-05
0.147704	2.80809e-05
0.147726	2.81009e-05
0.147748	2.81213e-05
0.14777	2.8142e-05
0.147792	2.81631e-05
0.147815	2.81846e-05
0.147837	2.82063e-05
0.147859	2.82282e-05
0.147881	2.82505e-05
0.147903	2.8273e-05
0.147925	2.82958e-05
0.147948	2.83191e-05
0.14797	2.83429e-05
0.147992	2.83672e-05
0.148014	2.83919e-05
0.148036	2.84169e-05
0.148058	2.84423e-05
0.148081	2.84682e-05
0.148103	2.84947e-05
0.148125	2.85215e-05
0.148147	2.85487e-05
0.148169	2.8576e-05
0.148191	2.86038e-05
0.148214	2.86318e-05
0.148236	2.86602e-05
0.148258	2.86887e-05
0.14828	2.87176e-05
0.148302	2.87466e-05
0.148324	2.87761e-05
0.148347	2.88058e-05
0.148369	2.88358e-05
0.148391	2.88659e-05
0.148413	2.88964e-05
0.148435	2.89271e-05
0.148458	2.89583e-05
0.14848	2.89898e-05
0.148502	2.90218e-05
0.148524	2.90542e-05
0.148546	2.90869e-05
0.148568	2.91198e-05
0.148591	2.91533e-05
0.148613	2.91873e-05
0.148635	2.92216e-05
0.148657	2.92563e-05
0.148679	2.92916e-05
0.148701	2.9327e-05
0.148724	2.93629e-05
0.148746	2.9399e-05
0.148768	2.94353e-05
0.14879	2.94718e-05
0.148812	2.95085e-05
0.148835	2.95457e-05
0.148857	2.95829e-05
0.148879	2.96206e-05
0.148901	2.96586e-05
0.148923	2.96969e-05
0.148945	2.97356e-05
0.148968	2.97747e-05
0.14899	2.9814e-05
0.149012	2.98537e-05
0.149034	2.98935e-05
0.149056	2.99336e-05
0.149079	2.99741e-05
0.149101	3.0015e-05
0.149123	3.0056e-05
0.149145	3.00974e-05
0.149167	3.0139e-05
0.149189	3.01807e-05
0.149212	3.02226e-05
0.149234	3.02649e-05
0.149256	3.03074e-05
0.149278	3.03501e-05
0.1493	3.03928e-05
0.149323	3.04358e-05
0.149345	3.04789e-05
0.149367	3.05222e-05
0.149389	3.05657e-05
0.149411	3.06095e-05
0.149434	3.06537e-05
0.149456	3.06982e-05
0.149478	3.07428e-05
0.1495	3.07878e-05
0.149522	3.08328e-05
0.149545	3.08777e-05
0.149567	3.09229e-05
0.149589	3.0968e-05
0.149611	3.10131e-05
0.149633	3.10584e-05
0.149656	3.11039e-05
0.149678	3.11497e-05
0.1497	3.11955e-05
0.149722	3.12416e-05
0.149744	3.12874e-05
0.149767	3.13333e-05
0.149789	3.13792e-05
0.149811	3.14253e-05
0.149833	3.14713e-05
0.149856	3.15176e-05
0.149878	3.15642e-05
0.1499	3.1611e-05
0.149922	3.16577e-05
0.149944	3.17045e-05
0.149967	3.17513e-05
0.149989	3.17983e-05
0.150011	3.18453e-05
