# Force and moment coefficients
# dragDir     : (1.000000e+00 0.000000e+00 0.000000e+00)
# sideDir     : (0.000000e+00 0.000000e+00 -1.000000e+00)
# liftDir     : (0.000000e+00 1.000000e+00 0.000000e+00)
# rollAxis    : (1.000000e+00 0.000000e+00 0.000000e+00)
# pitchAxis   : (0.000000e+00 0.000000e+00 -1.000000e+00)
# yawAxis     : (0.000000e+00 1.000000e+00 0.000000e+00)
# magUInf     : 3.000000e-03
# lRef        : 2.000000e-01
# Aref        : 2.000000e-02
# CofR        : (0.000000e+00 0.000000e+00 0.000000e+00)
#
# Time        	Cd            	Cd(f)         	Cd(r)         	Cl            	Cl(f)         	Cl(r)         	CmPitch       	CmRoll        	CmYaw         	Cs            	Cs(f)         	Cs(r)         
498.35400494904638	2.027895e+00	1.013947e+00	1.013948e+00	1.377221e-06	5.153389e-07	8.618825e-07	-1.732718e-07	-3.419851e-07	5.069738e-01	2.912074e-07	5.069739e-01	-5.069737e-01
498.96229682722912	2.027810e+00	1.013906e+00	1.013904e+00	-4.399917e-06	-2.378439e-06	-2.021477e-06	-1.784812e-07	1.103256e-06	5.069525e-01	2.928759e-07	5.069527e-01	-5.069524e-01
499.57059596964331	2.027753e+00	1.013877e+00	1.013876e+00	-2.695437e-06	-1.526834e-06	-1.168603e-06	-1.791152e-07	6.627524e-07	5.069383e-01	2.934455e-07	5.069385e-01	-5.069382e-01
500.17890235696672	2.027680e+00	1.013841e+00	1.013840e+00	-2.313200e-06	-1.334765e-06	-9.784353e-07	-1.781647e-07	5.665897e-07	5.069201e-01	2.932201e-07	5.069202e-01	-5.069199e-01
500.7872159554488	2.027610e+00	1.013806e+00	1.013805e+00	-1.950639e-06	-1.151659e-06	-7.989803e-07	-1.763393e-07	4.766403e-07	5.069026e-01	2.925235e-07	5.069027e-01	-5.069024e-01
501.39553674378203	2.027539e+00	1.013770e+00	1.013769e+00	-1.756111e-06	-1.052213e-06	-7.038976e-07	-1.741577e-07	4.282973e-07	5.068848e-01	2.918540e-07	5.068850e-01	-5.068847e-01
502.00386470288885	2.027469e+00	1.013735e+00	1.013734e+00	-1.625712e-06	-9.847082e-07	-6.410041e-07	-1.718521e-07	3.956093e-07	5.068673e-01	2.913062e-07	5.068675e-01	-5.068672e-01
502.61219981506849	2.027399e+00	1.013700e+00	1.013699e+00	-1.499280e-06	-9.192257e-07	-5.800542e-07	-1.695857e-07	3.642823e-07	5.068498e-01	2.907920e-07	5.068499e-01	-5.068496e-01
503.22054206304387	2.027329e+00	1.013665e+00	1.013664e+00	-1.396624e-06	-8.657051e-07	-5.309185e-07	-1.673933e-07	3.391393e-07	5.068324e-01	2.902817e-07	5.068326e-01	-5.068323e-01
503.82889143011664	2.027258e+00	1.013630e+00	1.013629e+00	-1.346978e-06	-8.387869e-07	-5.081909e-07	-1.652980e-07	3.252988e-07	5.068147e-01	2.899084e-07	5.068148e-01	-5.068145e-01
504.43724789924858	2.027190e+00	1.013595e+00	1.013595e+00	-1.229133e-06	-7.777621e-07	-4.513712e-07	-1.631954e-07	2.983742e-07	5.067976e-01	2.898541e-07	5.067978e-01	-5.067975e-01
505.04561145414567	2.027121e+00	1.013561e+00	1.013560e+00	-1.057493e-06	-6.901087e-07	-3.673839e-07	-1.613624e-07	2.548160e-07	5.067804e-01	2.892959e-07	5.067806e-01	-5.067803e-01
505.65398207818646	2.027052e+00	1.013526e+00	1.013526e+00	-1.036867e-06	-6.779566e-07	-3.589105e-07	-1.595230e-07	2.498525e-07	5.067630e-01	2.889524e-07	5.067632e-01	-5.067629e-01
506.26235975478102	2.026983e+00	1.013492e+00	1.013491e+00	-9.223876e-07	-6.189065e-07	-3.034811e-07	-1.577127e-07	2.223211e-07	5.067459e-01	2.885270e-07	5.067460e-01	-5.067457e-01
506.87074446810578	2.026913e+00	1.013457e+00	1.013456e+00	-8.503489e-07	-5.811403e-07	-2.692085e-07	-1.559659e-07	2.017466e-07	5.067284e-01	2.883330e-07	5.067285e-01	-5.067282e-01
507.47913620151013	2.026845e+00	1.013423e+00	1.013422e+00	-7.424163e-07	-5.253553e-07	-2.170611e-07	-1.541471e-07	1.749675e-07	5.067112e-01	2.883018e-07	5.067114e-01	-5.067111e-01
508.08753493903384	2.026776e+00	1.013388e+00	1.013388e+00	-7.250661e-07	-5.149782e-07	-2.100878e-07	-1.524452e-07	1.714192e-07	5.066941e-01	2.878388e-07	5.066943e-01	-5.066940e-01
508.69594066448292	2.026708e+00	1.013354e+00	1.013354e+00	-6.484962e-07	-4.750321e-07	-1.734641e-07	-1.507840e-07	1.534352e-07	5.066772e-01	2.872232e-07	5.066773e-01	-5.066770e-01
509.30435336176703	2.026641e+00	1.013320e+00	1.013320e+00	-5.728796e-07	-4.356123e-07	-1.372673e-07	-1.491725e-07	1.342420e-07	5.066602e-01	2.866975e-07	5.066603e-01	-5.066601e-01
509.91277301478397	2.026573e+00	1.013287e+00	1.013286e+00	-3.888159e-07	-3.419821e-07	-4.683378e-08	-1.475742e-07	8.847524e-08	5.066433e-01	2.863243e-07	5.066435e-01	-5.066432e-01
510.52119960766385	2.026507e+00	1.013253e+00	1.013253e+00	-3.049702e-07	-2.984751e-07	-6.495116e-09	-1.459900e-07	6.976629e-08	5.066267e-01	2.859451e-07	5.066269e-01	-5.066266e-01
511.12963312474261	2.026439e+00	1.013220e+00	1.013220e+00	-2.683952e-07	-2.787174e-07	1.032220e-08	-1.445198e-07	6.068683e-08	5.066099e-01	2.851183e-07	5.066100e-01	-5.066097e-01
511.73807355010973	2.026372e+00	1.013186e+00	1.013186e+00	-1.714907e-07	-2.287304e-07	5.723970e-08	-1.429851e-07	3.648336e-08	5.065932e-01	2.845402e-07	5.065933e-01	-5.065930e-01
512.34652086798553	2.026306e+00	1.013153e+00	1.013153e+00	-1.256803e-08	-1.477504e-07	1.351823e-07	-1.414663e-07	-3.789047e-09	5.065765e-01	2.845006e-07	5.065766e-01	-5.065763e-01
512.95497506268441	2.026238e+00	1.013119e+00	1.013119e+00	4.192735e-08	-1.189886e-07	1.609160e-07	-1.399523e-07	-1.649943e-08	5.065597e-01	2.845394e-07	5.065598e-01	-5.065595e-01
513.56343611839861	2.026171e+00	1.013086e+00	1.013086e+00	3.956138e-08	-1.186548e-07	1.582162e-07	-1.384355e-07	-1.764680e-08	5.065429e-01	2.844116e-07	5.065430e-01	-5.065427e-01
514.17190401980611	2.026103e+00	1.013052e+00	1.013052e+00	-1.767591e-08	-1.457436e-07	1.280677e-07	-1.369056e-07	-4.715305e-09	5.065259e-01	2.848901e-07	5.065260e-01	-5.065257e-01
514.78037875139103	2.026037e+00	1.013018e+00	1.013019e+00	1.278747e-07	-7.140755e-08	1.992823e-07	-1.353449e-07	-4.041736e-08	5.065093e-01	2.851039e-07	5.065095e-01	-5.065092e-01
515.38886029792013	2.025971e+00	1.012985e+00	1.012985e+00	2.725253e-07	2.369503e-09	2.701558e-07	-1.338931e-07	-7.625034e-08	5.064927e-01	2.851125e-07	5.064928e-01	-5.064926e-01
515.99734864421794	2.025905e+00	1.012953e+00	1.012953e+00	2.211444e-07	-2.186614e-08	2.430105e-07	-1.324383e-07	-6.144165e-08	5.064764e-01	2.852269e-07	5.064765e-01	-5.064762e-01
516.60584377510622	2.025839e+00	1.012919e+00	1.012919e+00	2.447461e-07	-8.742773e-09	2.534889e-07	-1.311158e-07	-6.921511e-08	5.064597e-01	2.850285e-07	5.064599e-01	-5.064596e-01
517.21434567515246	2.025773e+00	1.012887e+00	1.012887e+00	3.089614e-07	2.485609e-08	2.841053e-07	-1.296246e-07	-8.512115e-08	5.064433e-01	2.851079e-07	5.064435e-01	-5.064432e-01
517.82285432937226	2.025708e+00	1.012854e+00	1.012854e+00	3.860900e-07	6.482780e-08	3.212622e-07	-1.282172e-07	-1.041034e-07	5.064270e-01	2.851044e-07	5.064272e-01	-5.064269e-01
518.43136972266905	2.025643e+00	1.012821e+00	1.012821e+00	4.813889e-07	1.138759e-07	3.675130e-07	-1.268186e-07	-1.278359e-07	5.064107e-01	2.849358e-07	5.064108e-01	-5.064106e-01
519.03989184012266	2.025578e+00	1.012789e+00	1.012789e+00	5.627263e-07	1.559252e-07	4.068010e-07	-1.254379e-07	-1.480407e-07	5.063945e-01	2.848348e-07	5.063946e-01	-5.063943e-01
519.6484206668332	2.025513e+00	1.012756e+00	1.012757e+00	5.939356e-07	1.729051e-07	4.210305e-07	-1.240627e-07	-1.557248e-07	5.063782e-01	2.846715e-07	5.063784e-01	-5.063781e-01
520.25695618789848	2.025448e+00	1.012724e+00	1.012724e+00	6.964825e-07	2.255408e-07	4.709417e-07	-1.227005e-07	-1.805018e-07	5.063620e-01	2.846258e-07	5.063621e-01	-5.063619e-01
520.86549838848009	2.025384e+00	1.012692e+00	1.012692e+00	7.872484e-07	2.722561e-07	5.149923e-07	-1.213681e-07	-2.025919e-07	5.063460e-01	2.841938e-07	5.063461e-01	-5.063458e-01
521.4740472536522	2.025319e+00	1.012659e+00	1.012660e+00	8.506163e-07	3.052579e-07	5.453584e-07	-1.200503e-07	-2.183739e-07	5.063299e-01	2.841306e-07	5.063300e-01	-5.063297e-01
522.08260276879992	2.025255e+00	1.012627e+00	1.012628e+00	8.976014e-07	3.300748e-07	5.675266e-07	-1.187259e-07	-2.299903e-07	5.063138e-01	2.840891e-07	5.063140e-01	-5.063137e-01
522.69116491924683	2.025191e+00	1.012595e+00	1.012596e+00	9.773743e-07	3.712766e-07	6.060976e-07	-1.174105e-07	-2.498099e-07	5.062978e-01	2.839518e-07	5.062980e-01	-5.062977e-01
523.29973369040647	2.025127e+00	1.012563e+00	1.012564e+00	1.009651e-06	3.887227e-07	6.209279e-07	-1.161026e-07	-2.576509e-07	5.062818e-01	2.838556e-07	5.062820e-01	-5.062817e-01
523.90830906772396	2.025063e+00	1.012531e+00	1.012532e+00	1.041329e-06	4.058404e-07	6.354882e-07	-1.148239e-07	-2.657323e-07	5.062659e-01	2.837661e-07	5.062660e-01	-5.062657e-01
524.5168910366956	2.025000e+00	1.012500e+00	1.012500e+00	1.118723e-06	4.458264e-07	6.728970e-07	-1.135353e-07	-2.848758e-07	5.062500e-01	2.836645e-07	5.062501e-01	-5.062498e-01
525.12547958286871	2.024936e+00	1.012468e+00	1.012469e+00	1.136773e-06	4.561212e-07	6.806513e-07	-1.122651e-07	-2.893530e-07	5.062342e-01	2.835914e-07	5.062343e-01	-5.062340e-01
525.73407469180881	2.024873e+00	1.012436e+00	1.012437e+00	1.266520e-06	5.222503e-07	7.442701e-07	-1.110099e-07	-3.217470e-07	5.062184e-01	2.833994e-07	5.062185e-01	-5.062183e-01
526.34267634913169	2.024810e+00	1.012405e+00	1.012405e+00	1.313913e-06	5.471799e-07	7.667328e-07	-1.097764e-07	-3.335573e-07	5.062025e-01	2.833269e-07	5.062027e-01	-5.062024e-01
526.95128454055919	2.024747e+00	1.012373e+00	1.012374e+00	1.371055e-06	5.769976e-07	7.940572e-07	-1.085298e-07	-3.477701e-07	5.061869e-01	2.831842e-07	5.061870e-01	-5.061868e-01
527.55989925175277	2.024684e+00	1.012342e+00	1.012342e+00	1.454113e-06	6.197398e-07	8.343734e-07	-1.073168e-07	-3.685052e-07	5.061711e-01	2.830944e-07	5.061712e-01	-5.061710e-01
528.16852046843269	2.024622e+00	1.012311e+00	1.012311e+00	1.562107e-06	6.749477e-07	8.871591e-07	-1.061057e-07	-3.954340e-07	5.061555e-01	2.829898e-07	5.061557e-01	-5.061554e-01
528.77714817632398	2.024559e+00	1.012279e+00	1.012280e+00	1.672295e-06	7.312138e-07	9.410813e-07	-1.049338e-07	-4.229238e-07	5.061399e-01	2.829363e-07	5.061400e-01	-5.061398e-01
529.38578236123374	2.024497e+00	1.012248e+00	1.012249e+00	1.738260e-06	7.653757e-07	9.728839e-07	-1.037541e-07	-4.391599e-07	5.061243e-01	2.828702e-07	5.061245e-01	-5.061242e-01
529.99442300903104	2.024435e+00	1.012217e+00	1.012218e+00	1.794487e-06	7.946404e-07	9.998463e-07	-1.026030e-07	-4.533045e-07	5.061088e-01	2.827503e-07	5.061089e-01	-5.061087e-01
530.60307010555198	2.024373e+00	1.012186e+00	1.012187e+00	1.904149e-06	8.506168e-07	1.053532e-06	-1.014574e-07	-4.803644e-07	5.060933e-01	2.826076e-07	5.060935e-01	-5.060932e-01
531.21172363672213	2.024311e+00	1.012155e+00	1.012156e+00	1.934896e-06	8.671141e-07	1.067782e-06	-1.003338e-07	-4.890508e-07	5.060777e-01	2.824608e-07	5.060778e-01	-5.060775e-01
531.82038358849343	2.024249e+00	1.012124e+00	1.012125e+00	2.003611e-06	9.026670e-07	1.100944e-06	-9.913853e-08	-5.058749e-07	5.060623e-01	2.823617e-07	5.060624e-01	-5.060621e-01
532.42904994682135	2.024188e+00	1.012093e+00	1.012094e+00	2.139014e-06	9.714867e-07	1.167527e-06	-9.802013e-08	-5.399571e-07	5.060469e-01	2.822471e-07	5.060471e-01	-5.060468e-01
533.0377226976542	2.024127e+00	1.012063e+00	1.012064e+00	2.236684e-06	1.021402e-06	1.215282e-06	-9.694013e-08	-5.631650e-07	5.060317e-01	2.820990e-07	5.060319e-01	-5.060316e-01
533.64640182694188	2.024065e+00	1.012032e+00	1.012033e+00	2.227447e-06	1.017851e-06	1.209596e-06	-9.587223e-08	-5.612659e-07	5.060163e-01	2.819895e-07	5.060165e-01	-5.060162e-01
534.25508732054914	2.024004e+00	1.012002e+00	1.012003e+00	2.316040e-06	1.063225e-06	1.252815e-06	-9.479470e-08	-5.832371e-07	5.060011e-01	2.819389e-07	5.060013e-01	-5.060010e-01
534.86377916455638	2.023944e+00	1.011971e+00	1.011972e+00	2.348869e-06	1.080688e-06	1.268181e-06	-9.374656e-08	-5.915684e-07	5.059859e-01	2.819077e-07	5.059861e-01	-5.059858e-01
535.47247734499092	2.023881e+00	1.011940e+00	1.011941e+00	2.360844e-06	1.087715e-06	1.273130e-06	-9.270749e-08	-5.899393e-07	5.059703e-01	2.817812e-07	5.059704e-01	-5.059701e-01
536.08118184794785	2.023820e+00	1.011910e+00	1.011911e+00	2.410520e-06	1.113539e-06	1.296982e-06	-9.172158e-08	-6.028386e-07	5.059552e-01	2.811906e-07	5.059553e-01	-5.059550e-01
536.6898926593741	2.023760e+00	1.011880e+00	1.011881e+00	2.496168e-06	1.157373e-06	1.338795e-06	-9.071094e-08	-6.243548e-07	5.059401e-01	2.809126e-07	5.059403e-01	-5.059400e-01
537.29860976528948	2.023700e+00	1.011849e+00	1.011851e+00	2.598488e-06	1.209525e-06	1.388962e-06	-8.971859e-08	-6.500188e-07	5.059251e-01	2.807335e-07	5.059252e-01	-5.059249e-01
537.90733315189914	2.023642e+00	1.011820e+00	1.011822e+00	2.715127e-06	1.268824e-06	1.446302e-06	-8.873904e-08	-6.832308e-07	5.059106e-01	2.807402e-07	5.059108e-01	-5.059105e-01
538.51606280538988	2.023583e+00	1.011791e+00	1.011792e+00	2.806413e-06	1.315479e-06	1.490934e-06	-8.772723e-08	-7.059045e-07	5.058957e-01	2.811258e-07	5.058958e-01	-5.058955e-01
539.1247987120413	2.023523e+00	1.011761e+00	1.011762e+00	2.859668e-06	1.343053e-06	1.516616e-06	-8.678147e-08	-7.192089e-07	5.058808e-01	2.815456e-07	5.058809e-01	-5.058806e-01
539.73354085811479	2.023465e+00	1.011732e+00	1.011733e+00	2.874685e-06	1.351509e-06	1.523176e-06	-8.583359e-08	-7.218945e-07	5.058663e-01	2.814387e-07	5.058664e-01	-5.058661e-01
540.34228922966724	2.023405e+00	1.011702e+00	1.011703e+00	2.981296e-06	1.405646e-06	1.575650e-06	-8.500222e-08	-7.485339e-07	5.058513e-01	2.814721e-07	5.058514e-01	-5.058512e-01
540.95104381306612	2.023345e+00	1.011672e+00	1.011673e+00	2.910388e-06	1.371109e-06	1.539280e-06	-8.408555e-08	-7.313588e-07	5.058363e-01	2.814402e-07	5.058365e-01	-5.058362e-01
541.55980459466912	2.023286e+00	1.011642e+00	1.011644e+00	3.047529e-06	1.440690e-06	1.606839e-06	-8.307433e-08	-7.649233e-07	5.058215e-01	2.814481e-07	5.058217e-01	-5.058214e-01
542.16857156086803	2.023227e+00	1.011613e+00	1.011614e+00	3.094043e-06	1.464793e-06	1.629251e-06	-8.222922e-08	-7.767127e-07	5.058068e-01	2.814745e-07	5.058069e-01	-5.058066e-01
542.77734469803829	2.023168e+00	1.011583e+00	1.011585e+00	3.315326e-06	1.576302e-06	1.739024e-06	-8.136103e-08	-8.320365e-07	5.057920e-01	2.813931e-07	5.057921e-01	-5.057918e-01
543.38612399254635	2.023109e+00	1.011554e+00	1.011556e+00	3.428097e-06	1.633595e-06	1.794501e-06	-8.045297e-08	-8.601732e-07	5.057774e-01	2.813867e-07	5.057775e-01	-5.057772e-01
543.99490943093474	2.023052e+00	1.011525e+00	1.011527e+00	3.457694e-06	1.649243e-06	1.808452e-06	-7.960439e-08	-8.663598e-07	5.057631e-01	2.815063e-07	5.057632e-01	-5.057629e-01
544.6037009996661	2.022994e+00	1.011496e+00	1.011498e+00	3.448401e-06	1.645384e-06	1.803017e-06	-7.881669e-08	-8.637912e-07	5.057485e-01	2.811250e-07	5.057487e-01	-5.057484e-01
545.21249868497046	2.022935e+00	1.011467e+00	1.011468e+00	3.409497e-06	1.626765e-06	1.782731e-06	-7.798284e-08	-8.539203e-07	5.057338e-01	2.810346e-07	5.057340e-01	-5.057337e-01
545.82130247333635	2.022877e+00	1.011437e+00	1.011439e+00	3.524849e-06	1.685270e-06	1.839579e-06	-7.715439e-08	-8.832005e-07	5.057192e-01	2.810036e-07	5.057193e-01	-5.057190e-01
546.43011235128733	2.022816e+00	1.011407e+00	1.011409e+00	3.580639e-06	1.713981e-06	1.866657e-06	-7.633810e-08	-8.935169e-07	5.057041e-01	2.811213e-07	5.057042e-01	-5.057039e-01
547.03892830542259	2.022761e+00	1.011379e+00	1.011381e+00	3.641970e-06	1.745467e-06	1.896503e-06	-7.551789e-08	-9.125574e-07	5.056902e-01	2.813054e-07	5.056903e-01	-5.056900e-01
547.64775032215221	2.022701e+00	1.011350e+00	1.011351e+00	3.671908e-06	1.761232e-06	1.910676e-06	-7.472242e-08	-9.161879e-07	5.056753e-01	2.810149e-07	5.056755e-01	-5.056752e-01
548.2565783881987	2.022644e+00	1.011321e+00	1.011323e+00	3.744448e-06	1.798258e-06	1.946190e-06	-7.396625e-08	-9.347335e-07	5.056610e-01	2.810679e-07	5.056611e-01	-5.056608e-01
548.86541249003176	2.022587e+00	1.011292e+00	1.011294e+00	3.785069e-06	1.819330e-06	1.965739e-06	-7.320454e-08	-9.439396e-07	5.056467e-01	2.801963e-07	5.056469e-01	-5.056466e-01
549.47425261403123	2.022530e+00	1.011264e+00	1.011266e+00	3.838761e-06	1.846922e-06	1.991839e-06	-7.245841e-08	-9.574490e-07	5.056325e-01	2.804173e-07	5.056326e-01	-5.056323e-01
550.08309874693578	2.022473e+00	1.011235e+00	1.011237e+00	3.875702e-06	1.866122e-06	2.009579e-06	-7.172856e-08	-9.667138e-07	5.056182e-01	2.797425e-07	5.056183e-01	-5.056181e-01
550.69195087544961	2.022416e+00	1.011207e+00	1.011209e+00	3.980298e-06	1.919135e-06	2.061162e-06	-7.101357e-08	-9.926974e-07	5.056040e-01	2.799479e-07	5.056042e-01	-5.056039e-01
551.30080898616745	2.022361e+00	1.011180e+00	1.011182e+00	4.196375e-06	2.027873e-06	2.168502e-06	-7.031417e-08	-1.049445e-06	5.055903e-01	2.799123e-07	5.055905e-01	-5.055902e-01
551.90967306575658	2.022303e+00	1.011150e+00	1.011152e+00	4.179355e-06	2.020071e-06	2.159284e-06	-6.960667e-08	-1.041980e-06	5.055757e-01	2.798488e-07	5.055759e-01	-5.055756e-01
552.51854310107126	2.022248e+00	1.011123e+00	1.011125e+00	4.194669e-06	2.028385e-06	2.166285e-06	-6.894985e-08	-1.048857e-06	5.055621e-01	2.797162e-07	5.055623e-01	-5.055620e-01
553.12741907861061	2.022190e+00	1.011094e+00	1.011096e+00	4.199076e-06	2.031277e-06	2.167799e-06	-6.826105e-08	-1.046803e-06	5.055476e-01	2.794252e-07	5.055478e-01	-5.055475e-01
553.73630098490889	2.022136e+00	1.011067e+00	1.011069e+00	4.284792e-06	2.074780e-06	2.210012e-06	-6.761593e-08	-1.071235e-06	5.055340e-01	2.794023e-07	5.055341e-01	-5.055339e-01
554.34518880725523	2.022078e+00	1.011038e+00	1.011040e+00	4.256320e-06	2.061202e-06	2.195117e-06	-6.695753e-08	-1.060994e-06	5.055196e-01	2.790274e-07	5.055198e-01	-5.055195e-01
554.95408253184189	2.022025e+00	1.011011e+00	1.011014e+00	4.382750e-06	2.125052e-06	2.257698e-06	-6.632278e-08	-1.095742e-06	5.055063e-01	2.789418e-07	5.055065e-01	-5.055062e-01
555.56298214566402	2.021967e+00	1.010982e+00	1.010985e+00	4.511492e-06	2.190008e-06	2.321485e-06	-6.573860e-08	-1.124774e-06	5.054918e-01	2.787330e-07	5.054920e-01	-5.054917e-01
556.17188763555362	2.021911e+00	1.010954e+00	1.010956e+00	4.561979e-06	2.215883e-06	2.346096e-06	-6.510645e-08	-1.139686e-06	5.054777e-01	2.785672e-07	5.054778e-01	-5.054775e-01
556.78079898815281	2.021855e+00	1.010926e+00	1.010929e+00	4.634851e-06	2.252979e-06	2.381872e-06	-6.444637e-08	-1.157846e-06	5.054639e-01	2.785415e-07	5.054640e-01	-5.054637e-01
557.38971619038944	2.021800e+00	1.010899e+00	1.010901e+00	4.645757e-06	2.259029e-06	2.386728e-06	-6.384964e-08	-1.160551e-06	5.054501e-01	2.784584e-07	5.054502e-01	-5.054500e-01
557.99863922905172	2.021745e+00	1.010871e+00	1.010874e+00	4.709367e-06	2.291420e-06	2.417947e-06	-6.326304e-08	-1.176363e-06	5.054363e-01	2.782753e-07	5.054365e-01	-5.054362e-01
558.60756809094801	2.021690e+00	1.010844e+00	1.010846e+00	4.780373e-06	2.327486e-06	2.452887e-06	-6.270014e-08	-1.194077e-06	5.054226e-01	2.781225e-07	5.054228e-01	-5.054225e-01
559.21650276295998	2.021636e+00	1.010817e+00	1.010819e+00	4.853231e-06	2.364467e-06	2.488763e-06	-6.214812e-08	-1.212339e-06	5.054090e-01	2.780055e-07	5.054091e-01	-5.054088e-01
559.82544323195521	2.021581e+00	1.010789e+00	1.010792e+00	4.953472e-06	2.415124e-06	2.538347e-06	-6.161150e-08	-1.237355e-06	5.053953e-01	2.779639e-07	5.053954e-01	-5.053952e-01
560.43438948488279	2.021527e+00	1.010762e+00	1.010765e+00	5.068947e-06	2.473393e-06	2.595555e-06	-6.108115e-08	-1.266247e-06	5.053817e-01	2.778083e-07	5.053818e-01	-5.053816e-01
561.04334150875377	2.021472e+00	1.010735e+00	1.010737e+00	5.128547e-06	2.503703e-06	2.624844e-06	-6.057031e-08	-1.281012e-06	5.053681e-01	2.777069e-07	5.053683e-01	-5.053680e-01
561.65229929058125	2.021420e+00	1.010709e+00	1.010711e+00	4.939113e-06	2.409495e-06	2.529618e-06	-6.006143e-08	-1.231758e-06	5.053549e-01	2.774364e-07	5.053551e-01	-5.053548e-01
562.26126281704285	2.021367e+00	1.010682e+00	1.010685e+00	4.994908e-06	2.437799e-06	2.557109e-06	-5.965529e-08	-1.248353e-06	5.053419e-01	2.772520e-07	5.053420e-01	-5.053417e-01
562.87023207455366	2.021311e+00	1.010654e+00	1.010657e+00	5.062507e-06	2.472100e-06	2.590407e-06	-5.915366e-08	-1.264265e-06	5.053277e-01	2.771132e-07	5.053279e-01	-5.053276e-01
563.47920705013257	2.021257e+00	1.010627e+00	1.010630e+00	5.120124e-06	2.501410e-06	2.618714e-06	-5.865198e-08	-1.278805e-06	5.053143e-01	2.769716e-07	5.053144e-01	-5.053142e-01
564.08818773083522	2.021204e+00	1.010601e+00	1.010603e+00	5.159178e-06	2.521403e-06	2.637775e-06	-5.818621e-08	-1.286918e-06	5.053011e-01	2.768753e-07	5.053013e-01	-5.053010e-01
564.69717410371231	2.021151e+00	1.010574e+00	1.010577e+00	5.213219e-06	2.548832e-06	2.664388e-06	-5.777797e-08	-1.300381e-06	5.052878e-01	2.767449e-07	5.052879e-01	-5.052876e-01
565.30616615565145	2.021097e+00	1.010547e+00	1.010550e+00	5.233962e-06	2.559636e-06	2.674326e-06	-5.734475e-08	-1.307401e-06	5.052742e-01	2.766767e-07	5.052743e-01	-5.052740e-01
565.91516387358786	2.021044e+00	1.010520e+00	1.010523e+00	5.377387e-06	2.631826e-06	2.745561e-06	-5.686790e-08	-1.343117e-06	5.052609e-01	2.765934e-07	5.052611e-01	-5.052608e-01
566.52416724463683	2.020991e+00	1.010494e+00	1.010497e+00	5.497774e-06	2.692435e-06	2.805339e-06	-5.645167e-08	-1.373182e-06	5.052477e-01	2.764142e-07	5.052478e-01	-5.052476e-01
567.13317625578327	2.020938e+00	1.010467e+00	1.010470e+00	5.528336e-06	2.708112e-06	2.820224e-06	-5.605565e-08	-1.380614e-06	5.052345e-01	2.761460e-07	5.052346e-01	-5.052343e-01
567.74219089405483	2.020885e+00	1.010441e+00	1.010444e+00	5.584232e-06	2.736445e-06	2.847786e-06	-5.567048e-08	-1.394596e-06	5.052213e-01	2.758700e-07	5.052214e-01	-5.052211e-01
568.35121114649041	2.020832e+00	1.010415e+00	1.010418e+00	5.640213e-06	2.764808e-06	2.875405e-06	-5.529871e-08	-1.408532e-06	5.052082e-01	2.755263e-07	5.052083e-01	-5.052080e-01
568.96023700013518	2.020780e+00	1.010389e+00	1.010391e+00	5.622420e-06	2.756269e-06	2.866151e-06	-5.494112e-08	-1.404021e-06	5.051950e-01	2.752561e-07	5.051952e-01	-5.051949e-01
569.56926844204554	2.020728e+00	1.010362e+00	1.010365e+00	5.574992e-06	2.732905e-06	2.842088e-06	-5.459133e-08	-1.392096e-06	5.051820e-01	2.750349e-07	5.051821e-01	-5.051818e-01
570.17830545923982	2.020675e+00	1.010336e+00	1.010339e+00	5.668169e-06	2.779830e-06	2.888339e-06	-5.425485e-08	-1.415413e-06	5.051689e-01	2.748170e-07	5.051690e-01	-5.051688e-01
570.78734803880434	2.020623e+00	1.010310e+00	1.010313e+00	5.710728e-06	2.801437e-06	2.909292e-06	-5.392756e-08	-1.426133e-06	5.051559e-01	2.745706e-07	5.051560e-01	-5.051557e-01
571.39639616787531	2.020572e+00	1.010284e+00	1.010287e+00	5.722743e-06	2.807761e-06	2.914981e-06	-5.361000e-08	-1.429130e-06	5.051429e-01	2.743731e-07	5.051431e-01	-5.051428e-01
572.00544983352825	2.020520e+00	1.010258e+00	1.010261e+00	5.765840e-06	2.829612e-06	2.936228e-06	-5.330814e-08	-1.439849e-06	5.051300e-01	2.741300e-07	5.051301e-01	-5.051299e-01
572.61450902285765	2.020469e+00	1.010233e+00	1.010236e+00	5.837906e-06	2.865936e-06	2.971970e-06	-5.301687e-08	-1.459953e-06	5.051174e-01	2.741592e-07	5.051175e-01	-5.051172e-01
573.22357372303486	2.020417e+00	1.010207e+00	1.010210e+00	5.923208e-06	2.908790e-06	3.014419e-06	-5.281433e-08	-1.480647e-06	5.051044e-01	2.738265e-07	5.051045e-01	-5.051043e-01
573.83264392105787	2.020366e+00	1.010182e+00	1.010185e+00	6.020576e-06	2.957742e-06	3.062834e-06	-5.254620e-08	-1.504999e-06	5.050916e-01	2.736148e-07	5.050917e-01	-5.050914e-01
574.44171960422477	2.020315e+00	1.010156e+00	1.010159e+00	6.050760e-06	2.973076e-06	3.077684e-06	-5.230387e-08	-1.513071e-06	5.050788e-01	2.735918e-07	5.050790e-01	-5.050787e-01
575.05080075956926	2.020264e+00	1.010131e+00	1.010134e+00	6.003542e-06	2.949731e-06	3.053811e-06	-5.204033e-08	-1.500685e-06	5.050661e-01	2.733189e-07	5.050662e-01	-5.050659e-01
575.65988737421787	2.020213e+00	1.010105e+00	1.010108e+00	5.986615e-06	2.941476e-06	3.045139e-06	-5.183180e-08	-1.496978e-06	5.050534e-01	2.733149e-07	5.050535e-01	-5.050533e-01
576.26897943501081	2.020163e+00	1.010080e+00	1.010083e+00	5.992611e-06	2.944711e-06	3.047900e-06	-5.159483e-08	-1.498411e-06	5.050408e-01	2.731879e-07	5.050409e-01	-5.050406e-01
576.87807692903857	2.020112e+00	1.010055e+00	1.010058e+00	6.028342e-06	2.962783e-06	3.065559e-06	-5.138807e-08	-1.507243e-06	5.050282e-01	2.730667e-07	5.050283e-01	-5.050280e-01
577.48717984339498	2.020062e+00	1.010029e+00	1.010032e+00	6.106179e-06	3.001906e-06	3.104273e-06	-5.118346e-08	-1.526870e-06	5.050155e-01	2.728885e-07	5.050157e-01	-5.050154e-01
578.09628816532518	2.020011e+00	1.010004e+00	1.010007e+00	6.246797e-06	3.072396e-06	3.174402e-06	-5.100292e-08	-1.561947e-06	5.050027e-01	2.725885e-07	5.050028e-01	-5.050026e-01
578.70540188236896	2.019960e+00	1.009979e+00	1.009982e+00	6.321087e-06	3.109746e-06	3.211340e-06	-5.079710e-08	-1.581427e-06	5.049901e-01	2.725532e-07	5.049903e-01	-5.049900e-01
579.31452098159571	2.019910e+00	1.009953e+00	1.009957e+00	6.462037e-06	3.180395e-06	3.281642e-06	-5.062336e-08	-1.616618e-06	5.049776e-01	2.723545e-07	5.049777e-01	-5.049774e-01
579.92364545070222	2.019860e+00	1.009929e+00	1.009932e+00	6.464255e-06	3.181673e-06	3.282583e-06	-5.045509e-08	-1.616376e-06	5.049651e-01	2.721292e-07	5.049653e-01	-5.049650e-01
580.53277527700095	2.019810e+00	1.009904e+00	1.009907e+00	6.547958e-06	3.223660e-06	3.324298e-06	-5.031883e-08	-1.637902e-06	5.049526e-01	2.719934e-07	5.049528e-01	-5.049525e-01
581.14191044778056	2.019761e+00	1.009879e+00	1.009882e+00	6.528648e-06	3.214151e-06	3.314497e-06	-5.017296e-08	-1.632291e-06	5.049403e-01	2.718097e-07	5.049404e-01	-5.049401e-01
581.75105095026788	2.019711e+00	1.009854e+00	1.009857e+00	6.600624e-06	3.250225e-06	3.350398e-06	-5.008661e-08	-1.651117e-06	5.049278e-01	2.716176e-07	5.049279e-01	-5.049276e-01
582.36019677166621	2.019661e+00	1.009829e+00	1.009832e+00	6.671031e-06	3.285544e-06	3.385487e-06	-4.997150e-08	-1.668687e-06	5.049153e-01	2.713544e-07	5.049154e-01	-5.049152e-01
582.96934789964405	2.019612e+00	1.009804e+00	1.009808e+00	6.701204e-06	3.300738e-06	3.400465e-06	-4.986350e-08	-1.676177e-06	5.049031e-01	2.711649e-07	5.049032e-01	-5.049029e-01
583.57850432149996	2.019563e+00	1.009780e+00	1.009783e+00	6.744227e-06	3.322316e-06	3.421910e-06	-4.979701e-08	-1.686886e-06	5.048908e-01	2.709427e-07	5.048909e-01	-5.048906e-01
584.18766602447954	2.019514e+00	1.009755e+00	1.009759e+00	6.768594e-06	3.334560e-06	3.434034e-06	-4.973746e-08	-1.692907e-06	5.048785e-01	2.707280e-07	5.048787e-01	-5.048784e-01
584.79683299590329	2.019465e+00	1.009731e+00	1.009734e+00	6.793391e-06	3.346999e-06	3.446393e-06	-4.969705e-08	-1.699137e-06	5.048663e-01	2.705261e-07	5.048665e-01	-5.048662e-01
585.40600522305476	2.019416e+00	1.009706e+00	1.009710e+00	6.814441e-06	3.357550e-06	3.456891e-06	-4.967049e-08	-1.704327e-06	5.048541e-01	2.703819e-07	5.048543e-01	-5.048540e-01
586.01518269321718	2.019368e+00	1.009682e+00	1.009686e+00	6.845385e-06	3.373031e-06	3.472354e-06	-4.966147e-08	-1.712100e-06	5.048420e-01	2.702662e-07	5.048421e-01	-5.048418e-01
586.62436539370037	2.019319e+00	1.009658e+00	1.009661e+00	6.879639e-06	3.390156e-06	3.489484e-06	-4.966414e-08	-1.720652e-06	5.048299e-01	2.701424e-07	5.048300e-01	-5.048297e-01
587.23355331184644	2.019271e+00	1.009634e+00	1.009637e+00	6.914531e-06	3.407584e-06	3.506947e-06	-4.968133e-08	-1.729410e-06	5.048178e-01	2.700224e-07	5.048179e-01	-5.048176e-01
587.84274643499123	2.019223e+00	1.009610e+00	1.009613e+00	6.944442e-06	3.422510e-06	3.521932e-06	-4.971131e-08	-1.736800e-06	5.048057e-01	2.698847e-07	5.048058e-01	-5.048056e-01
588.45194475050027	2.019175e+00	1.009586e+00	1.009589e+00	6.971713e-06	3.436103e-06	3.535611e-06	-4.975409e-08	-1.743659e-06	5.047937e-01	2.697370e-07	5.047938e-01	-5.047936e-01
589.06114824571364	2.019127e+00	1.009562e+00	1.009565e+00	6.998311e-06	3.449345e-06	3.548966e-06	-4.981067e-08	-1.750333e-06	5.047817e-01	2.696073e-07	5.047819e-01	-5.047816e-01
589.67035690795899	2.019079e+00	1.009538e+00	1.009541e+00	7.018158e-06	3.459198e-06	3.558961e-06	-4.988139e-08	-1.755234e-06	5.047698e-01	2.694871e-07	5.047699e-01	-5.047697e-01
590.27957072454763	2.019031e+00	1.009514e+00	1.009517e+00	7.022116e-06	3.461095e-06	3.561020e-06	-4.996265e-08	-1.756168e-06	5.047579e-01	2.693710e-07	5.047580e-01	-5.047577e-01
590.88878968283791	2.018984e+00	1.009490e+00	1.009494e+00	7.125043e-06	3.512470e-06	3.612574e-06	-5.005198e-08	-1.781788e-06	5.047460e-01	2.692298e-07	5.047461e-01	-5.047458e-01
591.49801377027973	2.018936e+00	1.009466e+00	1.009470e+00	7.174030e-06	3.536857e-06	3.637173e-06	-5.015770e-08	-1.794080e-06	5.047341e-01	2.690761e-07	5.047343e-01	-5.047340e-01
592.10724297168986	2.018889e+00	1.009443e+00	1.009446e+00	7.185006e-06	3.542229e-06	3.642778e-06	-5.027451e-08	-1.796782e-06	5.047223e-01	2.689171e-07	5.047225e-01	-5.047222e-01
592.71647727125969	2.018842e+00	1.009419e+00	1.009423e+00	7.234101e-06	3.566646e-06	3.667455e-06	-5.040470e-08	-1.808979e-06	5.047105e-01	2.687082e-07	5.047107e-01	-5.047104e-01
593.32571665647038	2.018795e+00	1.009396e+00	1.009399e+00	7.216058e-06	3.557482e-06	3.658576e-06	-5.054713e-08	-1.804424e-06	5.046988e-01	2.684980e-07	5.046989e-01	-5.046987e-01
593.93496111484285	2.018748e+00	1.009372e+00	1.009376e+00	7.260406e-06	3.579504e-06	3.680902e-06	-5.069871e-08	-1.815531e-06	5.046871e-01	2.682883e-07	5.046872e-01	-5.046869e-01
594.54421063385519	2.018701e+00	1.009349e+00	1.009352e+00	7.245941e-06	3.572113e-06	3.673828e-06	-5.085750e-08	-1.811877e-06	5.046754e-01	2.680678e-07	5.046755e-01	-5.046752e-01
595.15346520102059	2.018655e+00	1.009326e+00	1.009329e+00	7.230028e-06	3.563987e-06	3.666041e-06	-5.102695e-08	-1.807869e-06	5.046637e-01	2.678364e-07	5.046638e-01	-5.046636e-01
595.76272480390753	2.018608e+00	1.009302e+00	1.009306e+00	7.242100e-06	3.569844e-06	3.672256e-06	-5.120615e-08	-1.810912e-06	5.046521e-01	2.675832e-07	5.046522e-01	-5.046520e-01
596.37198943005365	2.018562e+00	1.009279e+00	1.009283e+00	7.271942e-06	3.584573e-06	3.687368e-06	-5.139758e-08	-1.818465e-06	5.046405e-01	2.673774e-07	5.046406e-01	-5.046404e-01
596.98125906698692	2.018515e+00	1.009256e+00	1.009259e+00	7.294850e-06	3.595818e-06	3.699031e-06	-5.160672e-08	-1.824080e-06	5.046288e-01	2.672664e-07	5.046289e-01	-5.046287e-01
597.59053370223614	2.018469e+00	1.009233e+00	1.009236e+00	7.315765e-06	3.606075e-06	3.709690e-06	-5.180773e-08	-1.829143e-06	5.046173e-01	2.672237e-07	5.046174e-01	-5.046171e-01
598.19981332336545	2.018423e+00	1.009210e+00	1.009213e+00	7.345175e-06	3.620560e-06	3.724614e-06	-5.202697e-08	-1.836475e-06	5.046057e-01	2.671190e-07	5.046059e-01	-5.046056e-01
598.80909791789816	2.018377e+00	1.009187e+00	1.009190e+00	7.382296e-06	3.638885e-06	3.743411e-06	-5.226338e-08	-1.845438e-06	5.045944e-01	2.669930e-07	5.045945e-01	-5.045942e-01
599.41838747358236	2.018331e+00	1.009164e+00	1.009168e+00	7.405874e-06	3.650428e-06	3.755446e-06	-5.250883e-08	-1.851321e-06	5.045829e-01	2.667377e-07	5.045830e-01	-5.045828e-01
600.02768197765249	2.018286e+00	1.009141e+00	1.009145e+00	7.424443e-06	3.659432e-06	3.765012e-06	-5.279010e-08	-1.855956e-06	5.045715e-01	2.665847e-07	5.045716e-01	-5.045714e-01
600.63698141773352	2.018240e+00	1.009118e+00	1.009122e+00	7.437314e-06	3.665587e-06	3.771727e-06	-5.306968e-08	-1.858986e-06	5.045601e-01	2.663189e-07	5.045602e-01	-5.045600e-01
601.2462857814038	2.018195e+00	1.009096e+00	1.009100e+00	7.469268e-06	3.681272e-06	3.787997e-06	-5.336241e-08	-1.866399e-06	5.045489e-01	2.660192e-07	5.045490e-01	-5.045487e-01
601.85559505618573	2.018149e+00	1.009072e+00	1.009076e+00	7.520145e-06	3.706427e-06	3.813718e-06	-5.364519e-08	-1.879892e-06	5.045372e-01	2.659272e-07	5.045374e-01	-5.045371e-01
602.46490922969792	2.018104e+00	1.009050e+00	1.009054e+00	7.507452e-06	3.699766e-06	3.807686e-06	-5.395996e-08	-1.876388e-06	5.045261e-01	2.659124e-07	5.045262e-01	-5.045260e-01
603.07422828995982	2.018059e+00	1.009028e+00	1.009031e+00	7.532696e-06	3.712089e-06	3.820607e-06	-5.425897e-08	-1.882784e-06	5.045148e-01	2.656554e-07	5.045149e-01	-5.045147e-01
603.68355222423554	2.018014e+00	1.009005e+00	1.009009e+00	7.550496e-06	3.720659e-06	3.829837e-06	-5.458919e-08	-1.887184e-06	5.045036e-01	2.654553e-07	5.045037e-01	-5.045035e-01
604.29288102022485	2.017970e+00	1.008983e+00	1.008987e+00	7.550703e-06	3.720417e-06	3.830285e-06	-5.493405e-08	-1.886741e-06	5.044925e-01	2.651745e-07	5.044927e-01	-5.044924e-01
604.90221466550906	2.017925e+00	1.008961e+00	1.008964e+00	7.562797e-06	3.726127e-06	3.836670e-06	-5.527153e-08	-1.890328e-06	5.044813e-01	2.650278e-07	5.044814e-01	-5.044811e-01
605.51155314796142	2.017881e+00	1.008939e+00	1.008942e+00	7.609197e-06	3.748956e-06	3.860242e-06	-5.564294e-08	-1.901615e-06	5.044703e-01	2.647912e-07	5.044705e-01	-5.044702e-01
606.12089645473338	2.017836e+00	1.008916e+00	1.008920e+00	7.660808e-06	3.774386e-06	3.886422e-06	-5.601817e-08	-1.914924e-06	5.044590e-01	2.646834e-07	5.044591e-01	-5.044589e-01
606.73024457408053	2.017792e+00	1.008894e+00	1.008898e+00	7.673584e-06	3.780400e-06	3.893184e-06	-5.639175e-08	-1.918119e-06	5.044480e-01	2.644892e-07	5.044481e-01	-5.044478e-01
607.33959749362214	2.017748e+00	1.008872e+00	1.008876e+00	7.680025e-06	3.783236e-06	3.896789e-06	-5.677636e-08	-1.919762e-06	5.044369e-01	2.643239e-07	5.044371e-01	-5.044368e-01
607.94895520106468	2.017704e+00	1.008850e+00	1.008854e+00	7.680269e-06	3.782959e-06	3.897310e-06	-5.717557e-08	-1.919904e-06	5.044259e-01	2.641780e-07	5.044261e-01	-5.044258e-01
608.55831768412531	2.017660e+00	1.008828e+00	1.008832e+00	7.702125e-06	3.793476e-06	3.908649e-06	-5.758620e-08	-1.925354e-06	5.044150e-01	2.640064e-07	5.044151e-01	-5.044148e-01
609.16768493053019	2.017616e+00	1.008806e+00	1.008810e+00	7.693278e-06	3.788637e-06	3.904641e-06	-5.800224e-08	-1.923161e-06	5.044040e-01	2.638502e-07	5.044041e-01	-5.044039e-01
609.77705692805057	2.017573e+00	1.008784e+00	1.008788e+00	7.712241e-06	3.797687e-06	3.914555e-06	-5.843402e-08	-1.927522e-06	5.043932e-01	2.636019e-07	5.043934e-01	-5.043931e-01
610.3864336644001	2.017529e+00	1.008763e+00	1.008767e+00	7.676752e-06	3.779508e-06	3.897244e-06	-5.886772e-08	-1.918473e-06	5.043824e-01	2.633965e-07	5.043825e-01	-5.043822e-01
610.99581512745499	2.017486e+00	1.008741e+00	1.008745e+00	7.693387e-06	3.787386e-06	3.906001e-06	-5.930765e-08	-1.922803e-06	5.043715e-01	2.632245e-07	5.043716e-01	-5.043714e-01
611.60520130501413	2.017442e+00	1.008719e+00	1.008723e+00	7.742891e-06	3.811688e-06	3.931203e-06	-5.975735e-08	-1.935951e-06	5.043605e-01	2.630962e-07	5.043606e-01	-5.043604e-01
612.21459218478299	2.017399e+00	1.008698e+00	1.008701e+00	7.731282e-06	3.805397e-06	3.925885e-06	-6.024418e-08	-1.932547e-06	5.043498e-01	2.630752e-07	5.043499e-01	-5.043497e-01
612.82398775497882	2.017356e+00	1.008676e+00	1.008680e+00	7.742829e-06	3.810730e-06	3.932099e-06	-6.068454e-08	-1.935498e-06	5.043390e-01	2.628422e-07	5.043391e-01	-5.043389e-01
613.43338800309175	2.017313e+00	1.008655e+00	1.008659e+00	7.774808e-06	3.826228e-06	3.948580e-06	-6.117597e-08	-1.943128e-06	5.043284e-01	2.626220e-07	5.043285e-01	-5.043283e-01
614.04279291694024	2.017270e+00	1.008633e+00	1.008637e+00	7.770069e-06	3.823368e-06	3.946701e-06	-6.166612e-08	-1.942403e-06	5.043176e-01	2.625225e-07	5.043177e-01	-5.043174e-01
614.65220248456012	2.017228e+00	1.008612e+00	1.008616e+00	7.786915e-06	3.831282e-06	3.955634e-06	-6.217591e-08	-1.946086e-06	5.043070e-01	2.622728e-07	5.043071e-01	-5.043069e-01
615.26161669367355	2.017185e+00	1.008590e+00	1.008594e+00	7.788612e-06	3.831630e-06	3.956982e-06	-6.267590e-08	-1.946957e-06	5.042963e-01	2.621762e-07	5.042964e-01	-5.042961e-01
615.87103553235681	2.017143e+00	1.008570e+00	1.008573e+00	7.860188e-06	3.866893e-06	3.993295e-06	-6.320093e-08	-1.964583e-06	5.042858e-01	2.618686e-07	5.042859e-01	-5.042857e-01
616.48045898826922	2.017101e+00	1.008548e+00	1.008552e+00	7.861170e-06	3.866857e-06	3.994313e-06	-6.372800e-08	-1.964615e-06	5.042752e-01	2.616137e-07	5.042753e-01	-5.042751e-01
617.08988704940703	2.017058e+00	1.008527e+00	1.008531e+00	7.828882e-06	3.850182e-06	3.978700e-06	-6.425899e-08	-1.956711e-06	5.042646e-01	2.613995e-07	5.042648e-01	-5.042645e-01
617.69931970374398	2.017016e+00	1.008506e+00	1.008510e+00	7.825525e-06	3.847961e-06	3.977564e-06	-6.480110e-08	-1.956265e-06	5.042540e-01	2.612533e-07	5.042541e-01	-5.042539e-01
618.30875693934013	2.016974e+00	1.008485e+00	1.008489e+00	7.836624e-06	3.852953e-06	3.983671e-06	-6.535934e-08	-1.958589e-06	5.042436e-01	2.609956e-07	5.042437e-01	-5.042435e-01
618.91819874402825	2.016932e+00	1.008464e+00	1.008468e+00	7.829185e-06	3.848685e-06	3.980500e-06	-6.590770e-08	-1.956802e-06	5.042331e-01	2.608367e-07	5.042333e-01	-5.042330e-01
619.5276451059209	2.016891e+00	1.008443e+00	1.008447e+00	7.833753e-06	3.850406e-06	3.983347e-06	-6.647026e-08	-1.957858e-06	5.042227e-01	2.606203e-07	5.042228e-01	-5.042226e-01
620.13709601302594	2.016849e+00	1.008423e+00	1.008426e+00	7.826023e-06	3.845969e-06	3.980054e-06	-6.704220e-08	-1.956112e-06	5.042123e-01	2.604254e-07	5.042124e-01	-5.042122e-01
620.74655145337385	2.016808e+00	1.008402e+00	1.008406e+00	7.824165e-06	3.844459e-06	3.979706e-06	-6.762328e-08	-1.955456e-06	5.042019e-01	2.602128e-07	5.042021e-01	-5.042018e-01
621.35601141502173	2.016766e+00	1.008381e+00	1.008385e+00	7.819915e-06	3.841751e-06	3.978164e-06	-6.820677e-08	-1.954545e-06	5.041916e-01	2.600471e-07	5.041917e-01	-5.041914e-01
621.96547588606131	2.016725e+00	1.008360e+00	1.008364e+00	7.787131e-06	3.824764e-06	3.962367e-06	-6.880178e-08	-1.946187e-06	5.041812e-01	2.598633e-07	5.041814e-01	-5.041811e-01
622.57494485462723	2.016684e+00	1.008340e+00	1.008344e+00	7.824016e-06	3.842611e-06	3.981405e-06	-6.939699e-08	-1.955568e-06	5.041710e-01	2.597023e-07	5.041711e-01	-5.041708e-01
623.18441830877885	2.016643e+00	1.008319e+00	1.008323e+00	7.760800e-06	3.810395e-06	3.950405e-06	-7.000506e-08	-1.939604e-06	5.041607e-01	2.595160e-07	5.041609e-01	-5.041606e-01
623.79389623660734	2.016601e+00	1.008298e+00	1.008302e+00	7.890465e-06	3.874615e-06	4.015850e-06	-7.061770e-08	-1.972452e-06	5.041502e-01	2.593992e-07	5.041504e-01	-5.041501e-01
624.40337862615263	2.016561e+00	1.008278e+00	1.008282e+00	7.860687e-06	3.859089e-06	4.001598e-06	-7.125419e-08	-1.964604e-06	5.041402e-01	2.591778e-07	5.041404e-01	-5.041401e-01
625.01286546579831	2.016520e+00	1.008258e+00	1.008262e+00	7.873541e-06	3.864921e-06	4.008620e-06	-7.184982e-08	-1.967919e-06	5.041300e-01	2.590037e-07	5.041302e-01	-5.041299e-01
625.62235674347608	2.016480e+00	1.008238e+00	1.008242e+00	7.893218e-06	3.874123e-06	4.019094e-06	-7.248539e-08	-1.972695e-06	5.041199e-01	2.588243e-07	5.041201e-01	-5.041198e-01
626.2318524473958	2.016438e+00	1.008217e+00	1.008221e+00	7.824126e-06	3.838930e-06	3.985196e-06	-7.313286e-08	-1.956713e-06	5.041096e-01	2.586634e-07	5.041097e-01	-5.041095e-01
626.84135256580339	2.016398e+00	1.008197e+00	1.008201e+00	7.834875e-06	3.843654e-06	3.991220e-06	-7.378294e-08	-1.958068e-06	5.040997e-01	2.585538e-07	5.040998e-01	-5.040995e-01
627.4508570868386	2.016358e+00	1.008177e+00	1.008181e+00	7.836977e-06	3.844061e-06	3.992916e-06	-7.442752e-08	-1.958806e-06	5.040896e-01	2.583689e-07	5.040897e-01	-5.040895e-01
628.06036599880247	2.016318e+00	1.008157e+00	1.008161e+00	7.866645e-06	3.858234e-06	4.008411e-06	-7.508868e-08	-1.965994e-06	5.040796e-01	2.581840e-07	5.040797e-01	-5.040795e-01
628.66987928988704	2.016278e+00	1.008137e+00	1.008141e+00	7.898951e-06	3.873722e-06	4.025229e-06	-7.575350e-08	-1.974243e-06	5.040696e-01	2.580137e-07	5.040697e-01	-5.040695e-01
629.27939694834049	2.016238e+00	1.008117e+00	1.008121e+00	7.847563e-06	3.847353e-06	4.000210e-06	-7.642851e-08	-1.961261e-06	5.040596e-01	2.578289e-07	5.040598e-01	-5.040595e-01
629.88891896242865	2.016199e+00	1.008097e+00	1.008101e+00	7.879149e-06	3.862469e-06	4.016680e-06	-7.710531e-08	-1.969328e-06	5.040497e-01	2.576650e-07	5.040498e-01	-5.040496e-01
630.49844532041584	2.016159e+00	1.008078e+00	1.008081e+00	7.862078e-06	3.853246e-06	4.008832e-06	-7.779331e-08	-1.964900e-06	5.040398e-01	2.574673e-07	5.040399e-01	-5.040396e-01
631.10797601058357	2.016120e+00	1.008058e+00	1.008062e+00	7.803746e-06	3.823400e-06	3.980346e-06	-7.847292e-08	-1.950532e-06	5.040301e-01	2.572898e-07	5.040303e-01	-5.040300e-01
631.71751102128974	2.016080e+00	1.008038e+00	1.008042e+00	7.811687e-06	3.826581e-06	3.985106e-06	-7.926278e-08	-1.952445e-06	5.040200e-01	2.571443e-07	5.040201e-01	-5.040199e-01
632.32705034095738	2.016041e+00	1.008018e+00	1.008022e+00	7.843638e-06	3.841933e-06	4.001706e-06	-7.988651e-08	-1.960349e-06	5.040102e-01	2.569503e-07	5.040103e-01	-5.040100e-01
632.93659395793964	2.016001e+00	1.007999e+00	1.008003e+00	7.809743e-06	3.824291e-06	3.985452e-06	-8.058050e-08	-1.951997e-06	5.040004e-01	2.568233e-07	5.040005e-01	-5.040002e-01
633.54614186062952	2.015962e+00	1.007979e+00	1.007983e+00	7.804114e-06	3.820765e-06	3.983349e-06	-8.129223e-08	-1.950508e-06	5.039906e-01	2.566803e-07	5.039907e-01	-5.039905e-01
634.1556940374395	2.015923e+00	1.007960e+00	1.007964e+00	7.789416e-06	3.812700e-06	3.976716e-06	-8.200824e-08	-1.947056e-06	5.039808e-01	2.565323e-07	5.039810e-01	-5.039807e-01
634.76525047674215	2.015884e+00	1.007940e+00	1.007944e+00	7.778694e-06	3.806613e-06	3.972081e-06	-8.273391e-08	-1.944266e-06	5.039711e-01	2.563632e-07	5.039712e-01	-5.039710e-01
635.37481116714844	2.015845e+00	1.007921e+00	1.007925e+00	7.757032e-06	3.795041e-06	3.961991e-06	-8.347528e-08	-1.938898e-06	5.039614e-01	2.561224e-07	5.039615e-01	-5.039613e-01
635.98437609711516	2.015807e+00	1.007901e+00	1.007905e+00	7.753621e-06	3.792593e-06	3.961027e-06	-8.421707e-08	-1.938037e-06	5.039517e-01	2.558937e-07	5.039519e-01	-5.039516e-01
636.59394525509731	2.015768e+00	1.007882e+00	1.007886e+00	7.737365e-06	3.783721e-06	3.953644e-06	-8.496135e-08	-1.933936e-06	5.039421e-01	2.556969e-07	5.039422e-01	-5.039420e-01
637.20351862958807	2.015730e+00	1.007863e+00	1.007867e+00	7.731533e-06	3.780059e-06	3.951474e-06	-8.570727e-08	-1.932523e-06	5.039325e-01	2.555075e-07	5.039326e-01	-5.039323e-01
637.81309620910747	2.015691e+00	1.007844e+00	1.007848e+00	7.730346e-06	3.778716e-06	3.951631e-06	-8.645762e-08	-1.932164e-06	5.039229e-01	2.553344e-07	5.039230e-01	-5.039228e-01
638.42267798216517	2.015653e+00	1.007825e+00	1.007828e+00	7.704341e-06	3.764961e-06	3.939380e-06	-8.720949e-08	-1.925590e-06	5.039133e-01	2.550838e-07	5.039134e-01	-5.039132e-01
639.03226393735019	2.015615e+00	1.007806e+00	1.007809e+00	7.705892e-06	3.764982e-06	3.940910e-06	-8.796429e-08	-1.926036e-06	5.039038e-01	2.548405e-07	5.039039e-01	-5.039037e-01
639.64185406327022	2.015577e+00	1.007787e+00	1.007790e+00	7.700594e-06	3.761572e-06	3.939022e-06	-8.872523e-08	-1.924762e-06	5.038943e-01	2.546176e-07	5.038944e-01	-5.038942e-01
640.25144834849834	2.015539e+00	1.007768e+00	1.007771e+00	7.708217e-06	3.764618e-06	3.943599e-06	-8.949032e-08	-1.926640e-06	5.038848e-01	2.544136e-07	5.038849e-01	-5.038847e-01
640.86104678164202	2.015501e+00	1.007748e+00	1.007752e+00	7.750534e-06	3.785007e-06	3.965528e-06	-9.026040e-08	-1.938346e-06	5.038752e-01	2.541905e-07	5.038753e-01	-5.038751e-01
641.47064935132585	2.015463e+00	1.007730e+00	1.007733e+00	7.647667e-06	3.732792e-06	3.914874e-06	-9.104106e-08	-1.911996e-06	5.038658e-01	2.540884e-07	5.038659e-01	-5.038657e-01
642.08025604603779	2.015426e+00	1.007711e+00	1.007715e+00	7.687592e-06	3.751994e-06	3.935598e-06	-9.180230e-08	-1.921522e-06	5.038566e-01	2.538083e-07	5.038567e-01	-5.038564e-01
642.68986685481036	2.015389e+00	1.007692e+00	1.007696e+00	7.625900e-06	3.720371e-06	3.905529e-06	-9.257881e-08	-1.906066e-06	5.038472e-01	2.535244e-07	5.038473e-01	-5.038470e-01
643.299481766133	2.015351e+00	1.007674e+00	1.007677e+00	7.551335e-06	3.682304e-06	3.869031e-06	-9.336370e-08	-1.887462e-06	5.038378e-01	2.532837e-07	5.038379e-01	-5.038377e-01
643.90910076888292	2.015314e+00	1.007655e+00	1.007659e+00	7.518072e-06	3.664885e-06	3.853187e-06	-9.415075e-08	-1.879119e-06	5.038285e-01	2.530454e-07	5.038286e-01	-5.038283e-01
644.51872385189972	2.015277e+00	1.007636e+00	1.007640e+00	7.506452e-06	3.658289e-06	3.848162e-06	-9.493661e-08	-1.876269e-06	5.038192e-01	2.528140e-07	5.038193e-01	-5.038191e-01
645.12835100395023	2.015240e+00	1.007618e+00	1.007622e+00	7.500896e-06	3.654717e-06	3.846179e-06	-9.573109e-08	-1.874840e-06	5.038099e-01	2.525756e-07	5.038101e-01	-5.038098e-01
645.73798221380434	2.015203e+00	1.007599e+00	1.007603e+00	7.481062e-06	3.644005e-06	3.837057e-06	-9.652630e-08	-1.869947e-06	5.038007e-01	2.523409e-07	5.038008e-01	-5.038006e-01
646.34761747026437	2.015166e+00	1.007581e+00	1.007585e+00	7.464006e-06	3.634679e-06	3.829328e-06	-9.732441e-08	-1.865821e-06	5.037915e-01	2.522260e-07	5.037916e-01	-5.037914e-01
646.95725676217376	2.015129e+00	1.007563e+00	1.007566e+00	7.453562e-06	3.628655e-06	3.824907e-06	-9.812599e-08	-1.863254e-06	5.037823e-01	2.521069e-07	5.037824e-01	-5.037822e-01
647.56690007838972	2.015092e+00	1.007544e+00	1.007548e+00	7.434021e-06	3.618079e-06	3.815942e-06	-9.893167e-08	-1.858324e-06	5.037731e-01	2.519710e-07	5.037733e-01	-5.037730e-01
648.17654740778789	2.015056e+00	1.007526e+00	1.007530e+00	7.410283e-06	3.605403e-06	3.804880e-06	-9.973817e-08	-1.852432e-06	5.037640e-01	2.518201e-07	5.037641e-01	-5.037639e-01
648.78619873927107	2.015019e+00	1.007508e+00	1.007512e+00	7.386181e-06	3.592544e-06	3.793638e-06	-1.005470e-07	-1.846559e-06	5.037549e-01	2.517920e-07	5.037550e-01	-5.037548e-01
649.39585406177866	2.014983e+00	1.007490e+00	1.007493e+00	7.348068e-06	3.572674e-06	3.775394e-06	-1.013598e-07	-1.837035e-06	5.037458e-01	2.517336e-07	5.037459e-01	-5.037457e-01
650.00551336426781	2.014947e+00	1.007472e+00	1.007475e+00	7.317407e-06	3.556529e-06	3.760878e-06	-1.021742e-07	-1.829322e-06	5.037368e-01	2.516545e-07	5.037369e-01	-5.037366e-01
650.61517663570828	2.014911e+00	1.007453e+00	1.007457e+00	7.347294e-06	3.570657e-06	3.776636e-06	-1.029894e-07	-1.836691e-06	5.037277e-01	2.515865e-07	5.037278e-01	-5.037276e-01
651.22484386509677	2.014875e+00	1.007435e+00	1.007439e+00	7.298460e-06	3.545412e-06	3.753048e-06	-1.038182e-07	-1.824273e-06	5.037187e-01	2.513455e-07	5.037188e-01	-5.037186e-01
651.83451504142772	2.014839e+00	1.007418e+00	1.007421e+00	7.278297e-06	3.534511e-06	3.743786e-06	-1.046372e-07	-1.819295e-06	5.037097e-01	2.511008e-07	5.037099e-01	-5.037096e-01
652.44419015375342	2.014803e+00	1.007400e+00	1.007403e+00	7.251257e-06	3.520166e-06	3.731090e-06	-1.054619e-07	-1.812576e-06	5.037008e-01	2.508506e-07	5.037009e-01	-5.037007e-01
653.05386919113312	2.014767e+00	1.007382e+00	1.007385e+00	7.205085e-06	3.496258e-06	3.708828e-06	-1.062848e-07	-1.801084e-06	5.036919e-01	2.506229e-07	5.036920e-01	-5.036917e-01
653.66355214266071	2.014732e+00	1.007364e+00	1.007368e+00	7.180266e-06	3.483023e-06	3.697244e-06	-1.071105e-07	-1.794759e-06	5.036829e-01	2.504638e-07	5.036831e-01	-5.036828e-01
654.27323899744715	2.014697e+00	1.007347e+00	1.007350e+00	7.269778e-06	3.526937e-06	3.742841e-06	-1.079518e-07	-1.816608e-06	5.036742e-01	2.502323e-07	5.036744e-01	-5.036741e-01
654.88292974455783	2.014661e+00	1.007329e+00	1.007332e+00	7.214940e-06	3.498667e-06	3.716273e-06	-1.088028e-07	-1.803800e-06	5.036652e-01	2.501610e-07	5.036654e-01	-5.036651e-01
655.49262437342838	2.014625e+00	1.007311e+00	1.007315e+00	7.188799e-06	3.484769e-06	3.704030e-06	-1.096301e-07	-1.797274e-06	5.036564e-01	2.499636e-07	5.036565e-01	-5.036563e-01
656.10232287292399	2.014590e+00	1.007293e+00	1.007297e+00	7.152353e-06	3.465709e-06	3.686644e-06	-1.104675e-07	-1.788115e-06	5.036476e-01	2.498145e-07	5.036477e-01	-5.036475e-01
656.71202523228612	2.014555e+00	1.007276e+00	1.007279e+00	7.159359e-06	3.468370e-06	3.690988e-06	-1.113090e-07	-1.789966e-06	5.036388e-01	2.496588e-07	5.036390e-01	-5.036387e-01
657.32173144074477	2.014520e+00	1.007258e+00	1.007262e+00	7.134914e-06	3.455301e-06	3.679613e-06	-1.121558e-07	-1.783755e-06	5.036301e-01	2.494970e-07	5.036302e-01	-5.036300e-01
657.93144148756801	2.014485e+00	1.007241e+00	1.007244e+00	7.105002e-06	3.439500e-06	3.665502e-06	-1.130008e-07	-1.776358e-06	5.036214e-01	2.493631e-07	5.036215e-01	-5.036213e-01
658.54115536203483	2.014451e+00	1.007224e+00	1.007227e+00	7.082791e-06	3.427542e-06	3.655249e-06	-1.138537e-07	-1.770772e-06	5.036127e-01	2.492074e-07	5.036128e-01	-5.036126e-01
659.15087305344002	2.014416e+00	1.007206e+00	1.007210e+00	7.053563e-06	3.412084e-06	3.641479e-06	-1.146978e-07	-1.763537e-06	5.036040e-01	2.490941e-07	5.036041e-01	-5.036039e-01
659.76059455113079	2.014381e+00	1.007189e+00	1.007192e+00	7.030620e-06	3.399760e-06	3.630859e-06	-1.155496e-07	-1.757750e-06	5.035954e-01	2.489350e-07	5.035955e-01	-5.035952e-01
660.37031984443183	2.014347e+00	1.007172e+00	1.007175e+00	7.012894e-06	3.390051e-06	3.622844e-06	-1.163963e-07	-1.753395e-06	5.035867e-01	2.488190e-07	5.035869e-01	-5.035866e-01
660.98004892273525	2.014312e+00	1.007154e+00	1.007158e+00	6.990549e-06	3.378025e-06	3.612524e-06	-1.172495e-07	-1.747744e-06	5.035781e-01	2.486661e-07	5.035783e-01	-5.035780e-01
661.58978177541564	2.014278e+00	1.007137e+00	1.007141e+00	6.971669e-06	3.367736e-06	3.603933e-06	-1.180986e-07	-1.743121e-06	5.035696e-01	2.485674e-07	5.035697e-01	-5.035694e-01
662.19951839189889	2.014244e+00	1.007120e+00	1.007124e+00	6.962929e-06	3.362510e-06	3.600419e-06	-1.189544e-07	-1.740856e-06	5.035610e-01	2.484202e-07	5.035611e-01	-5.035609e-01
662.809258761602	2.014210e+00	1.007103e+00	1.007107e+00	6.922216e-06	3.341302e-06	3.580914e-06	-1.198056e-07	-1.730772e-06	5.035525e-01	2.483143e-07	5.035526e-01	-5.035524e-01
663.4190028740062	2.014177e+00	1.007087e+00	1.007090e+00	6.844956e-06	3.301819e-06	3.543137e-06	-1.206587e-07	-1.711811e-06	5.035442e-01	2.480993e-07	5.035443e-01	-5.035441e-01
664.02875071862979	2.014142e+00	1.007069e+00	1.007073e+00	6.792109e-06	3.274460e-06	3.517648e-06	-1.215939e-07	-1.698200e-06	5.035355e-01	2.480063e-07	5.035356e-01	-5.035354e-01
664.63850228499541	2.014108e+00	1.007052e+00	1.007056e+00	6.762226e-06	3.258731e-06	3.503494e-06	-1.223816e-07	-1.690770e-06	5.035271e-01	2.478868e-07	5.035272e-01	-5.035269e-01
665.24825756269627	2.014074e+00	1.007036e+00	1.007039e+00	6.739334e-06	3.246443e-06	3.492891e-06	-1.232236e-07	-1.685110e-06	5.035186e-01	2.478089e-07	5.035188e-01	-5.035185e-01
665.85801654130603	2.014041e+00	1.007019e+00	1.007022e+00	6.712190e-06	3.232016e-06	3.480174e-06	-1.240790e-07	-1.678272e-06	5.035102e-01	2.476922e-07	5.035104e-01	-5.035101e-01
666.46777921040189	2.014007e+00	1.007002e+00	1.007005e+00	6.691935e-06	3.221036e-06	3.470898e-06	-1.249309e-07	-1.673305e-06	5.035018e-01	2.475867e-07	5.035019e-01	-5.035017e-01
667.07754555951374	2.013974e+00	1.006985e+00	1.006989e+00	6.657447e-06	3.202940e-06	3.454507e-06	-1.257837e-07	-1.664586e-06	5.034935e-01	2.474979e-07	5.034936e-01	-5.034934e-01
667.68731557848935	2.013941e+00	1.006969e+00	1.006972e+00	6.624676e-06	3.185695e-06	3.438981e-06	-1.266432e-07	-1.656484e-06	5.034852e-01	2.474044e-07	5.034853e-01	-5.034850e-01
668.29708925686373	2.013907e+00	1.006952e+00	1.006955e+00	6.592793e-06	3.168893e-06	3.423900e-06	-1.275036e-07	-1.648474e-06	5.034769e-01	2.473057e-07	5.034770e-01	-5.034767e-01
668.90686658436505	2.013874e+00	1.006935e+00	1.006939e+00	6.574749e-06	3.159017e-06	3.415732e-06	-1.283579e-07	-1.644097e-06	5.034685e-01	2.472343e-07	5.034686e-01	-5.034684e-01
669.51664755062427	2.013841e+00	1.006919e+00	1.006922e+00	6.533879e-06	3.137728e-06	3.396151e-06	-1.292116e-07	-1.633761e-06	5.034603e-01	2.471829e-07	5.034604e-01	-5.034602e-01
670.12643214560308	2.013808e+00	1.006902e+00	1.006906e+00	6.517684e-06	3.128767e-06	3.388917e-06	-1.300752e-07	-1.629830e-06	5.034520e-01	2.470741e-07	5.034521e-01	-5.034519e-01
670.73622035883966	2.013775e+00	1.006886e+00	1.006889e+00	6.476479e-06	3.107313e-06	3.369166e-06	-1.309269e-07	-1.619393e-06	5.034439e-01	2.470078e-07	5.034440e-01	-5.034438e-01
671.3460121803721	2.013743e+00	1.006870e+00	1.006873e+00	6.429453e-06	3.082935e-06	3.346518e-06	-1.317913e-07	-1.607729e-06	5.034357e-01	2.469118e-07	5.034358e-01	-5.034356e-01
671.95580759989741	2.013710e+00	1.006853e+00	1.006857e+00	6.385680e-06	3.060191e-06	3.325489e-06	-1.326493e-07	-1.596731e-06	5.034275e-01	2.468272e-07	5.034276e-01	-5.034274e-01
672.56560660730258	2.013677e+00	1.006837e+00	1.006840e+00	6.356965e-06	3.044979e-06	3.311986e-06	-1.335033e-07	-1.589773e-06	5.034193e-01	2.468047e-07	5.034194e-01	-5.034192e-01
673.17540919240423	2.013645e+00	1.006821e+00	1.006824e+00	6.318535e-06	3.024908e-06	3.293627e-06	-1.343593e-07	-1.580060e-06	5.034112e-01	2.467578e-07	5.034113e-01	-5.034111e-01
673.7852153452335	2.013612e+00	1.006805e+00	1.006808e+00	6.283345e-06	3.006458e-06	3.276887e-06	-1.352144e-07	-1.571332e-06	5.034031e-01	2.467012e-07	5.034032e-01	-5.034030e-01
674.39502505567623	2.013580e+00	1.006788e+00	1.006792e+00	6.264390e-06	2.996123e-06	3.268267e-06	-1.360720e-07	-1.566549e-06	5.033950e-01	2.466344e-07	5.033952e-01	-5.033949e-01
675.00483831369138	2.013548e+00	1.006772e+00	1.006775e+00	6.210276e-06	2.968210e-06	3.242066e-06	-1.369279e-07	-1.553094e-06	5.033870e-01	2.466087e-07	5.033871e-01	-5.033869e-01
675.61465510924575	2.013517e+00	1.006757e+00	1.006760e+00	6.148429e-06	2.936430e-06	3.211999e-06	-1.377843e-07	-1.537634e-06	5.033792e-01	2.464877e-07	5.033793e-01	-5.033791e-01
676.22447543242868	2.013484e+00	1.006741e+00	1.006744e+00	6.129338e-06	2.926000e-06	3.203339e-06	-1.386696e-07	-1.533000e-06	5.033711e-01	2.464285e-07	5.033713e-01	-5.033710e-01
676.83429927314273	2.013453e+00	1.006725e+00	1.006728e+00	6.190388e-06	2.955698e-06	3.234691e-06	-1.394966e-07	-1.548180e-06	5.033632e-01	2.463262e-07	5.033633e-01	-5.033631e-01
677.44412662145066	2.013420e+00	1.006708e+00	1.006711e+00	6.087363e-06	2.903300e-06	3.184063e-06	-1.403814e-07	-1.522619e-06	5.033550e-01	2.462501e-07	5.033551e-01	-5.033549e-01
678.05395746761417	2.013388e+00	1.006693e+00	1.006696e+00	6.050445e-06	2.884056e-06	3.166389e-06	-1.411667e-07	-1.513318e-06	5.033471e-01	2.462212e-07	5.033472e-01	-5.033470e-01
678.6637918015731	2.013357e+00	1.006677e+00	1.006680e+00	5.952823e-06	2.834392e-06	3.118431e-06	-1.420193e-07	-1.488834e-06	5.033392e-01	2.461611e-07	5.033393e-01	-5.033391e-01
679.2736296136103	2.013325e+00	1.006661e+00	1.006664e+00	5.982713e-06	2.848484e-06	3.134229e-06	-1.428722e-07	-1.496304e-06	5.033313e-01	2.461560e-07	5.033314e-01	-5.033312e-01
679.88347089382762	2.013293e+00	1.006645e+00	1.006648e+00	5.994858e-06	2.853701e-06	3.141157e-06	-1.437281e-07	-1.499556e-06	5.033234e-01	2.461404e-07	5.033235e-01	-5.033233e-01
680.49331563235398	2.013262e+00	1.006630e+00	1.006633e+00	5.959466e-06	2.835154e-06	3.124312e-06	-1.445790e-07	-1.490584e-06	5.033156e-01	2.461512e-07	5.033157e-01	-5.033154e-01
681.10316381951259	2.013231e+00	1.006614e+00	1.006617e+00	5.920029e-06	2.814581e-06	3.105449e-06	-1.454340e-07	-1.480799e-06	5.033077e-01	2.461208e-07	5.033079e-01	-5.033076e-01
681.71301544555433	2.013200e+00	1.006598e+00	1.006601e+00	5.875236e-06	2.791334e-06	3.083901e-06	-1.462834e-07	-1.469501e-06	5.032999e-01	2.461074e-07	5.033001e-01	-5.032998e-01
682.32287050077275	2.013168e+00	1.006583e+00	1.006586e+00	5.831958e-06	2.768845e-06	3.063112e-06	-1.471333e-07	-1.458706e-06	5.032922e-01	2.460461e-07	5.032923e-01	-5.032920e-01
682.93272897547854	2.013138e+00	1.006567e+00	1.006570e+00	5.780468e-06	2.742256e-06	3.038211e-06	-1.479774e-07	-1.445750e-06	5.032844e-01	2.460222e-07	5.032845e-01	-5.032843e-01
683.54259086001161	2.013107e+00	1.006552e+00	1.006555e+00	5.724717e-06	2.713536e-06	3.011181e-06	-1.488221e-07	-1.431816e-06	5.032767e-01	2.459955e-07	5.032768e-01	-5.032766e-01
684.15245614484752	2.013076e+00	1.006536e+00	1.006539e+00	5.681375e-06	2.691025e-06	2.990351e-06	-1.496629e-07	-1.420921e-06	5.032689e-01	2.459470e-07	5.032691e-01	-5.032688e-01
684.76232482023499	2.013045e+00	1.006521e+00	1.006524e+00	5.650411e-06	2.674704e-06	2.975707e-06	-1.505014e-07	-1.413254e-06	5.032613e-01	2.459310e-07	5.032614e-01	-5.032612e-01
685.37219687670301	2.013014e+00	1.006506e+00	1.006509e+00	5.610253e-06	2.653783e-06	2.956470e-06	-1.513437e-07	-1.403173e-06	5.032536e-01	2.459170e-07	5.032537e-01	-5.032535e-01
685.98207230468324	2.012984e+00	1.006490e+00	1.006493e+00	5.570782e-06	2.633213e-06	2.937568e-06	-1.521777e-07	-1.393361e-06	5.032460e-01	2.458533e-07	5.032461e-01	-5.032458e-01
686.59195109465008	2.012953e+00	1.006475e+00	1.006478e+00	5.520586e-06	2.607280e-06	2.913306e-06	-1.530129e-07	-1.380648e-06	5.032384e-01	2.458417e-07	5.032385e-01	-5.032383e-01
687.20183323716435	2.012923e+00	1.006460e+00	1.006463e+00	5.495105e-06	2.593708e-06	2.901398e-06	-1.538451e-07	-1.374418e-06	5.032307e-01	2.457517e-07	5.032309e-01	-5.032306e-01
687.81171872260632	2.012893e+00	1.006445e+00	1.006448e+00	5.458183e-06	2.574417e-06	2.883766e-06	-1.546742e-07	-1.365112e-06	5.032232e-01	2.457348e-07	5.032233e-01	-5.032230e-01
688.42160754161227	2.012862e+00	1.006430e+00	1.006432e+00	5.421030e-06	2.555009e-06	2.866022e-06	-1.555064e-07	-1.355886e-06	5.032156e-01	2.456877e-07	5.032157e-01	-5.032155e-01
689.03149968476589	2.012832e+00	1.006415e+00	1.006417e+00	5.361266e-06	2.524305e-06	2.836960e-06	-1.563274e-07	-1.340764e-06	5.032081e-01	2.456814e-07	5.032082e-01	-5.032080e-01
689.64139514278247	2.012802e+00	1.006400e+00	1.006402e+00	5.335141e-06	2.510420e-06	2.824721e-06	-1.571507e-07	-1.334353e-06	5.032005e-01	2.455759e-07	5.032006e-01	-5.032004e-01
690.25129390613563	2.012772e+00	1.006385e+00	1.006387e+00	5.296537e-06	2.490296e-06	2.806241e-06	-1.579726e-07	-1.324636e-06	5.031930e-01	2.455368e-07	5.031932e-01	-5.031929e-01
690.86119596558842	2.012742e+00	1.006370e+00	1.006372e+00	5.253365e-06	2.467887e-06	2.785478e-06	-1.587954e-07	-1.313921e-06	5.031856e-01	2.454769e-07	5.031857e-01	-5.031854e-01
691.47110131182058	2.012712e+00	1.006355e+00	1.006357e+00	5.199823e-06	2.440300e-06	2.759523e-06	-1.596111e-07	-1.300453e-06	5.031781e-01	2.454343e-07	5.031782e-01	-5.031780e-01
692.08100993557116	2.012683e+00	1.006340e+00	1.006343e+00	5.159848e-06	2.419496e-06	2.740352e-06	-1.604278e-07	-1.290526e-06	5.031707e-01	2.453692e-07	5.031708e-01	-5.031706e-01
692.69092182757879	2.012653e+00	1.006325e+00	1.006328e+00	5.110395e-06	2.393960e-06	2.716435e-06	-1.612377e-07	-1.278081e-06	5.031633e-01	2.453183e-07	5.031634e-01	-5.031631e-01
693.30083697863529	2.012623e+00	1.006310e+00	1.006313e+00	5.080542e-06	2.378222e-06	2.702320e-06	-1.620492e-07	-1.270642e-06	5.031559e-01	2.452106e-07	5.031560e-01	-5.031558e-01
693.91075537954794	2.012594e+00	1.006296e+00	1.006298e+00	5.048259e-06	2.361275e-06	2.686985e-06	-1.628551e-07	-1.262518e-06	5.031485e-01	2.451556e-07	5.031486e-01	-5.031484e-01
694.52067702112856	2.012565e+00	1.006281e+00	1.006284e+00	5.014583e-06	2.343629e-06	2.670954e-06	-1.636626e-07	-1.254156e-06	5.031412e-01	2.450639e-07	5.031413e-01	-5.031410e-01
695.13060189423572	2.012535e+00	1.006266e+00	1.006269e+00	4.973280e-06	2.322176e-06	2.651104e-06	-1.644640e-07	-1.243788e-06	5.031338e-01	2.450304e-07	5.031340e-01	-5.031337e-01
695.7405299897647	2.012506e+00	1.006252e+00	1.006254e+00	4.932627e-06	2.301048e-06	2.631579e-06	-1.652657e-07	-1.233685e-06	5.031265e-01	2.449465e-07	5.031266e-01	-5.031264e-01
696.3504612986228	2.012477e+00	1.006237e+00	1.006240e+00	4.897314e-06	2.282595e-06	2.614719e-06	-1.660622e-07	-1.224787e-06	5.031192e-01	2.448921e-07	5.031194e-01	-5.031191e-01
696.96039581176478	2.012448e+00	1.006223e+00	1.006225e+00	4.858312e-06	2.262295e-06	2.596017e-06	-1.668612e-07	-1.215576e-06	5.031120e-01	2.448487e-07	5.031121e-01	-5.031119e-01
697.57033352022086	2.012419e+00	1.006208e+00	1.006211e+00	4.810721e-06	2.237700e-06	2.573021e-06	-1.676604e-07	-1.203257e-06	5.031047e-01	2.447553e-07	5.031048e-01	-5.031046e-01
698.18027441484583	2.012391e+00	1.006194e+00	1.006196e+00	4.738528e-06	2.200816e-06	2.537712e-06	-1.684478e-07	-1.185390e-06	5.030977e-01	2.446950e-07	5.030978e-01	-5.030975e-01
698.79021848681009	2.012361e+00	1.006179e+00	1.006182e+00	4.687306e-06	2.174388e-06	2.512918e-06	-1.692652e-07	-1.172315e-06	5.030903e-01	2.445374e-07	5.030904e-01	-5.030902e-01
699.40016572699369	2.012332e+00	1.006165e+00	1.006167e+00	4.651765e-06	2.155859e-06	2.495906e-06	-1.700233e-07	-1.163539e-06	5.030831e-01	2.444828e-07	5.030832e-01	-5.030830e-01
700.01011612664627	2.012304e+00	1.006151e+00	1.006153e+00	4.621004e-06	2.139694e-06	2.481310e-06	-1.708076e-07	-1.155680e-06	5.030760e-01	2.443169e-07	5.030761e-01	-5.030759e-01
700.62006967673085	2.012275e+00	1.006136e+00	1.006139e+00	4.581923e-06	2.119401e-06	2.462522e-06	-1.715602e-07	-1.145860e-06	5.030688e-01	2.442702e-07	5.030689e-01	-5.030687e-01
701.23002636849617	2.012247e+00	1.006122e+00	1.006125e+00	4.538549e-06	2.096949e-06	2.441600e-06	-1.723257e-07	-1.136479e-06	5.030618e-01	2.443596e-07	5.030619e-01	-5.030617e-01
701.8399861932885	2.012219e+00	1.006108e+00	1.006111e+00	4.640649e-06	2.147172e-06	2.493476e-06	-1.731518e-07	-1.162241e-06	5.030548e-01	2.442485e-07	5.030549e-01	-5.030546e-01
702.44994914212373	2.012190e+00	1.006094e+00	1.006096e+00	4.542227e-06	2.097159e-06	2.445068e-06	-1.739547e-07	-1.136742e-06	5.030476e-01	2.441687e-07	5.030477e-01	-5.030475e-01
703.05991520595717	2.012163e+00	1.006080e+00	1.006082e+00	4.350917e-06	2.000780e-06	2.350137e-06	-1.746784e-07	-1.089598e-06	5.030407e-01	2.440863e-07	5.030408e-01	-5.030405e-01
703.66988437627845	2.012134e+00	1.006066e+00	1.006068e+00	4.299906e-06	1.974488e-06	2.325418e-06	-1.754650e-07	-1.075320e-06	5.030334e-01	2.439621e-07	5.030336e-01	-5.030333e-01
704.27985664421715	2.012106e+00	1.006052e+00	1.006054e+00	4.265857e-06	1.956754e-06	2.309102e-06	-1.761742e-07	-1.066773e-06	5.030264e-01	2.438426e-07	5.030265e-01	-5.030263e-01
704.88983200126688	2.012078e+00	1.006038e+00	1.006040e+00	4.220388e-06	1.933272e-06	2.287116e-06	-1.769220e-07	-1.055521e-06	5.030194e-01	2.437512e-07	5.030195e-01	-5.030193e-01
705.49981043873618	2.012050e+00	1.006024e+00	1.006026e+00	4.175305e-06	1.909978e-06	2.265327e-06	-1.776746e-07	-1.044092e-06	5.030124e-01	2.436420e-07	5.030126e-01	-5.030123e-01
706.10979194798335	2.012022e+00	1.006010e+00	1.006012e+00	4.113477e-06	1.878318e-06	2.235160e-06	-1.784211e-07	-1.028786e-06	5.030055e-01	2.435533e-07	5.030056e-01	-5.030054e-01
706.71977652040653	2.011994e+00	1.005996e+00	1.005998e+00	4.071004e-06	1.856334e-06	2.214670e-06	-1.791681e-07	-1.019171e-06	5.029986e-01	2.434618e-07	5.029987e-01	-5.029985e-01
707.32976414745951	2.011967e+00	1.005983e+00	1.005985e+00	4.114395e-06	1.877266e-06	2.237128e-06	-1.799310e-07	-1.029924e-06	5.029918e-01	2.434413e-07	5.029919e-01	-5.029917e-01
707.93975482048552	2.011939e+00	1.005969e+00	1.005971e+00	4.151080e-06	1.894863e-06	2.256217e-06	-1.806772e-07	-1.039638e-06	5.029848e-01	2.433676e-07	5.029850e-01	-5.029847e-01
708.54974853087219	2.011912e+00	1.005955e+00	1.005957e+00	4.022439e-06	1.829776e-06	2.192663e-06	-1.814432e-07	-1.007405e-06	5.029779e-01	2.432906e-07	5.029781e-01	-5.029778e-01
709.15974527018398	2.011884e+00	1.005941e+00	1.005943e+00	3.888025e-06	1.761845e-06	2.126179e-06	-1.821671e-07	-9.738729e-07	5.029711e-01	2.432344e-07	5.029712e-01	-5.029710e-01
709.76974502999758	2.011857e+00	1.005928e+00	1.005929e+00	3.969113e-06	1.801660e-06	2.167453e-06	-1.828961e-07	-9.936732e-07	5.029643e-01	2.431152e-07	5.029644e-01	-5.029642e-01
710.37974780182947	2.011829e+00	1.005913e+00	1.005915e+00	3.907495e-06	1.770143e-06	2.137353e-06	-1.836050e-07	-9.772698e-07	5.029573e-01	2.429990e-07	5.029574e-01	-5.029571e-01
710.98975357719939	2.011802e+00	1.005900e+00	1.005902e+00	3.867461e-06	1.749431e-06	2.118030e-06	-1.842993e-07	-9.672321e-07	5.029504e-01	2.429010e-07	5.029505e-01	-5.029503e-01
711.59976234792578	2.011774e+00	1.005886e+00	1.005888e+00	3.866840e-06	1.748420e-06	2.118420e-06	-1.850002e-07	-9.671960e-07	5.029436e-01	2.428132e-07	5.029438e-01	-5.029435e-01
712.20977410563785	2.011747e+00	1.005873e+00	1.005875e+00	3.727167e-06	1.677870e-06	2.049297e-06	-1.857133e-07	-9.320745e-07	5.029369e-01	2.427236e-07	5.029370e-01	-5.029367e-01
712.81978884195962	2.011720e+00	1.005859e+00	1.005861e+00	3.602439e-06	1.614801e-06	1.987638e-06	-1.864187e-07	-9.010671e-07	5.029301e-01	2.426456e-07	5.029303e-01	-5.029300e-01
713.42980654859105	2.011693e+00	1.005846e+00	1.005848e+00	3.569397e-06	1.597578e-06	1.971819e-06	-1.871209e-07	-8.926691e-07	5.029234e-01	2.425578e-07	5.029235e-01	-5.029233e-01
714.03982721725686	2.011667e+00	1.005832e+00	1.005834e+00	3.516248e-06	1.570311e-06	1.945937e-06	-1.878132e-07	-8.795501e-07	5.029167e-01	2.424893e-07	5.029168e-01	-5.029166e-01
714.64985083971374	2.011640e+00	1.005819e+00	1.005821e+00	3.547098e-06	1.585042e-06	1.962056e-06	-1.885068e-07	-8.871106e-07	5.029100e-01	2.423943e-07	5.029101e-01	-5.029099e-01
715.25987740764151	2.011613e+00	1.005806e+00	1.005807e+00	3.460297e-06	1.540955e-06	1.919342e-06	-1.891930e-07	-8.655644e-07	5.029033e-01	2.423227e-07	5.029034e-01	-5.029032e-01
715.86990691286303	2.011587e+00	1.005792e+00	1.005794e+00	3.431477e-06	1.525862e-06	1.905615e-06	-1.898767e-07	-8.592612e-07	5.028967e-01	2.422480e-07	5.028968e-01	-5.028966e-01
716.4799393472864	2.011560e+00	1.005779e+00	1.005781e+00	3.444583e-06	1.531714e-06	1.912869e-06	-1.905772e-07	-8.626336e-07	5.028901e-01	2.422237e-07	5.028902e-01	-5.028900e-01
717.08997470262977	2.011533e+00	1.005766e+00	1.005768e+00	3.429418e-06	1.523446e-06	1.905972e-06	-1.912634e-07	-8.587426e-07	5.028834e-01	2.421064e-07	5.028835e-01	-5.028833e-01
717.70001297080159	2.011507e+00	1.005753e+00	1.005754e+00	3.207437e-06	1.411797e-06	1.795640e-06	-1.919215e-07	-8.023420e-07	5.028768e-01	2.420604e-07	5.028769e-01	-5.028767e-01
718.31005414374386	2.011481e+00	1.005740e+00	1.005741e+00	3.176647e-06	1.395755e-06	1.780892e-06	-1.925683e-07	-7.945391e-07	5.028702e-01	2.419696e-07	5.028703e-01	-5.028701e-01
718.92009821346596	2.011454e+00	1.005726e+00	1.005728e+00	3.195650e-06	1.404604e-06	1.791046e-06	-1.932209e-07	-8.004487e-07	5.028636e-01	2.419004e-07	5.028637e-01	-5.028635e-01
719.53014517195925	2.011428e+00	1.005713e+00	1.005715e+00	3.116149e-06	1.364189e-06	1.751960e-06	-1.938855e-07	-7.793879e-07	5.028571e-01	2.418511e-07	5.028572e-01	-5.028569e-01
720.14019501110874	2.011402e+00	1.005700e+00	1.005702e+00	3.098618e-06	1.354792e-06	1.743826e-06	-1.945167e-07	-7.761318e-07	5.028506e-01	2.417833e-07	5.028507e-01	-5.028504e-01
720.75024772303084	2.011376e+00	1.005687e+00	1.005689e+00	3.049529e-06	1.329588e-06	1.719942e-06	-1.951770e-07	-7.637720e-07	5.028440e-01	2.417437e-07	5.028442e-01	-5.028439e-01
721.36030329967264	2.011350e+00	1.005674e+00	1.005676e+00	2.963680e-06	1.286021e-06	1.677659e-06	-1.958187e-07	-7.413591e-07	5.028375e-01	2.416409e-07	5.028377e-01	-5.028374e-01
721.97036173312779	2.011324e+00	1.005661e+00	1.005663e+00	2.936397e-06	1.271773e-06	1.664624e-06	-1.964256e-07	-7.355874e-07	5.028311e-01	2.416015e-07	5.028312e-01	-5.028309e-01
722.58042301560897	2.011298e+00	1.005648e+00	1.005650e+00	2.840382e-06	1.223123e-06	1.617259e-06	-1.970683e-07	-7.114940e-07	5.028246e-01	2.415306e-07	5.028247e-01	-5.028245e-01
723.19048713923428	2.011273e+00	1.005636e+00	1.005637e+00	2.855314e-06	1.229972e-06	1.625342e-06	-1.976850e-07	-7.152985e-07	5.028182e-01	2.415202e-07	5.028183e-01	-5.028181e-01
723.80055409611998	2.011247e+00	1.005623e+00	1.005624e+00	2.877838e-06	1.240613e-06	1.637225e-06	-1.983063e-07	-7.208452e-07	5.028118e-01	2.414322e-07	5.028119e-01	-5.028116e-01
724.4106238782631	2.011221e+00	1.005610e+00	1.005611e+00	2.786000e-06	1.194084e-06	1.591916e-06	-1.989158e-07	-6.965518e-07	5.028054e-01	2.412704e-07	5.028055e-01	-5.028052e-01
725.02069647739313	2.011196e+00	1.005597e+00	1.005599e+00	2.770220e-06	1.185631e-06	1.584589e-06	-1.994787e-07	-6.935697e-07	5.027990e-01	2.412737e-07	5.027991e-01	-5.027989e-01
725.63077188632144	2.011170e+00	1.005584e+00	1.005586e+00	2.691531e-06	1.145666e-06	1.545865e-06	-2.000992e-07	-6.730498e-07	5.027926e-01	2.412126e-07	5.027927e-01	-5.027925e-01
726.24085009721296	2.011145e+00	1.005572e+00	1.005573e+00	2.683948e-06	1.141302e-06	1.542646e-06	-2.006722e-07	-6.720184e-07	5.027862e-01	2.411268e-07	5.027864e-01	-5.027861e-01
726.85093110237733	2.011120e+00	1.005559e+00	1.005560e+00	2.633384e-06	1.115405e-06	1.517979e-06	-2.012869e-07	-6.593232e-07	5.027799e-01	2.411322e-07	5.027800e-01	-5.027798e-01
727.46101489401269	2.011094e+00	1.005546e+00	1.005548e+00	2.567556e-06	1.081908e-06	1.485647e-06	-2.018695e-07	-6.429408e-07	5.027736e-01	2.410471e-07	5.027737e-01	-5.027735e-01
728.07110146447042	2.011069e+00	1.005534e+00	1.005535e+00	2.533610e-06	1.064351e-06	1.469259e-06	-2.024538e-07	-6.344093e-07	5.027673e-01	2.410065e-07	5.027674e-01	-5.027672e-01
728.68119080609733	2.011044e+00	1.005521e+00	1.005523e+00	2.513923e-06	1.053940e-06	1.459982e-06	-2.030210e-07	-6.295428e-07	5.027610e-01	2.409275e-07	5.027611e-01	-5.027609e-01
729.29128291128268	2.011019e+00	1.005509e+00	1.005510e+00	2.408364e-06	1.000589e-06	1.407774e-06	-2.035925e-07	-6.034489e-07	5.027549e-01	2.409072e-07	5.027550e-01	-5.027548e-01
729.90137777249538	2.010994e+00	1.005496e+00	1.005498e+00	2.326583e-06	9.591012e-07	1.367482e-06	-2.041904e-07	-5.830570e-07	5.027486e-01	2.408673e-07	5.027487e-01	-5.027484e-01
730.5114753820643	2.010969e+00	1.005484e+00	1.005485e+00	2.293370e-06	9.419546e-07	1.351415e-06	-2.047303e-07	-5.746759e-07	5.027423e-01	2.408516e-07	5.027424e-01	-5.027422e-01
731.12157573253137	2.010944e+00	1.005472e+00	1.005473e+00	2.249445e-06	9.194467e-07	1.329999e-06	-2.052759e-07	-5.637462e-07	5.027361e-01	2.408279e-07	5.027362e-01	-5.027360e-01
731.73167881638517	2.010919e+00	1.005459e+00	1.005460e+00	2.194688e-06	8.915295e-07	1.303159e-06	-2.058146e-07	-5.496695e-07	5.027298e-01	2.407649e-07	5.027300e-01	-5.027297e-01
732.34178462610134	2.010895e+00	1.005447e+00	1.005448e+00	2.096540e-06	8.419319e-07	1.254608e-06	-2.063381e-07	-5.251735e-07	5.027237e-01	2.407097e-07	5.027238e-01	-5.027236e-01
732.95189315428695	2.010870e+00	1.005434e+00	1.005436e+00	2.121856e-06	8.540556e-07	1.267801e-06	-2.068725e-07	-5.318671e-07	5.027175e-01	2.406232e-07	5.027176e-01	-5.027174e-01
733.56200439354802	2.010845e+00	1.005422e+00	1.005423e+00	2.056398e-06	8.208045e-07	1.235594e-06	-2.073946e-07	-5.155126e-07	5.027114e-01	2.405764e-07	5.027115e-01	-5.027113e-01
734.17211833637543	2.010821e+00	1.005410e+00	1.005411e+00	2.045639e-06	8.148958e-07	1.230743e-06	-2.079235e-07	-5.128005e-07	5.027053e-01	2.405297e-07	5.027054e-01	-5.027051e-01
734.78223497536897	2.010797e+00	1.005398e+00	1.005399e+00	2.028611e-06	8.058696e-07	1.222741e-06	-2.084358e-07	-5.082114e-07	5.026992e-01	2.404551e-07	5.026994e-01	-5.026991e-01
735.39235430317365	2.010772e+00	1.005386e+00	1.005387e+00	1.960074e-06	7.710790e-07	1.188995e-06	-2.089581e-07	-4.914958e-07	5.026930e-01	2.404143e-07	5.026932e-01	-5.026929e-01
736.00247631240188	2.010748e+00	1.005373e+00	1.005374e+00	1.903827e-06	7.424632e-07	1.161364e-06	-2.094505e-07	-4.774544e-07	5.026869e-01	2.403687e-07	5.026871e-01	-5.026868e-01
736.6126009958175	2.010723e+00	1.005361e+00	1.005362e+00	1.849171e-06	7.146511e-07	1.134520e-06	-2.099344e-07	-4.637213e-07	5.026809e-01	2.403289e-07	5.026810e-01	-5.026808e-01
737.22272834614819	2.010699e+00	1.005349e+00	1.005350e+00	1.788163e-06	6.836647e-07	1.104499e-06	-2.104170e-07	-4.484809e-07	5.026748e-01	2.402775e-07	5.026749e-01	-5.026747e-01
737.83285835615902	2.010675e+00	1.005337e+00	1.005338e+00	1.714880e-06	6.465500e-07	1.068330e-06	-2.108899e-07	-4.301641e-07	5.026688e-01	2.402231e-07	5.026689e-01	-5.026687e-01
738.44299101867591	2.010651e+00	1.005325e+00	1.005326e+00	1.668700e-06	6.229886e-07	1.045711e-06	-2.113613e-07	-4.186795e-07	5.026628e-01	2.401682e-07	5.026629e-01	-5.026626e-01
739.05312632655148	2.010627e+00	1.005313e+00	1.005314e+00	1.693219e-06	6.347791e-07	1.058440e-06	-2.118302e-07	-4.247350e-07	5.026568e-01	2.401397e-07	5.026569e-01	-5.026567e-01
739.66326427243678	2.010603e+00	1.005301e+00	1.005302e+00	1.675438e-06	6.254238e-07	1.050014e-06	-2.122952e-07	-4.203353e-07	5.026508e-01	2.400996e-07	5.026509e-01	-5.026507e-01
740.27340484896922	2.010579e+00	1.005289e+00	1.005290e+00	1.618587e-06	5.965380e-07	1.022049e-06	-2.127555e-07	-4.060892e-07	5.026449e-01	2.400536e-07	5.026450e-01	-5.026447e-01
740.88354804897051	2.010555e+00	1.005277e+00	1.005278e+00	1.569765e-06	5.716779e-07	9.980868e-07	-2.132045e-07	-3.934990e-07	5.026388e-01	2.399753e-07	5.026390e-01	-5.026387e-01
741.49369386532578	2.010532e+00	1.005266e+00	1.005266e+00	1.530365e-06	5.515482e-07	9.788173e-07	-2.136345e-07	-3.840719e-07	5.026330e-01	2.399511e-07	5.026331e-01	-5.026329e-01
742.10384229102283	2.010508e+00	1.005254e+00	1.005255e+00	1.512908e-06	5.423694e-07	9.705382e-07	-2.140844e-07	-3.796505e-07	5.026271e-01	2.399223e-07	5.026272e-01	-5.026270e-01
742.713993318946	2.010485e+00	1.005242e+00	1.005243e+00	1.332650e-06	4.517886e-07	8.808610e-07	-2.145362e-07	-3.342487e-07	5.026213e-01	2.398518e-07	5.026214e-01	-5.026211e-01
743.32414694203476	2.010462e+00	1.005230e+00	1.005231e+00	1.438440e-06	5.042580e-07	9.341820e-07	-2.149620e-07	-3.606179e-07	5.026154e-01	2.398101e-07	5.026156e-01	-5.026153e-01
743.93430315321518	2.010437e+00	1.005218e+00	1.005219e+00	1.226241e-06	3.977334e-07	8.285074e-07	-2.153870e-07	-3.079777e-07	5.026094e-01	2.397357e-07	5.026095e-01	-5.026093e-01
744.54446194560114	2.010414e+00	1.005207e+00	1.005207e+00	1.368257e-06	4.683310e-07	8.999257e-07	-2.157974e-07	-3.430535e-07	5.026036e-01	2.397019e-07	5.026037e-01	-5.026035e-01
745.15462331225547	2.010391e+00	1.005195e+00	1.005196e+00	1.203670e-06	3.856448e-07	8.180249e-07	-2.161901e-07	-3.023405e-07	5.025977e-01	2.396415e-07	5.025978e-01	-5.025976e-01
745.76478724623064	2.010367e+00	1.005183e+00	1.005184e+00	1.172547e-06	3.696826e-07	8.028642e-07	-2.165908e-07	-2.946573e-07	5.025918e-01	2.395866e-07	5.025919e-01	-5.025917e-01
746.37495374059927	2.010344e+00	1.005172e+00	1.005172e+00	1.130310e-06	3.481945e-07	7.821158e-07	-2.169606e-07	-2.840455e-07	5.025860e-01	2.395682e-07	5.025861e-01	-5.025859e-01
746.98512278845305	2.010321e+00	1.005160e+00	1.005161e+00	1.086533e-06	3.259250e-07	7.606084e-07	-2.173417e-07	-2.730899e-07	5.025802e-01	2.395427e-07	5.025804e-01	-5.025801e-01
747.59529438282777	2.010298e+00	1.005149e+00	1.005149e+00	1.038143e-06	3.013547e-07	7.367882e-07	-2.177168e-07	-2.610317e-07	5.025745e-01	2.395210e-07	5.025746e-01	-5.025743e-01
748.2054685168672	2.010275e+00	1.005137e+00	1.005138e+00	9.850733e-07	2.744465e-07	7.106268e-07	-2.180901e-07	-2.477369e-07	5.025687e-01	2.394612e-07	5.025688e-01	-5.025686e-01
748.81564518377081	2.010252e+00	1.005126e+00	1.005126e+00	9.494693e-07	2.562812e-07	6.931880e-07	-2.184534e-07	-2.387707e-07	5.025629e-01	2.394645e-07	5.025631e-01	-5.025628e-01
749.42582437669796	2.010229e+00	1.005114e+00	1.005115e+00	9.123578e-07	2.373701e-07	6.749877e-07	-2.188088e-07	-2.295839e-07	5.025572e-01	2.394266e-07	5.025573e-01	-5.025571e-01
750.0360060888836	2.010206e+00	1.005103e+00	1.005103e+00	8.724084e-07	2.170434e-07	6.553650e-07	-2.191608e-07	-2.195625e-07	5.025515e-01	2.394031e-07	5.025516e-01	-5.025514e-01
750.64619031355699	2.010183e+00	1.005091e+00	1.005092e+00	8.181665e-07	1.895757e-07	6.285908e-07	-2.195076e-07	-2.056075e-07	5.025458e-01	2.393565e-07	5.025459e-01	-5.025457e-01
751.25637704365886	2.010160e+00	1.005080e+00	1.005080e+00	7.797953e-07	1.700447e-07	6.097506e-07	-2.198530e-07	-1.961640e-07	5.025401e-01	2.392997e-07	5.025402e-01	-5.025400e-01
751.86656627276943	2.010138e+00	1.005069e+00	1.005069e+00	7.376279e-07	1.486196e-07	5.890083e-07	-2.201943e-07	-1.855918e-07	5.025344e-01	2.392255e-07	5.025346e-01	-5.025343e-01
752.47675799423257	2.010115e+00	1.005057e+00	1.005058e+00	6.805049e-07	1.197415e-07	5.607634e-07	-2.205110e-07	-1.713969e-07	5.025288e-01	2.392491e-07	5.025289e-01	-5.025287e-01
753.08695220139009	2.010092e+00	1.005046e+00	1.005046e+00	6.411521e-07	9.975069e-08	5.414014e-07	-2.208254e-07	-1.615434e-07	5.025232e-01	2.391841e-07	5.025233e-01	-5.025230e-01
753.69714888758745	2.010070e+00	1.005035e+00	1.005035e+00	6.035029e-07	8.061978e-08	5.228831e-07	-2.211317e-07	-1.520630e-07	5.025175e-01	2.391608e-07	5.025176e-01	-5.025174e-01
754.30734804619487	2.010048e+00	1.005024e+00	1.005024e+00	5.467867e-07	5.196018e-08	4.948265e-07	-2.214332e-07	-1.378868e-07	5.025119e-01	2.391121e-07	5.025120e-01	-5.025118e-01
754.91754967060956	2.010025e+00	1.005012e+00	1.005013e+00	5.060398e-07	3.129169e-08	4.747481e-07	-2.217282e-07	-1.276877e-07	5.025063e-01	2.390828e-07	5.025064e-01	-5.025062e-01
755.52775375424892	2.010003e+00	1.005001e+00	1.005002e+00	4.656711e-07	1.082099e-08	4.548501e-07	-2.220146e-07	-1.176216e-07	5.025007e-01	2.390392e-07	5.025009e-01	-5.025006e-01
756.13796029055152	2.009981e+00	1.004990e+00	1.004990e+00	4.347305e-07	-4.930204e-09	4.396607e-07	-2.222955e-07	-1.098764e-07	5.024952e-01	2.390154e-07	5.024953e-01	-5.024951e-01
756.74816927295785	2.009958e+00	1.004979e+00	1.004979e+00	4.038768e-07	-2.063326e-08	4.245100e-07	-2.225716e-07	-1.021990e-07	5.024896e-01	2.389743e-07	5.024897e-01	-5.024895e-01
757.35838069492559	2.009937e+00	1.004968e+00	1.004968e+00	3.068092e-07	-6.943633e-08	3.762455e-07	-2.228409e-07	-7.751259e-08	5.024842e-01	2.389273e-07	5.024843e-01	-5.024841e-01
757.96859455001822	2.009914e+00	1.004957e+00	1.004957e+00	2.248096e-07	-1.107150e-07	3.355246e-07	-2.231198e-07	-5.747316e-08	5.024786e-01	2.388905e-07	5.024787e-01	-5.024784e-01
758.57881083170071	2.009892e+00	1.004946e+00	1.004946e+00	1.659894e-07	-1.403515e-07	3.063409e-07	-2.233462e-07	-4.268197e-08	5.024731e-01	2.388807e-07	5.024732e-01	-5.024729e-01
759.18902953360634	2.009870e+00	1.004935e+00	1.004935e+00	1.917015e-07	-1.277390e-07	3.194404e-07	-2.235897e-07	-4.885496e-08	5.024676e-01	2.388100e-07	5.024677e-01	-5.024675e-01
759.79925064929023	2.009848e+00	1.004924e+00	1.004924e+00	1.619427e-07	-1.428845e-07	3.048271e-07	-2.238558e-07	-4.172160e-08	5.024621e-01	2.388189e-07	5.024622e-01	-5.024620e-01
760.40947417227562	2.009826e+00	1.004913e+00	1.004913e+00	1.231295e-07	-1.624963e-07	2.856257e-07	-2.240610e-07	-3.198231e-08	5.024566e-01	2.387739e-07	5.024567e-01	-5.024565e-01
761.01970009621334	2.009805e+00	1.004902e+00	1.004902e+00	7.758375e-08	-1.854899e-07	2.630737e-07	-2.242818e-07	-2.060627e-08	5.024512e-01	2.387514e-07	5.024513e-01	-5.024510e-01
761.62992841473317	2.009783e+00	1.004891e+00	1.004891e+00	4.107732e-08	-2.039624e-07	2.450397e-07	-2.245011e-07	-1.145718e-08	5.024457e-01	2.387071e-07	5.024458e-01	-5.024456e-01
762.24015912148479	2.009761e+00	1.004881e+00	1.004881e+00	-3.290493e-09	-2.263542e-07	2.230637e-07	-2.247090e-07	-3.406976e-10	5.024403e-01	2.386885e-07	5.024404e-01	-5.024402e-01
762.85039221014767	2.009740e+00	1.004870e+00	1.004870e+00	-4.393807e-08	-2.468829e-07	2.029448e-07	-2.249138e-07	9.804526e-09	5.024349e-01	2.386458e-07	5.024350e-01	-5.024348e-01
763.46062767441913	2.009718e+00	1.004859e+00	1.004859e+00	-8.502306e-08	-2.676201e-07	1.825971e-07	-2.251086e-07	2.010228e-08	5.024295e-01	2.386187e-07	5.024296e-01	-5.024294e-01
764.0708655080175	2.009696e+00	1.004848e+00	1.004848e+00	-1.248096e-07	-2.877025e-07	1.628929e-07	-2.252977e-07	3.002061e-08	5.024241e-01	2.385834e-07	5.024243e-01	-5.024240e-01
764.68110570467957	2.009675e+00	1.004838e+00	1.004837e+00	-1.652141e-07	-3.080866e-07	1.428725e-07	-2.254795e-07	4.013606e-08	5.024188e-01	2.385631e-07	5.024189e-01	-5.024187e-01
765.29134825816118	2.009654e+00	1.004827e+00	1.004827e+00	-2.037586e-07	-3.275343e-07	1.237757e-07	-2.256550e-07	4.975014e-08	5.024134e-01	2.385289e-07	5.024136e-01	-5.024133e-01
765.90159316222332	2.009632e+00	1.004816e+00	1.004816e+00	-2.418282e-07	-3.467373e-07	1.049091e-07	-2.258232e-07	5.927987e-08	5.024081e-01	2.385076e-07	5.024082e-01	-5.024080e-01
766.51184041069132	2.009611e+00	1.004806e+00	1.004805e+00	-2.700484e-07	-3.610081e-07	9.095975e-08	-2.259839e-07	6.633420e-08	5.024028e-01	2.384706e-07	5.024029e-01	-5.024027e-01
767.12208999739084	2.009590e+00	1.004795e+00	1.004795e+00	-3.330039e-07	-3.926385e-07	5.963452e-08	-2.261365e-07	8.207382e-08	5.023974e-01	2.384517e-07	5.023976e-01	-5.023973e-01
767.73234191618951	2.009569e+00	1.004784e+00	1.004784e+00	-3.644528e-07	-4.085061e-07	4.405324e-08	-2.262797e-07	8.993340e-08	5.023922e-01	2.384168e-07	5.023923e-01	-5.023920e-01
768.34259616096256	2.009547e+00	1.004774e+00	1.004774e+00	-3.970650e-07	-4.249521e-07	2.788709e-08	-2.264196e-07	9.811787e-08	5.023869e-01	2.383954e-07	5.023870e-01	-5.023868e-01
768.95285272558158	2.009526e+00	1.004763e+00	1.004763e+00	-4.335159e-07	-4.433087e-07	9.792852e-09	-2.265508e-07	1.072121e-07	5.023816e-01	2.383586e-07	5.023817e-01	-5.023815e-01
769.56311160393932	2.009505e+00	1.004753e+00	1.004753e+00	-4.856149e-07	-4.694817e-07	-1.613319e-08	-2.266743e-07	1.202512e-07	5.023764e-01	2.383388e-07	5.023765e-01	-5.023762e-01
770.17337278998059	2.009484e+00	1.004742e+00	1.004742e+00	-5.171401e-07	-4.853612e-07	-3.177893e-08	-2.267911e-07	1.280030e-07	5.023711e-01	2.383231e-07	5.023713e-01	-5.023710e-01
770.78363627766987	2.009464e+00	1.004732e+00	1.004732e+00	-5.584012e-07	-5.060862e-07	-5.231502e-08	-2.268856e-07	1.384444e-07	5.023659e-01	2.382832e-07	5.023660e-01	-5.023658e-01
771.39390206096209	2.009443e+00	1.004722e+00	1.004721e+00	-6.013849e-07	-5.276853e-07	-7.369958e-08	-2.269929e-07	1.490675e-07	5.023607e-01	2.382719e-07	5.023608e-01	-5.023606e-01
772.00417013382582	2.009422e+00	1.004711e+00	1.004711e+00	-6.507465e-07	-5.524535e-07	-9.829295e-08	-2.270803e-07	1.618507e-07	5.023555e-01	2.381848e-07	5.023556e-01	-5.023554e-01
772.61444049022089	2.009401e+00	1.004701e+00	1.004700e+00	-6.822045e-07	-5.682778e-07	-1.139268e-07	-2.271755e-07	1.696615e-07	5.023503e-01	2.381039e-07	5.023504e-01	-5.023502e-01
773.22471312418884	2.009380e+00	1.004690e+00	1.004690e+00	-7.199089e-07	-5.872088e-07	-1.327000e-07	-2.272544e-07	1.791026e-07	5.023451e-01	2.380935e-07	5.023453e-01	-5.023450e-01
773.83498802984536	2.009360e+00	1.004680e+00	1.004680e+00	-7.429308e-07	-5.987903e-07	-1.441405e-07	-2.273249e-07	1.848622e-07	5.023400e-01	2.380599e-07	5.023401e-01	-5.023399e-01
774.44526520127033	2.009340e+00	1.004670e+00	1.004670e+00	-7.017375e-07	-5.782545e-07	-1.234830e-07	-2.273858e-07	1.752392e-07	5.023350e-01	2.380154e-07	5.023351e-01	-5.023349e-01
775.05554463252633	2.009319e+00	1.004660e+00	1.004659e+00	-8.964774e-07	-6.757287e-07	-2.207488e-07	-2.274900e-07	2.239851e-07	5.023299e-01	2.379977e-07	5.023300e-01	-5.023298e-01
775.66582631764891	2.009299e+00	1.004650e+00	1.004649e+00	-9.697580e-07	-7.124193e-07	-2.573387e-07	-2.275403e-07	2.417059e-07	5.023247e-01	2.379773e-07	5.023248e-01	-5.023246e-01
776.27611025082433	2.009278e+00	1.004639e+00	1.004639e+00	-8.841439e-07	-6.696364e-07	-2.145075e-07	-2.275644e-07	2.208998e-07	5.023196e-01	2.379547e-07	5.023198e-01	-5.023195e-01
776.88639642622911	2.009258e+00	1.004629e+00	1.004629e+00	-1.018840e-06	-7.370243e-07	-2.818157e-07	-2.276043e-07	2.541540e-07	5.023145e-01	2.379317e-07	5.023146e-01	-5.023144e-01
777.49668483797723	2.009238e+00	1.004619e+00	1.004619e+00	-8.557179e-07	-6.554792e-07	-2.002387e-07	-2.276203e-07	2.134534e-07	5.023095e-01	2.379599e-07	5.023096e-01	-5.023094e-01
778.10697548026053	2.009217e+00	1.004609e+00	1.004608e+00	-1.013571e-06	-7.344262e-07	-2.791446e-07	-2.276408e-07	2.531547e-07	5.023044e-01	2.379072e-07	5.023045e-01	-5.023043e-01
778.71726834720175	2.009197e+00	1.004599e+00	1.004598e+00	-1.052307e-06	-7.538224e-07	-2.984848e-07	-2.276688e-07	2.622087e-07	5.022992e-01	2.378930e-07	5.022993e-01	-5.022991e-01
779.32756343307256	2.009177e+00	1.004589e+00	1.004588e+00	-1.087150e-06	-7.712091e-07	-3.159411e-07	-2.276340e-07	2.709261e-07	5.022942e-01	2.378939e-07	5.022943e-01	-5.022941e-01
779.93786073217609	2.009157e+00	1.004579e+00	1.004578e+00	-1.123495e-06	-7.893778e-07	-3.341170e-07	-2.276304e-07	2.800007e-07	5.022892e-01	2.378827e-07	5.022893e-01	-5.022890e-01
780.54816023875378	2.009137e+00	1.004569e+00	1.004568e+00	-1.155702e-06	-8.054765e-07	-3.502255e-07	-2.276255e-07	2.880437e-07	5.022842e-01	2.378738e-07	5.022843e-01	-5.022840e-01
781.15846194707797	2.009117e+00	1.004559e+00	1.004558e+00	-1.169629e-06	-8.124275e-07	-3.572011e-07	-2.276132e-07	2.915503e-07	5.022792e-01	2.378442e-07	5.022793e-01	-5.022791e-01
781.76876585141531	2.009097e+00	1.004549e+00	1.004548e+00	-1.197813e-06	-8.264982e-07	-3.713145e-07	-2.275918e-07	2.985445e-07	5.022742e-01	2.378439e-07	5.022743e-01	-5.022741e-01
782.37907194608556	2.009077e+00	1.004539e+00	1.004538e+00	-1.236780e-06	-8.459576e-07	-3.908228e-07	-2.275674e-07	3.083628e-07	5.022692e-01	2.378304e-07	5.022693e-01	-5.022691e-01
782.98938022544235	2.009057e+00	1.004529e+00	1.004528e+00	-1.263616e-06	-8.593386e-07	-4.042776e-07	-2.275305e-07	3.152906e-07	5.022643e-01	2.377889e-07	5.022644e-01	-5.022642e-01
783.59969068386147	2.009037e+00	1.004519e+00	1.004518e+00	-1.289977e-06	-8.725021e-07	-4.174753e-07	-2.275134e-07	3.215796e-07	5.022593e-01	2.377830e-07	5.022594e-01	-5.022592e-01
784.21000331565574	2.009018e+00	1.004509e+00	1.004508e+00	-1.331459e-06	-8.931642e-07	-4.382950e-07	-2.274346e-07	3.322709e-07	5.022544e-01	2.377723e-07	5.022546e-01	-5.022543e-01
784.82031811525701	2.008998e+00	1.004499e+00	1.004499e+00	-1.327282e-06	-8.910480e-07	-4.362341e-07	-2.274070e-07	3.311030e-07	5.022495e-01	2.377506e-07	5.022496e-01	-5.022494e-01
785.43063507702277	2.008978e+00	1.004489e+00	1.004489e+00	-1.390090e-06	-9.223784e-07	-4.677118e-07	-2.273333e-07	3.469062e-07	5.022446e-01	2.377090e-07	5.022447e-01	-5.022445e-01
786.04095419541011	2.008959e+00	1.004480e+00	1.004479e+00	-1.414089e-06	-9.343122e-07	-4.797771e-07	-2.272675e-07	3.527351e-07	5.022397e-01	2.376913e-07	5.022398e-01	-5.022395e-01
786.65127546485712	2.008939e+00	1.004470e+00	1.004469e+00	-1.444730e-06	-9.495358e-07	-4.951941e-07	-2.271708e-07	3.603677e-07	5.022348e-01	2.377068e-07	5.022349e-01	-5.022347e-01
787.26159887985989	2.008920e+00	1.004460e+00	1.004459e+00	-1.473133e-06	-9.636510e-07	-5.094824e-07	-2.270843e-07	3.674401e-07	5.022299e-01	2.376768e-07	5.022300e-01	-5.022298e-01
787.87192443489141	2.008900e+00	1.004450e+00	1.004450e+00	-1.499705e-06	-9.768464e-07	-5.228586e-07	-2.269939e-07	3.740987e-07	5.022250e-01	2.376935e-07	5.022252e-01	-5.022249e-01
788.48225212444322	2.008881e+00	1.004441e+00	1.004440e+00	-1.512717e-06	-9.832537e-07	-5.294637e-07	-2.268950e-07	3.775541e-07	5.022203e-01	2.377056e-07	5.022204e-01	-5.022201e-01
789.09258194304221	2.008862e+00	1.004431e+00	1.004431e+00	-1.602598e-06	-1.028099e-06	-5.744991e-07	-2.267997e-07	4.005906e-07	5.022155e-01	2.376184e-07	5.022156e-01	-5.022154e-01
789.7029138851949	2.008842e+00	1.004422e+00	1.004421e+00	-1.641885e-06	-1.047656e-06	-5.942294e-07	-2.267131e-07	4.098748e-07	5.022106e-01	2.376562e-07	5.022107e-01	-5.022105e-01
790.31324794548311	2.008823e+00	1.004412e+00	1.004411e+00	-1.627155e-06	-1.040152e-06	-5.870031e-07	-2.265744e-07	4.065613e-07	5.022058e-01	2.374225e-07	5.022059e-01	-5.022057e-01
790.9235841185988	2.008804e+00	1.004402e+00	1.004401e+00	-1.660316e-06	-1.056605e-06	-6.037114e-07	-2.264466e-07	4.145400e-07	5.022009e-01	2.374810e-07	5.022010e-01	-5.022008e-01
791.53392239900802	2.008785e+00	1.004393e+00	1.004392e+00	-1.681980e-06	-1.067277e-06	-6.147028e-07	-2.262872e-07	4.200189e-07	5.021962e-01	2.374758e-07	5.021963e-01	-5.021960e-01
792.14426278133794	2.008765e+00	1.004383e+00	1.004382e+00	-1.706198e-06	-1.079241e-06	-6.269575e-07	-2.261416e-07	4.261355e-07	5.021914e-01	2.375122e-07	5.021915e-01	-5.021913e-01
792.75460526018071	2.008746e+00	1.004374e+00	1.004373e+00	-1.734947e-06	-1.093469e-06	-6.414771e-07	-2.259961e-07	4.332783e-07	5.021866e-01	2.374616e-07	5.021867e-01	-5.021865e-01
793.3649498301761	2.008727e+00	1.004364e+00	1.004363e+00	-1.762073e-06	-1.106880e-06	-6.551932e-07	-2.258433e-07	4.399945e-07	5.021819e-01	2.374771e-07	5.021820e-01	-5.021818e-01
793.97529648599232	2.008709e+00	1.004355e+00	1.004354e+00	-1.791184e-06	-1.121271e-06	-6.699129e-07	-2.256790e-07	4.474444e-07	5.021772e-01	2.374677e-07	5.021773e-01	-5.021771e-01
794.58564522233132	2.008690e+00	1.004345e+00	1.004344e+00	-1.817378e-06	-1.134226e-06	-6.831520e-07	-2.255371e-07	4.538106e-07	5.021724e-01	2.374532e-07	5.021725e-01	-5.021723e-01
795.19599603386462	2.008671e+00	1.004336e+00	1.004335e+00	-1.857814e-06	-1.154242e-06	-7.035715e-07	-2.253354e-07	4.641036e-07	5.021678e-01	2.374517e-07	5.021679e-01	-5.021676e-01
795.80634891534328	2.008652e+00	1.004327e+00	1.004326e+00	-1.887043e-06	-1.168697e-06	-7.183459e-07	-2.251757e-07	4.714449e-07	5.021631e-01	2.374605e-07	5.021632e-01	-5.021629e-01
796.41670386143392	2.008633e+00	1.004317e+00	1.004316e+00	-1.910932e-06	-1.180450e-06	-7.304820e-07	-2.249839e-07	4.771772e-07	5.021583e-01	2.374333e-07	5.021584e-01	-5.021582e-01
797.02706086687601	2.008615e+00	1.004308e+00	1.004307e+00	-1.937533e-06	-1.193536e-06	-7.439974e-07	-2.247692e-07	4.840347e-07	5.021537e-01	2.374714e-07	5.021538e-01	-5.021535e-01
797.6374199264659	2.008596e+00	1.004298e+00	1.004297e+00	-1.963821e-06	-1.206469e-06	-7.573516e-07	-2.245588e-07	4.906476e-07	5.021490e-01	2.374415e-07	5.021491e-01	-5.021489e-01
798.24778103498568	2.008577e+00	1.004289e+00	1.004288e+00	-1.989073e-06	-1.218881e-06	-7.701924e-07	-2.243442e-07	4.969800e-07	5.021443e-01	2.374424e-07	5.021445e-01	-5.021442e-01
798.85814418724067	2.008559e+00	1.004280e+00	1.004279e+00	-2.010053e-06	-1.229157e-06	-7.808960e-07	-2.241305e-07	5.020796e-07	5.021397e-01	2.374094e-07	5.021398e-01	-5.021396e-01
799.46850937801923	2.008540e+00	1.004271e+00	1.004270e+00	-2.028727e-06	-1.238269e-06	-7.904585e-07	-2.239051e-07	5.068451e-07	5.021351e-01	2.374017e-07	5.021352e-01	-5.021350e-01
800.07887660215704	2.008522e+00	1.004261e+00	1.004260e+00	-2.049863e-06	-1.248632e-06	-8.012307e-07	-2.237006e-07	5.121493e-07	5.021305e-01	2.373792e-07	5.021306e-01	-5.021304e-01
