/*--------------------------------*- C++ -*----------------------------------*\
| =========                 |                                                 |
| \\      /  F ield         | OpenFOAM: The Open Source CFD Toolbox           |
|  \\    /   O peration     | Version:  2512                                  |
|   \\  /    A nd           | Website:  www.openfoam.com                      |
|    \\/     M anipulation  |                                                 |
\*---------------------------------------------------------------------------*/
FoamFile
{
    version     2.0;
    format      ascii;
    arch        "LSB;label=32;scalar=64";
    class       pointSet;
    location    "constant/polyMesh/sets";
    object      nonAlignedEdges;
}
// * * * * * * * * * * * * * * * * * * * * * * * * * * * * * * * * * * * * * //


440
(
12294
12296
12297
12298
12299
12300
12301
12302
12303
12304
12305
12306
12308
9261
9262
9263
9264
9265
11317
11318
11319
11320
11321
11322
11323
11324
11325
11326
11328
11329
8264
8265
8266
8267
8268
8269
8270
8271
18512
8272
8273
8274
18514
18515
2131
8275
8276
2132
18516
18517
2133
8277
18518
2134
8278
2135
18519
8279
2136
18520
8280
8281
8282
18522
8283
8284
8285
8286
8287
8291
8292
8293
8294
8295
8296
8297
8298
8299
8300
8301
8302
8303
8304
8305
8306
9330
8307
9331
9332
8308
8309
9333
8310
8311
8312
8313
8314
8315
8316
8317
8318
8319
8320
8321
8323
8324
8325
8326
8327
8328
8329
8330
8331
8332
8333
8334
8335
8336
8337
8338
8339
2229
2230
2231
2232
9400
8376
2233
8377
9401
8378
2234
9402
8379
9403
2235
8380
2236
2237
8381
8382
8383
8384
8385
8386
8387
8388
8389
8390
8391
8392
8393
8394
8396
8397
8398
8399
8400
8401
12497
8402
12499
8403
8404
12500
12501
8405
8406
12502
18646
8407
12503
8408
18648
12504
18649
12505
8409
8410
18650
12506
12507
18651
8411
12508
18652
8412
8413
18653
12509
18654
8414
8415
8416
12512
8417
8418
8419
8420
8421
8422
8423
11518
11519
11520
11521
11522
11523
11524
11525
11526
11527
11528
11529
11530
2331
2332
2333
2334
2335
2336
2337
17718
17719
17721
17722
17723
17725
18784
18786
18787
18788
18789
18790
18791
18792
18793
2433
2434
2435
2436
2437
19864
19865
19866
19867
12707
12709
12710
12711
12712
12713
12715
12716
19884
12717
19885
19886
12718
19887
12721
19903
19904
11713
17857
19905
17858
19906
17859
11716
17860
17861
11717
17862
11718
17863
11719
17864
11720
11721
11722
17866
19919
19920
19921
19922
19923
19924
19935
19936
19937
19938
19949
19950
18927
19951
19952
18931
19963
19964
19965
19966
19967
19968
19981
19982
19983
19984
19999
20000
20001
20002
20003
20004
20020
20021
20022
20023
17994
17995
17996
17997
17998
17999
18000
18002
18004
8794
8795
8796
8797
1634
1635
1636
1637
1638
11908
11909
11910
11911
11913
11914
10900
10906
8864
8865
8866
8867
1734
1735
1736
1737
1738
1739
1740
18126
18127
18128
18129
18130
18131
18132
18134
8933
8934
8935
8936
8937
8999
9000
9001
1834
9002
9003
1835
9004
1836
1837
1838
1839
1840
1841
1842
12097
12100
12101
12102
12103
12104
12105
12106
12107
12108
18256
18258
18259
18260
11108
11109
11110
11111
11112
11113
9065
11114
9066
11115
9067
9068
11116
11117
11118
11119
11121
11122
1935
1936
1937
1938
1939
1940
9129
9130
9131
9132
18384
18385
18386
18387
18388
18390
9193
9194
9195
9196
9197
9198
2033
2037
2038
)


// ************************************************************************* //
